Date,Ticker,Name,Remarks,Previous,Open,High,Low,Close,Change,Volume,Value,Frequency,IndexIndividual,Offer,OfferVolume,Bid,BidVolume,ListedShares,TradebleShares,WeightForIndex,ForeignSell,ForeignBuy,NonRegularVolume,NonRegularValue,NonRegularFrequency
2026-05-29,DILD,Intiland Development Tbk.,--MO1135000000H111------------,120.0,122.0,122.0,120.0,120.0,0.0,8645400,1042831600,677,20.9,121,1510400,120,6693200,10365854185,10365854185,4041646547,3382400,37200,434877500,53489932500,1
2026-05-26,DILD,Intiland Development Tbk.,--MO1135000000H111------------,122.0,122.0,122.0,120.0,120.0,-2.0,9202000,1114050000,792,20.9,121,4000,120,5034800,10365854185,10365854185,4041646547,2500600,223700,470000000,57810000000,1
2026-05-25,DILD,Intiland Development Tbk.,--MO1135000000H111------------,120.0,121.0,123.0,120.0,122.0,2.0,12269100,1490779600,903,21.3,122,417200,121,611400,10365854185,10365854185,4041646547,863500,885300,0,0,0
2026-05-22,DILD,Intiland Development Tbk.,--MO1135000000H111------------,121.0,121.0,121.0,118.0,120.0,-1.0,17746900,2110736200,1444,20.9,121,606100,120,435000,10365854185,10365854185,4041646547,2011900,1843400,500000000,61500000000,1
2026-05-21,DILD,Intiland Development Tbk.,--MO1135000000H111------------,123.0,123.0,124.0,120.0,121.0,-2.0,19395200,2347022000,1473,21.1,121,1029600,120,3800700,10365854185,10365854185,4041646547,3845300,672000,0,0,0
2026-05-20,DILD,Intiland Development Tbk.,--MO1135000000H111------------,123.0,123.0,125.0,122.0,123.0,0.0,24427600,3006775500,1225,21.4,123,363300,122,5333400,10365854185,10365854185,4041646547,2705000,1366400,0,0,0
2026-05-19,DILD,Intiland Development Tbk.,--MO1135000000H111------------,123.0,124.0,126.0,122.0,123.0,0.0,25516300,3153118700,1506,21.4,124,1222800,123,475800,10365854185,10365854185,4041646547,2926700,1520000,30,3720,1
2026-05-18,DILD,Intiland Development Tbk.,--MO1135000000H111------------,123.0,125.0,125.0,122.0,123.0,0.0,18908300,2335710000,1302,21.4,124,935600,123,3394800,10365854185,10365854185,4041646547,2576500,396700,0,0,0
2026-05-13,DILD,Intiland Development Tbk.,--MO1135000000H111------------,125.0,125.0,126.0,123.0,123.0,-2.0,20793000,2578392400,953,21.4,125,1272900,123,3379900,10365854185,10365854185,4041646547,5641500,724800,0,0,0
2026-05-12,DILD,Intiland Development Tbk.,--MO1135000000H111------------,126.0,126.0,126.0,123.0,125.0,-1.0,16584500,2062602600,1184,21.8,125,867600,124,199000,10365854185,10365854185,4041646547,3525000,972600,0,0,0
2026-05-11,DILD,Intiland Development Tbk.,--MO1135000000H111------------,126.0,126.0,127.0,124.0,126.0,0.0,16827300,2111530400,919,22.0,127,217600,126,501400,10365854185,10365854185,4041646547,5222600,1527700,0,0,0
2026-05-08,DILD,Intiland Development Tbk.,--MO1135000000H111------------,128.0,128.0,128.0,125.0,126.0,-2.0,24165300,3045545200,1188,22.0,127,298900,126,566600,10365854185,10365854185,4041646547,7104100,895400,1404877500,177014565000,1
2026-05-07,DILD,Intiland Development Tbk.,--MO1135000000H111------------,126.0,127.0,129.0,126.0,128.0,2.0,19786000,2516710200,743,22.3,128,301600,127,490200,10365854185,10365854185,4041646547,2197000,1768800,0,0,0
2026-05-06,DILD,Intiland Development Tbk.,--MO1135000000H111------------,127.0,127.0,128.0,125.0,126.0,-1.0,20461800,2584826700,1246,22.0,127,798900,126,1739000,10365854185,10365854185,4041646547,3164800,1639900,0,0,0
2026-05-05,DILD,Intiland Development Tbk.,--MO1135000000H111------------,129.0,129.0,129.0,127.0,127.0,-2.0,18078900,2307905100,1118,22.1,128,319000,127,311200,10365854185,10365854185,4041646547,3569500,1472900,0,0,0
2026-05-04,DILD,Intiland Development Tbk.,--MO1135000000H111------------,130.0,130.0,131.0,128.0,129.0,-1.0,26272800,3391039300,869,22.5,130,2260200,129,795600,10365854185,10365854185,4041646547,4347400,3085800,0,0,0
2026-04-30,DILD,Intiland Development Tbk.,--MO1135000000H111------------,133.0,133.0,134.0,128.0,130.0,-3.0,16277200,2112190900,1002,22.7,130,802700,129,281300,10365854185,10365854185,4041646547,7987300,720300,0,0,0
2026-04-29,DILD,Intiland Development Tbk.,--MO1135000000H111------------,130.0,130.0,134.0,130.0,133.0,3.0,17798300,2358640300,1068,23.2,134,823000,133,197700,10365854185,10365854185,4041646547,3117900,5638300,0,0,0
2026-04-28,DILD,Intiland Development Tbk.,--MO1135000000H111------------,130.0,132.0,132.0,128.0,130.0,0.0,23678900,3086037100,975,22.7,131,216600,130,161900,10365854185,10365854185,4041646547,7480800,2109600,0,0,0
2026-04-27,DILD,Intiland Development Tbk.,--MO1135000000H111------------,129.0,129.0,132.0,129.0,130.0,1.0,21094300,2743353200,971,22.7,130,818300,129,2623800,10365854185,10365854185,4041646547,2501600,8245000,0,0,0
2026-04-24,DILD,Intiland Development Tbk.,--MO1135000000H111------------,134.0,134.0,135.0,128.0,129.0,-5.0,25447100,3323728900,1596,22.5,129,353800,128,1187100,10365854185,10365854185,4041646547,4970200,4320000,0,0,0
2026-04-23,DILD,Intiland Development Tbk.,--MO1135000000H111------------,137.0,138.0,140.0,132.0,134.0,-3.0,42949300,5801377100,2071,23.4,135,327500,134,519400,10365854185,10365854185,4041646547,11582800,13242200,0,0,0
2026-04-22,DILD,Intiland Development Tbk.,--MO1135000000H111------------,131.0,131.0,139.0,131.0,137.0,6.0,65420700,8925525100,3134,23.9,138,117400,137,461200,10365854185,10365854185,4041646547,7239500,12923100,0,0,0
2026-04-21,DILD,Intiland Development Tbk.,--MO1135000000H111------------,128.0,128.0,132.0,128.0,131.0,3.0,12379500,1607517900,955,22.8,131,256700,130,1136600,10365854185,10365854185,4041646547,2164300,3867500,0,0,0
2026-04-20,DILD,Intiland Development Tbk.,--MO1135000000H111------------,131.0,130.0,131.0,128.0,128.0,-3.0,15171900,1958169900,1090,22.3,129,113100,128,1060800,10365854185,10365854185,4041646547,4638200,2622800,0,0,0
2026-04-17,DILD,Intiland Development Tbk.,--MO1135000000H111------------,131.0,131.0,132.0,130.0,131.0,0.0,10393600,1357748800,847,22.8,131,836200,130,2425400,10365854185,10365854185,4041646547,1926600,2375300,0,0,0
2026-04-16,DILD,Intiland Development Tbk.,--MO1135000000H111------------,129.0,130.0,133.0,127.0,131.0,2.0,28280400,3671684000,1494,22.8,131,2674400,130,551300,10365854185,10365854185,4041646547,6077000,8190400,0,0,0
2026-04-15,DILD,Intiland Development Tbk.,--MO1135000000H111------------,128.0,129.0,133.0,127.0,129.0,1.0,51271700,6674368400,2110,22.5,129,632500,128,136900,10365854185,10365854185,4041646547,5623500,14351400,0,0,0
2026-04-14,DILD,Intiland Development Tbk.,--MO1135000000H111------------,126.0,126.0,130.0,126.0,128.0,2.0,33110400,4235428100,1532,22.3,129,1996000,128,1921500,10365854185,10365854185,4041646547,4983900,12326400,0,0,0
2026-04-13,DILD,Intiland Development Tbk.,--MO1135000000H111------------,125.0,125.0,129.0,123.0,126.0,1.0,31197900,3930577100,1603,22.0,126,1209600,125,1238100,10365854185,10365854185,4041646547,1375600,10487800,0,0,0
2026-04-10,DILD,Intiland Development Tbk.,--MO1135000000H111------------,124.0,125.0,126.0,124.0,125.0,1.0,22071600,2754749400,1074,21.8,126,1208400,125,351200,10365854185,10365854185,4041646547,2655200,5217000,87,10788,1
2026-04-09,DILD,Intiland Development Tbk.,--MO1135000000H111------------,127.0,127.0,127.0,123.0,124.0,-3.0,17270800,2146488700,965,21.6,125,665900,124,279900,10365854185,10365854185,4041646547,454300,6105300,0,0,0
2026-04-08,DILD,Intiland Development Tbk.,--MO1135000000H111------------,122.0,123.0,127.0,123.0,127.0,5.0,19371900,2421513200,934,22.1,127,1675900,126,155000,10365854185,10365854185,4041646547,1592700,7273400,0,0,0
2026-04-07,DILD,Intiland Development Tbk.,--MO1135000000H111------------,123.0,123.0,125.0,122.0,122.0,-1.0,18028100,2224939700,810,21.3,123,774000,122,1490400,10365854185,10365854185,4041646547,1812600,4135000,0,0,0
2026-04-06,DILD,Intiland Development Tbk.,--MO1135000000H111------------,123.0,124.0,125.0,123.0,123.0,0.0,16278600,2014334700,950,21.4,124,430000,123,1067300,10365854185,10365854185,4041646547,863100,1138500,0,0,0
2026-04-02,DILD,Intiland Development Tbk.,--MO1135000000H111------------,125.0,125.0,126.0,123.0,123.0,-2.0,18299300,2262793700,767,21.4,124,126900,123,275300,10365854185,10365854185,4041646547,1182300,3465600,0,0,0
2026-04-01,DILD,Intiland Development Tbk.,--MO1135000000H111------------,123.0,123.0,126.0,123.0,125.0,2.0,13195600,1636720200,782,21.8,125,1078000,124,236400,10365854185,10365854185,4041646547,1898300,2005900,0,0,0
2026-03-31,DILD,Intiland Development Tbk.,--MO1135000000H111------------,124.0,124.0,125.0,122.0,123.0,-1.0,21163300,2604731800,1208,21.4,123,206200,122,644100,10365854185,10365854185,4045792888,9172200,2621100,0,0,0
2026-03-30,DILD,Intiland Development Tbk.,--MO1135000000H111------------,126.0,127.0,127.0,122.0,124.0,-2.0,15952000,1976887800,1228,21.6,125,231100,124,863100,10365854185,10365854185,4045792888,9262300,1650200,0,0,0
2026-03-27,DILD,Intiland Development Tbk.,--MO1135000000H111------------,126.0,126.0,126.0,124.0,126.0,0.0,7437500,930925500,734,22.0,126,1621000,125,92500,10365854185,10365854185,4045792888,2082900,1867600,0,0,0
2026-03-26,DILD,Intiland Development Tbk.,--MO1135000000H111------------,128.0,129.0,130.0,124.0,126.0,-2.0,21862800,2749064200,1291,22.0,126,184300,125,81700,10365854185,10365854185,4045792888,1726000,5064600,0,0,0
2026-03-25,DILD,Intiland Development Tbk.,--MO1135000000H111------------,127.0,127.0,129.0,126.0,128.0,1.0,12155300,1553194600,956,22.3,129,683500,128,21300,10365854185,10365854185,4045792888,1245500,2352900,0,0,0
2026-03-17,DILD,Intiland Development Tbk.,--MO1135000000H111------------,126.0,122.0,127.0,122.0,127.0,1.0,11251700,1408803600,838,22.1,127,1541100,126,30500,10365854185,10365854185,4045792888,749900,2530000,0,0,0
2026-03-16,DILD,Intiland Development Tbk.,--MO1135000000H111------------,127.0,127.0,128.0,123.0,126.0,-1.0,17402100,2191159000,1027,22.0,126,596900,125,173500,10365854185,10365854185,4045792888,1807600,4080800,0,0,0
2026-03-13,DILD,Intiland Development Tbk.,--MO1135000000H111------------,127.0,128.0,128.0,125.0,127.0,0.0,8624200,1088296700,753,22.1,127,1240300,126,151600,10365854185,10365854185,4045792888,3148000,805900,0,0,0
2026-03-12,DILD,Intiland Development Tbk.,--MO1135000000H111------------,128.0,130.0,130.0,126.0,127.0,-1.0,15868300,2017901700,996,22.1,128,2987700,127,152000,10365854185,10365854185,4045792888,3445400,1850000,0,0,0
2026-03-11,DILD,Intiland Development Tbk.,--MO1135000000H111------------,128.0,129.0,131.0,128.0,128.0,0.0,16498900,2132051300,864,22.3,130,350100,128,1607300,10365854185,10365854185,4045792888,1070000,1811200,0,0,0
2026-03-10,DILD,Intiland Development Tbk.,--MO1135000000H111------------,124.0,126.0,129.0,125.0,128.0,4.0,18154400,2303284200,886,22.3,128,144300,127,125000,10365854185,10365854185,4045792888,2771400,2098200,0,0,0
2026-03-09,DILD,Intiland Development Tbk.,--MO1135000000H111------------,130.0,128.0,128.0,123.0,124.0,-6.0,34886500,4367283500,1853,21.6,125,1171500,124,2976300,10365854185,10365854185,4045792888,4586400,4875100,0,0,0
2026-03-06,DILD,Intiland Development Tbk.,--MO1135000000H111------------,130.0,131.0,133.0,127.0,130.0,0.0,25765700,3333116200,2054,22.7,131,63200,130,1293100,10365854185,10365854185,4045792888,4392000,1800500,0,0,0
2026-03-05,DILD,Intiland Development Tbk.,--MO1135000000H111------------,130.0,130.0,133.0,129.0,130.0,0.0,21953400,2860122100,1159,22.7,131,1370100,130,507000,10365854185,10365854185,4045792888,2340100,1152200,0,0,0
2026-03-04,DILD,Intiland Development Tbk.,--MO1135000000H111------------,135.0,135.0,135.0,129.0,130.0,-5.0,43700100,5716716400,1855,22.7,131,648200,130,47000,10365854185,10365854185,4045792888,7505200,5396100,0,0,0
2026-03-03,DILD,Intiland Development Tbk.,--MO1135000000H111------------,133.0,133.0,138.0,132.0,135.0,2.0,16815900,2260592300,915,23.5,135,400,134,1397700,10365854185,10365854185,4045792888,3913700,1769200,0,0,0
2026-03-02,DILD,Intiland Development Tbk.,--MO1135000000H111------------,140.0,137.0,137.0,132.0,133.0,-7.0,52030600,6997095700,2746,23.2,134,445300,133,472800,10365854185,10365854185,4045792888,6153100,12678000,0,0,0
2026-02-27,DILD,Intiland Development Tbk.,--MO1135000000H111------------,141.0,142.0,143.0,140.0,140.0,-1.0,17364500,2447505800,1302,24.4,141,1433600,140,55600,10365854185,10365854185,4045792888,1315200,2373600,0,0,0
2026-02-26,DILD,Intiland Development Tbk.,--MO1135000000H111------------,145.0,145.0,145.0,140.0,141.0,-4.0,23954600,3413974800,1615,24.6,141,259000,140,2875800,10365854185,10365854185,4045792888,5680300,1996900,0,0,0
2026-02-25,DILD,Intiland Development Tbk.,--MO1135000000H111------------,148.0,147.0,147.0,143.0,145.0,-3.0,21476000,3110097900,1476,25.3,146,712400,145,95900,10365854185,10365854185,4045792888,5322200,164500,0,0,0
2026-02-24,DILD,Intiland Development Tbk.,--MO1135000000H111------------,144.0,144.0,151.0,144.0,148.0,4.0,63734200,9457034900,3141,25.8,148,888600,147,323900,10365854185,10365854185,4045792888,10440500,4968500,0,0,0
2026-02-23,DILD,Intiland Development Tbk.,--MO1135000000H111------------,145.0,145.0,146.0,143.0,144.0,-1.0,17123500,2461354300,1352,25.1,145,1877300,144,26300,10365854185,10365854185,4045792888,1405600,990900,0,0,0
2026-02-20,DILD,Intiland Development Tbk.,--MO1135000000H111------------,147.0,147.0,149.0,143.0,145.0,-2.0,17043900,2469289700,1455,25.3,145,771800,144,1192700,10365854185,10365854185,4045792888,3533400,1711900,0,0,0
2026-02-19,DILD,Intiland Development Tbk.,--MO1135000000H111------------,148.0,148.0,149.0,144.0,147.0,-1.0,19779900,2901725000,1615,25.6,148,124300,147,333500,10365854185,10365854185,4045792888,880400,5114300,0,0,0
2026-02-18,DILD,Intiland Development Tbk.,--MO1135000000H111------------,148.0,148.0,151.0,147.0,148.0,0.0,33941900,5044507400,2425,25.8,148,251400,147,1037600,10365854185,10365854185,4045792888,929500,10961100,0,0,0
2026-02-13,DILD,Intiland Development Tbk.,--MO1135000000H111------------,151.0,152.0,153.0,147.0,148.0,-3.0,50279200,7529683900,3473,25.8,148,1023400,147,897900,10365854185,10365854185,4045792888,11147000,1139900,0,0,0
2026-02-12,DILD,Intiland Development Tbk.,--MO1135000000H111------------,141.0,142.0,159.0,142.0,151.0,10.0,150864200,22937992400,9566,26.3,152,676100,151,86400,10365854185,10365854185,4045792888,33049600,12358400,0,0,0
2026-02-11,DILD,Intiland Development Tbk.,--MO1135000000H111------------,139.0,142.0,143.0,139.0,141.0,2.0,20837800,2951675200,1311,24.6,142,952900,141,3012700,10365854185,10365854185,4045792888,3167200,4807800,0,0,0
2026-02-10,DILD,Intiland Development Tbk.,--MO1135000000H111------------,137.0,137.0,140.0,136.0,139.0,2.0,12420000,1719764900,772,24.2,140,2120800,139,12400,10365854185,10365854185,4045792888,2233700,3174900,0,0,0
2026-02-09,DILD,Intiland Development Tbk.,--MO1135000000H111------------,136.0,137.0,139.0,134.0,137.0,1.0,8998700,1222655700,770,23.9,137,17000,136,5600,10365854185,10365854185,4045792888,3428100,897300,0,0,0
2026-02-06,DILD,Intiland Development Tbk.,--MO1135000000H111------------,138.0,137.0,138.0,134.0,136.0,-2.0,9914600,1346819100,659,23.7,137,50000,136,90700,10365854185,10365854185,4045792888,4619600,1247600,0,0,0
2026-02-05,DILD,Intiland Development Tbk.,--MO1135000000H111------------,138.0,138.0,140.0,137.0,138.0,0.0,15258300,2112192700,877,24.0,139,1335000,138,345200,10365854185,10365854185,4045792888,2516100,2940000,0,0,0
2026-02-04,DILD,Intiland Development Tbk.,--MO1135000000H111------------,136.0,137.0,140.0,136.0,138.0,2.0,8361300,1150991800,782,24.0,138,150700,137,302800,10365854185,10365854185,4045792888,3020900,872300,0,0,0
2026-02-03,DILD,Intiland Development Tbk.,--MO1135000000H111------------,132.0,132.0,137.0,131.0,136.0,4.0,21644300,2905563500,985,23.7,137,535400,136,402200,10365854185,10365854185,4045792888,1200400,9847400,0,0,0
2026-02-02,DILD,Intiland Development Tbk.,--MO1135000000H111------------,140.0,142.0,142.0,132.0,132.0,-8.0,36896300,4968918600,1673,23.0,132,917200,131,1381600,10365854185,10365854185,4045792888,6037600,11630500,0,0,0
2026-01-30,DILD,Intiland Development Tbk.,--MO1135000000H111------------,138.0,141.0,143.0,137.0,140.0,2.0,22232800,3120518100,1207,24.4,141,40700,140,125600,10365854185,10365854185,4045792888,10133500,1960400,0,0,0
2026-01-29,DILD,Intiland Development Tbk.,--MO1135000000H111------------,138.0,138.0,138.0,120.0,138.0,0.0,75249100,9761294100,2913,24.0,139,160800,138,42800,10365854185,10365854185,4045792888,17584900,29287400,0,0,0
2026-01-28,DILD,Intiland Development Tbk.,--MO1135000000H111------------,147.0,147.0,147.0,136.0,138.0,-9.0,56738200,7963112500,2639,24.0,138,42500,137,646000,10365854185,10365854185,4045792888,9302000,14428400,0,0,0
2026-01-27,DILD,Intiland Development Tbk.,--MO1135000000H111------------,146.0,146.0,148.0,145.0,147.0,1.0,17327700,2540720900,1229,25.6,148,818900,147,195200,10365854185,10365854185,4045792888,901000,6380000,0,0,0
2026-01-26,DILD,Intiland Development Tbk.,--MO1135000000H111------------,152.0,152.0,152.0,145.0,146.0,-6.0,28592300,4254330700,2137,25.4,146,540300,145,1284800,10365854185,10365854185,4045792888,6437000,2343400,0,0,0
2026-01-23,DILD,Intiland Development Tbk.,--MO1135000000H111------------,153.0,155.0,159.0,151.0,152.0,-1.0,28537700,4382874900,1769,26.5,153,5158200,152,721700,10365854185,10365854185,4045792888,10581400,1327800,100,15270,2
2026-01-22,DILD,Intiland Development Tbk.,--MO1135000000H111------------,151.0,151.0,155.0,148.0,153.0,2.0,41932100,6376542200,2169,26.7,153,469000,152,435100,10365854185,10365854185,4045792888,7080400,5073000,0,0,0
2026-01-21,DILD,Intiland Development Tbk.,--MO1135000000H111------------,156.0,156.0,156.0,150.0,151.0,-5.0,19585100,2962214600,1493,26.3,152,239600,151,11900,10365854185,10365854185,4045792888,5277500,652800,0,0,0
2026-01-20,DILD,Intiland Development Tbk.,--MO1135000000H111------------,152.0,152.0,157.0,152.0,156.0,4.0,19070400,2955526800,1552,27.2,156,316800,155,179800,10365854185,10365854185,4045792888,890500,4195200,0,0,0
2026-01-19,DILD,Intiland Development Tbk.,--MO1135000000H111------------,156.0,157.0,158.0,149.0,152.0,-4.0,40969000,6218083700,2677,26.5,152,522800,151,1076200,10365854185,10365854185,4045792888,2521300,11117000,0,0,0
2026-01-15,DILD,Intiland Development Tbk.,--MO1135000000H111------------,156.0,156.0,160.0,155.0,156.0,0.0,32553800,5125458500,2497,27.2,156,47600,155,3025600,10365854185,10365854185,4045792888,3202600,3482100,0,0,0
2026-01-14,DILD,Intiland Development Tbk.,--MO1135000000H111------------,158.0,158.0,160.0,153.0,156.0,-2.0,44264500,6934986500,3089,27.2,156,545500,155,1539000,10365854185,10365854185,4045792888,3445300,9434500,0,0,0
2026-01-13,DILD,Intiland Development Tbk.,--MO1135000000H111------------,161.0,163.0,169.0,157.0,158.0,-3.0,92380800,15092213900,4676,27.5,159,3100,158,98700,10365854185,10365854185,4045792888,11623100,12521100,0,0,0
2026-01-12,DILD,Intiland Development Tbk.,--MO1135000000H111------------,163.0,164.0,173.0,151.0,161.0,-2.0,213380100,35445557500,10121,28.1,162,168100,161,467600,10365854185,10365854185,4045792888,34949200,22207500,0,0,0
2026-01-09,DILD,Intiland Development Tbk.,--MO1135000000H111------------,144.0,146.0,173.0,143.0,163.0,19.0,383541600,62827254000,18290,28.4,163,155900,162,103000,10365854185,10365854185,4045792888,59266000,32398800,0,0,0
2026-01-08,DILD,Intiland Development Tbk.,--MO1135000000H111------------,143.0,141.0,146.0,141.0,144.0,1.0,25468400,3647466200,1233,25.1,144,233500,143,340000,10365854185,10365854185,4045792888,1956400,9265900,0,0,0
2026-01-07,DILD,Intiland Development Tbk.,--MO1135000000H111------------,147.0,148.0,148.0,141.0,143.0,-4.0,35566200,5101788100,2016,24.9,143,28000,142,1329200,10365854185,10365854185,4045792888,4488900,5617300,0,0,0
2026-01-06,DILD,Intiland Development Tbk.,--MO1135000000H111------------,142.0,143.0,148.0,142.0,147.0,5.0,62654600,9100136900,2929,25.6,148,694100,147,87400,10365854185,10365854185,4045792888,12585200,7237800,0,0,0
2026-01-05,DILD,Intiland Development Tbk.,--MO1135000000H111------------,141.0,141.0,143.0,137.0,142.0,1.0,55748800,7776353800,2215,24.7,142,836800,141,1167300,10365854185,10365854185,4045792888,9118700,9021600,0,0,0
2026-01-02,DILD,Intiland Development Tbk.,--MO1135000000H111------------,137.0,138.0,141.0,138.0,141.0,4.0,30990600,4333756900,1626,24.6,141,1453400,140,345100,10365854185,10365854185,4045792888,8517500,5443800,0,0,0
2025-12-30,DILD,Intiland Development Tbk.,--MO1135000000H111------------,138.0,139.0,139.0,137.0,137.0,-1.0,24069400,3316326100,1254,23.9,137,51000,136,1186300,10365854185,10365854185,4050975815,1745500,3669000,0,0,0
2025-12-29,DILD,Intiland Development Tbk.,--MO1135000000H111------------,133.0,134.0,138.0,133.0,138.0,5.0,30726500,4202747600,1855,24.0,139,2583900,138,1074200,10365854185,10365854185,4050975815,781800,3200100,0,0,0
2025-12-24,DILD,Intiland Development Tbk.,--MO1135000000H111------------,133.0,133.0,135.0,132.0,133.0,0.0,20621300,2757337400,1465,23.2,134,663000,133,209100,10365854185,10365854185,4050975815,130300,1746000,0,0,0
2025-12-23,DILD,Intiland Development Tbk.,--MO1135000000H111------------,130.0,130.0,134.0,130.0,133.0,3.0,11761500,1557642900,691,23.2,133,388300,132,2362400,10365854185,10365854185,4050975815,1029900,2162300,32000000,4000000000,1
2025-12-22,DILD,Intiland Development Tbk.,--MO1135000000H111------------,132.0,132.0,132.0,130.0,130.0,-2.0,15638900,2044799600,780,22.7,131,101600,130,3317200,10365854185,10365854185,4050975815,2957300,133400,0,0,0
2025-12-19,DILD,Intiland Development Tbk.,--MO1135000000H111------------,131.0,131.0,133.0,130.0,132.0,1.0,8781100,1153987200,512,23.0,132,936100,131,4417800,10365854185,10365854185,4050975815,1161100,829500,0,0,0
2025-12-18,DILD,Intiland Development Tbk.,--MO1135000000H111------------,132.0,131.0,133.0,131.0,131.0,-1.0,11144900,1467108100,692,22.8,132,144000,131,3006700,10365854185,10365854185,4050975815,332900,1852300,0,0,0
2025-12-17,DILD,Intiland Development Tbk.,--MO1135000000H111------------,132.0,132.0,133.0,131.0,132.0,0.0,8579300,1132718100,544,23.0,133,1182600,132,548900,10365854185,10365854185,4050975815,106400,1295400,0,0,0
2025-12-16,DILD,Intiland Development Tbk.,--MO1135000000H111------------,132.0,133.0,134.0,131.0,132.0,0.0,9963100,1318509400,664,23.0,132,322300,131,765700,10365854185,10365854185,4050975815,1530000,898800,0,0,0
2025-12-15,DILD,Intiland Development Tbk.,--MO1135000000H111------------,132.0,130.0,133.0,129.0,132.0,0.0,12825800,1684629600,658,23.0,133,772200,132,560500,10365854185,10365854185,4050975815,881800,4622800,0,0,0
2025-12-12,DILD,Intiland Development Tbk.,--MO1135000000H111------------,130.0,130.0,133.0,129.0,132.0,2.0,17354100,2273443600,848,23.0,133,2300,132,590900,10365854185,10365854185,4050975815,2167400,1363100,0,0,0
2025-12-11,DILD,Intiland Development Tbk.,--MO1135000000H111------------,134.0,134.0,134.0,130.0,130.0,-4.0,24682500,3247705400,1254,22.7,131,257300,130,1345000,10365854185,10365854185,4050975815,4153300,2711200,0,0,0
2025-12-10,DILD,Intiland Development Tbk.,--MO1135000000H111------------,135.0,136.0,136.0,133.0,134.0,-1.0,10358000,1391333100,699,23.4,134,291600,133,3315300,10365854185,10365854185,4050975815,1625200,291400,0,0,0
2025-12-09,DILD,Intiland Development Tbk.,--MO1135000000H111------------,137.0,137.0,138.0,134.0,135.0,-2.0,17158800,2325227800,844,23.5,136,73500,135,50200,10365854185,10365854185,4050975815,6798300,806700,0,0,0
2025-12-08,DILD,Intiland Development Tbk.,--MO1135000000H111------------,137.0,137.0,137.0,134.0,137.0,0.0,14924200,2022838700,920,23.9,137,2297300,136,2400,10365854185,10365854185,4050975815,60200,4693000,0,0,0
2025-12-05,DILD,Intiland Development Tbk.,--MO1135000000H111------------,136.0,136.0,139.0,136.0,137.0,1.0,15793700,2176695300,746,23.9,137,773600,136,2221800,10365854185,10365854185,4050975815,322000,2447400,0,0,0
2025-12-04,DILD,Intiland Development Tbk.,--MO1135000000H111------------,136.0,137.0,138.0,136.0,136.0,0.0,8638200,1182103200,572,23.7,137,246400,136,2365600,10365854185,10365854185,4050975815,8300,1556300,0,0,0
2025-12-03,DILD,Intiland Development Tbk.,--MO1135000000H111------------,134.0,135.0,137.0,134.0,136.0,2.0,7181500,974829100,527,23.7,137,2170000,136,609000,10365854185,10365854185,4050975815,44400,1251100,0,0,0
2025-12-02,DILD,Intiland Development Tbk.,--MO1135000000H111------------,134.0,135.0,136.0,133.0,134.0,0.0,33282600,4449371400,821,23.4,135,869000,133,7551000,10365854185,10365854185,4050975815,179900,2297600,0,0,0
2025-12-01,DILD,Intiland Development Tbk.,--MO1135000000H111------------,135.0,135.0,136.0,133.0,134.0,-1.0,37820500,5054686900,1012,23.4,135,248700,134,24100,10365854185,10365854185,4050975815,61200,4506400,0,0,0
2025-11-28,DILD,Intiland Development Tbk.,--MO1105000000H111------------,138.0,138.0,139.0,135.0,135.0,-3.0,12449400,1700220200,663,23.5,136,62100,135,2358100,10365854185,10365854185,4050975815,1351700,234500,0,0,0
2025-11-27,DILD,Intiland Development Tbk.,--MO1105000000H111------------,138.0,139.0,139.0,137.0,138.0,0.0,7386000,1020802100,561,24.0,138,148500,137,3222500,10365854185,10365854185,4050975815,303100,867400,0,0,0
2025-11-26,DILD,Intiland Development Tbk.,--MO1105000000H111------------,139.0,139.0,139.0,137.0,138.0,-1.0,8217400,1133388100,575,24.0,139,1502000,138,363000,10365854185,10365854185,4050975815,307200,1905500,0,0,0
2025-11-25,DILD,Intiland Development Tbk.,--MO1105000000H111------------,138.0,137.0,139.0,137.0,139.0,1.0,13521600,1862103200,556,24.2,139,2929700,138,243000,10365854185,10365854185,4050975815,53400,1989000,0,0,0
2025-11-24,DILD,Intiland Development Tbk.,--MO1105000000H111------------,138.0,138.0,139.0,136.0,138.0,0.0,7952400,1093460100,674,24.0,139,891800,138,8500,10365854185,10365854185,4050975815,776500,1837700,0,0,0
2025-11-21,DILD,Intiland Development Tbk.,--MO1105000000H111------------,138.0,138.0,139.0,136.0,138.0,0.0,10614000,1459590300,623,24.0,139,561000,138,6400,10365854185,10365854185,4050975815,27700,1596000,0,0,0
2025-11-20,DILD,Intiland Development Tbk.,--MO1105000000H111------------,138.0,138.0,139.0,136.0,138.0,0.0,12988900,1789571700,841,24.0,138,3300,137,8142100,10365854185,10365854185,4050975815,36400,3763400,0,0,0
2025-11-19,DILD,Intiland Development Tbk.,--MO1105000000H111------------,139.0,139.0,140.0,137.0,138.0,-1.0,18093900,2505409700,1023,24.0,138,280600,137,588700,10365854185,10365854185,4050975815,2759000,835000,0,0,0
2025-11-18,DILD,Intiland Development Tbk.,--MO1105000000H111------------,141.0,141.0,141.0,138.0,139.0,-2.0,18590100,2593416700,1209,24.2,139,265000,138,1153700,10365854185,10365854185,4050975815,3108700,986700,0,0,0
2025-11-17,DILD,Intiland Development Tbk.,--MO1105000000H111------------,136.0,137.0,141.0,136.0,141.0,5.0,37704700,5238557400,1923,24.6,141,3299000,140,679600,10365854185,10365854185,4050975815,208500,6791300,0,0,0
2025-11-14,DILD,Intiland Development Tbk.,--MO1105000000H111------------,137.0,141.0,142.0,136.0,136.0,-1.0,41728100,5786433500,2189,23.7,137,543400,136,3450500,10365854185,10365854185,4050975815,4392300,2289800,0,0,0
2025-11-13,DILD,Intiland Development Tbk.,--MO1105000000H111------------,131.0,133.0,144.0,133.0,137.0,6.0,83470100,11502490200,3697,23.9,137,317900,136,1748600,10365854185,10365854185,4050975815,10146300,8933400,0,0,0
2025-11-12,DILD,Intiland Development Tbk.,--MO1105000000H111------------,130.0,130.0,131.0,129.0,131.0,1.0,16382900,2132655300,458,22.8,131,3295600,130,2243800,10365854185,10365854185,4050975815,2454400,763600,0,0,0
2025-11-11,DILD,Intiland Development Tbk.,--MO1105000000H111------------,131.0,131.0,131.0,129.0,130.0,-1.0,10422100,1354855100,395,22.7,131,3167100,130,1381700,10365854185,10365854185,4050975815,1004900,130200,0,0,0
2025-11-10,DILD,Intiland Development Tbk.,--MO1105000000H111------------,130.0,130.0,132.0,130.0,131.0,1.0,8782800,1143659200,439,22.8,131,742300,130,273500,10365854185,10365854185,4050975815,2013200,362100,0,0,0
2025-11-07,DILD,Intiland Development Tbk.,--MO1105000000H111------------,129.0,129.0,131.0,129.0,130.0,1.0,9448900,1229886600,391,22.7,131,919500,130,140200,10365854185,10365854185,4050975815,268000,3255200,0,0,0
2025-11-06,DILD,Intiland Development Tbk.,--MO1105000000H111------------,131.0,131.0,132.0,129.0,129.0,-2.0,5736500,746281400,500,22.5,130,425300,129,5321700,10365854185,10365854185,4050975815,45400,664900,0,0,0
2025-11-05,DILD,Intiland Development Tbk.,--MO1105000000H111------------,130.0,130.0,132.0,130.0,131.0,1.0,4638100,606563800,332,22.8,132,1568700,131,1826700,10365854185,10365854185,4050975815,31400,1457400,0,0,0
2025-11-04,DILD,Intiland Development Tbk.,--MO1105000000H111------------,131.0,132.0,132.0,129.0,130.0,-1.0,12154800,1581365700,621,22.7,130,773600,129,3210600,10365854185,10365854185,4050975815,50300,1889100,0,0,0
2025-11-03,DILD,Intiland Development Tbk.,--MO1105000000H111------------,134.0,132.0,134.0,130.0,131.0,-3.0,11846800,1556667700,696,22.8,132,925200,131,224000,10365854185,10365854185,4050975815,890200,3130000,0,0,0
2025-10-31,DILD,Intiland Development Tbk.,--MO1105000000H111------------,134.0,134.0,136.0,131.0,134.0,0.0,11547000,1535744700,591,23.4,135,47400,134,208900,10365854185,10365854185,4050975815,55500,702900,0,0,0
2025-10-30,DILD,Intiland Development Tbk.,--MO1105000000H111------------,133.0,134.0,136.0,133.0,134.0,1.0,11562900,1556051100,631,23.4,135,263400,134,1348900,10365854185,10365854185,4050975815,1264600,1656900,0,0,0
2025-10-29,DILD,Intiland Development Tbk.,--MO1105000000H111------------,133.0,134.0,135.0,132.0,133.0,0.0,6038700,800497600,408,23.2,134,1231400,133,36400,10365854185,10365854185,4050975815,72300,1195000,0,0,0
2025-10-28,DILD,Intiland Development Tbk.,--MO1105000000H111------------,131.0,131.0,135.0,131.0,133.0,2.0,7430500,989873800,503,23.2,134,422200,133,3006200,10365854185,10365854185,4050975815,75700,2217600,0,0,0
2025-10-27,DILD,Intiland Development Tbk.,--MO1105000000H111------------,130.0,131.0,134.0,130.0,131.0,1.0,8846400,1166695600,497,22.8,132,879300,131,1019200,10365854185,10365854185,4050975815,1853600,746200,0,0,0
2025-10-24,DILD,Intiland Development Tbk.,--MO1105000000H111------------,132.0,133.0,133.0,130.0,130.0,-2.0,5439500,713051800,427,22.7,131,5000,130,5600000,10365854185,10365854185,4050975815,441100,156500,0,0,0
2025-10-23,DILD,Intiland Development Tbk.,--MO1105000000H111------------,131.0,131.0,133.0,131.0,132.0,1.0,6466000,852188900,396,23.0,132,1003700,131,1143500,10365854185,10365854185,4050975815,70900,2102600,0,0,0
2025-10-22,DILD,Intiland Development Tbk.,--MO1105000000H111------------,134.0,134.0,134.0,131.0,131.0,-3.0,12264200,1626401400,598,22.8,132,78000,131,1005000,10365854185,10365854185,4050975815,131200,4339300,0,0,0
2025-10-21,DILD,Intiland Development Tbk.,--MO1105000000H111------------,128.0,128.0,134.0,128.0,134.0,6.0,18303400,2415922900,805,23.4,134,271800,132,645400,10365854185,10365854185,4050975815,950800,4168800,0,0,0
2025-10-20,DILD,Intiland Development Tbk.,--MO1105000000H111------------,125.0,126.0,129.0,126.0,128.0,3.0,5313900,679297900,458,22.3,128,79500,127,696600,10365854185,10365854185,4050975815,508300,814900,0,0,0
2025-10-17,DILD,Intiland Development Tbk.,--MO1105000000H111------------,128.0,129.0,130.0,124.0,125.0,-3.0,13230100,1660080600,835,21.8,126,5400,125,323800,10365854185,10365854185,4050975815,3610700,269500,0,0,0
2025-10-16,DILD,Intiland Development Tbk.,--MO1105000000H111------------,126.0,127.0,130.0,125.0,128.0,2.0,7657900,975034300,646,22.3,129,653900,128,2000,10365854185,10365854185,4050975815,2515500,382700,0,0,0
2025-10-15,DILD,Intiland Development Tbk.,--MO1105000000H111------------,127.0,127.0,129.0,126.0,126.0,-1.0,19588700,2476664400,741,22.0,127,100000,126,796000,10365854185,10365854185,4050975815,4969100,2461300,0,0,0
2025-10-14,DILD,Intiland Development Tbk.,--MO1105000000H111------------,130.0,130.0,131.0,127.0,127.0,-3.0,12269600,1572679500,882,22.1,128,199900,127,2891200,10365854185,10365854185,4050975815,3844300,1063500,0,0,0
2025-10-13,DILD,Intiland Development Tbk.,--MO1105000000H111------------,131.0,129.0,131.0,128.0,130.0,-1.0,10226600,1322229600,783,22.7,130,554400,129,54200,10365854185,10365854185,4050975815,1072000,1493100,0,0,0
2025-10-10,DILD,Intiland Development Tbk.,--MO1105000000H111------------,133.0,134.0,134.0,129.0,131.0,-2.0,12121500,1581500900,921,22.8,131,642700,130,407500,10365854185,10365854185,4050975815,2272200,2281400,0,0,0
2025-10-09,DILD,Intiland Development Tbk.,--MO1105000000H111------------,129.0,130.0,135.0,129.0,133.0,4.0,27815600,3674402100,808,23.2,133,341900,132,30200,10365854185,10365854185,4050975815,1414900,16316800,5000,645000,1
2025-10-08,DILD,Intiland Development Tbk.,--MO1105000000H111------------,132.0,133.0,134.0,129.0,129.0,-3.0,17009900,2218681900,939,22.5,131,900,129,1618600,10365854185,10365854185,4050975815,5090500,1388300,0,0,0
2025-10-07,DILD,Intiland Development Tbk.,--MO1105000000H111------------,131.0,131.0,134.0,130.0,132.0,1.0,9301700,1227151200,686,23.0,132,1132600,131,1207900,10365854185,10365854185,4050975815,2839500,1642400,0,0,0
2025-10-06,DILD,Intiland Development Tbk.,--MO1105000000H111------------,135.0,135.0,135.0,131.0,131.0,-4.0,20960900,2783883100,1288,22.8,133,25600,131,1075700,10365854185,10365854185,4050975815,4711300,639000,0,0,0
2025-10-03,DILD,Intiland Development Tbk.,--MO1105000000H111------------,137.0,137.0,137.0,134.0,135.0,-2.0,14216900,1924388500,893,23.5,136,311600,135,2334900,10365854185,10365854185,4050975815,1963400,417200,0,0,0
2025-10-02,DILD,Intiland Development Tbk.,--MO1105000000H111------------,138.0,138.0,139.0,136.0,137.0,-1.0,12123400,1667321400,686,23.9,138,328400,137,952300,10365854185,10365854185,4050975815,3687400,3544900,0,0,0
2025-10-01,DILD,Intiland Development Tbk.,--MO1105000000H111------------,139.0,140.0,143.0,137.0,138.0,-1.0,15840200,2204641500,1026,24.0,139,44200,138,900,10365854185,10365854185,4050975815,4331100,331200,0,0,0
2025-09-30,DILD,Intiland Development Tbk.,--MO1105000000H111------------,137.0,137.0,143.0,137.0,139.0,2.0,34439900,4816101200,1316,24.2,140,1012000,139,1211400,10365854185,10365854185,4050975815,1064800,9517300,0,0,0
2025-09-29,DILD,Intiland Development Tbk.,--MO1105000000H111------------,137.0,138.0,138.0,136.0,137.0,0.0,13631800,1863985100,540,23.9,138,2148900,137,882500,10365854185,10365854185,4050975815,69100,2170400,0,0,0
2025-09-26,DILD,Intiland Development Tbk.,--MO1105000000H111------------,138.0,138.0,139.0,136.0,137.0,-1.0,11352700,1561377100,420,23.9,137,907000,136,2597400,10365854185,10365854185,4050975815,893400,2781700,0,0,0
2025-09-25,DILD,Intiland Development Tbk.,--MO1105000000H111------------,138.0,138.0,139.0,137.0,138.0,0.0,10521200,1448128900,479,24.0,138,42900,137,1078100,10365854185,10365854185,4050975815,506500,3712900,0,0,0
2025-09-24,DILD,Intiland Development Tbk.,--MO1105000000H111------------,139.0,139.0,141.0,138.0,138.0,-1.0,14174400,1968664100,627,24.0,139,61500,138,1645300,10365854185,10365854185,4050975815,3234600,3244200,0,0,0
2025-09-23,DILD,Intiland Development Tbk.,--MO1105000000H111------------,138.0,139.0,140.0,137.0,139.0,1.0,13714300,1899401300,660,24.2,140,3756300,139,152500,10365854185,10365854185,4050975815,729900,3548900,0,0,0
2025-09-22,DILD,Intiland Development Tbk.,--MO1105000000H111------------,138.0,139.0,140.0,136.0,138.0,0.0,9906100,1372775400,431,24.0,139,144700,138,3902500,10365854185,10365854185,4050975815,1376600,2775300,0,0,0
2025-09-19,DILD,Intiland Development Tbk.,--MO1105000000H111------------,138.0,138.0,139.0,136.0,138.0,0.0,6852400,940477600,417,24.0,139,99600,138,5000,10365854185,10365854185,4050975815,2063000,2263300,0,0,0
2025-09-18,DILD,Intiland Development Tbk.,--MO1105000000H111------------,140.0,142.0,143.0,138.0,138.0,-2.0,18280100,2547109800,712,24.0,139,175300,138,2186900,10365854185,10365854185,4050975815,5840800,4608500,0,0,0
2025-09-17,DILD,Intiland Development Tbk.,--MO1105000000H111------------,138.0,138.0,142.0,137.0,140.0,2.0,17266200,2414333400,1080,24.4,141,189500,140,2600,10365854185,10365854185,4050975815,1517000,3368400,0,0,0
2025-09-16,DILD,Intiland Development Tbk.,--MO1105000000H111------------,139.0,140.0,142.0,137.0,138.0,-1.0,9808700,1356239000,694,24.0,139,734100,138,289100,10365854185,10365854185,4050975815,298800,1389800,0,0,0
2025-09-15,DILD,Intiland Development Tbk.,--MO1105000000H111------------,136.0,137.0,142.0,136.0,139.0,3.0,20322100,2831654100,1142,24.2,140,943200,139,46200,10365854185,10365854185,4050975815,128600,2449200,0,0,0
2025-09-12,DILD,Intiland Development Tbk.,--MO1105000000H111------------,136.0,136.0,138.0,134.0,136.0,0.0,6762400,920520600,476,23.7,137,522600,136,419200,10365854185,10365854185,4050975815,518300,525500,0,0,0
2025-09-11,DILD,Intiland Development Tbk.,--MO1105000000H111------------,133.0,133.0,137.0,132.0,136.0,3.0,7200500,977726500,573,23.7,136,124900,135,71400,10365854185,10365854185,4050975815,75800,1588300,0,0,0
2025-09-10,DILD,Intiland Development Tbk.,--MO1105000000H111------------,133.0,133.0,136.0,129.0,133.0,0.0,13496500,1790762500,703,23.2,134,412500,133,3875200,10365854185,10365854185,4050975815,2642800,2849800,0,0,0
2025-09-09,DILD,Intiland Development Tbk.,--MO1105000000H111------------,136.0,136.0,138.0,133.0,133.0,-3.0,14624500,1963182500,722,23.2,134,2681200,133,4277800,10365854185,10365854185,4050975815,1011000,4753800,0,0,0
2025-09-08,DILD,Intiland Development Tbk.,--MO1105000000H111------------,138.0,138.0,142.0,136.0,136.0,-2.0,12498200,1734357000,718,23.7,137,800,136,49500,10365854185,10365854185,4050975815,2317400,186500,0,0,0
2025-09-04,DILD,Intiland Development Tbk.,--MO1105000000H111------------,138.0,138.0,139.0,137.0,138.0,0.0,7271600,1001903800,543,24.0,138,100,137,278500,10365854185,10365854185,4050975815,1692800,356600,0,0,0
2025-09-03,DILD,Intiland Development Tbk.,--MO1105000000H111------------,138.0,139.0,140.0,137.0,138.0,0.0,7271000,1004050200,551,24.0,139,633200,138,380000,10365854185,10365854185,4050975815,839500,531200,0,0,0
2025-09-02,DILD,Intiland Development Tbk.,--MO1105000000H111------------,136.0,137.0,140.0,137.0,138.0,2.0,11643800,1617245400,598,24.0,139,1028000,138,163300,10365854185,10365854185,4050975815,2555300,160300,0,0,0
2025-09-01,DILD,Intiland Development Tbk.,--MO1105000000H111------------,140.0,133.0,138.0,130.0,136.0,-4.0,27648900,3710153400,1183,23.7,136,659900,135,91000,10365854185,10365854185,4050975815,4031600,5579600,0,0,0
2025-08-29,DILD,Intiland Development Tbk.,--MO1105000000H111------------,145.0,145.0,145.0,134.0,140.0,-5.0,45252400,6299264200,1864,24.4,141,735300,140,21300,10365854185,10365854185,4050975815,8949400,8900500,0,0,0
2025-08-28,DILD,Intiland Development Tbk.,--MO1105000000H111------------,142.0,142.0,150.0,141.0,145.0,3.0,42116600,6152948000,1775,25.3,146,374400,145,516100,10365854185,10365854185,4050975815,3655700,7289800,0,0,0
2025-08-27,DILD,Intiland Development Tbk.,--MO1105000000H111------------,143.0,143.0,145.0,141.0,142.0,-1.0,15455400,2200521700,711,24.7,143,184900,142,563500,10365854185,10365854185,4050975815,3354900,693400,0,0,0
2025-08-26,DILD,Intiland Development Tbk.,--MO1105000000H111------------,145.0,146.0,147.0,142.0,143.0,-2.0,20605900,2966906000,790,24.9,144,973100,143,645200,10365854185,10365854185,4050975815,3701300,3021200,0,0,0
2025-08-25,DILD,Intiland Development Tbk.,--MO1105000000H111------------,143.0,143.0,148.0,142.0,145.0,2.0,25990400,3768180800,1106,25.3,145,185600,144,538200,10365854185,10365854185,4050975815,1002400,2776300,0,0,0
2025-08-22,DILD,Intiland Development Tbk.,--MO1105000000H111------------,146.0,146.0,146.0,142.0,143.0,-3.0,16477700,2364391400,861,24.9,143,722300,142,7312500,10365854185,10365854185,4050975815,1613200,135200,0,0,0
2025-08-21,DILD,Intiland Development Tbk.,--MO1105000000H111------------,142.0,144.0,148.0,142.0,146.0,4.0,58938500,8516399600,2327,25.4,146,3812600,145,23000,10365854185,10365854185,4050975815,3429500,18991400,0,0,0
2025-08-20,DILD,Intiland Development Tbk.,--MO1105000000H111------------,136.0,136.0,144.0,135.0,142.0,6.0,82571500,11618925600,4478,24.7,143,2241600,142,121600,10365854185,10365854185,4050975815,6227300,5416100,0,0,0
2025-08-19,DILD,Intiland Development Tbk.,--MO1105000000H111------------,131.0,131.0,136.0,131.0,136.0,5.0,16254800,2183158200,672,23.7,136,2357700,135,599700,10365854185,10365854185,4050975815,62000,3884500,0,0,0
2025-08-15,DILD,Intiland Development Tbk.,--MO1105000000H111------------,137.0,137.0,138.0,131.0,131.0,-6.0,19177100,2560814200,989,22.8,134,2156600,131,1989200,10365854185,10365854185,4050975815,4602400,138700,0,0,0
2025-08-14,DILD,Intiland Development Tbk.,--MO1105000000H111------------,137.0,140.0,140.0,135.0,137.0,0.0,19510000,2664529600,1117,23.9,137,261500,136,2082300,10365854185,10365854185,4050975815,3299700,623700,100,13500,1
2025-08-13,DILD,Intiland Development Tbk.,--MO1105000000H111------------,132.0,132.0,138.0,131.0,137.0,5.0,48123500,6528183200,1686,23.9,138,1598300,137,1337700,10365854185,10365854185,4050975815,5948400,3181200,0,0,0
2025-08-12,DILD,Intiland Development Tbk.,--MO1105000000H111------------,133.0,136.0,136.0,131.0,132.0,-1.0,17835500,2358512500,1057,23.0,133,1629200,132,385800,10365854185,10365854185,4050975815,1863400,828500,71200,14952000,1
2025-08-11,DILD,Intiland Development Tbk.,--MO1105000000H111------------,128.0,129.0,133.0,129.0,133.0,5.0,22063100,2895653700,1080,23.2,133,1651400,132,105500,10365854185,10365854185,4050975815,5433200,3974600,0,0,0
2025-08-08,DILD,Intiland Development Tbk.,--MO1105000000H111------------,131.0,131.0,131.0,128.0,128.0,-3.0,3705800,475852200,382,22.3,129,553100,128,3278600,10365854185,10365854185,4050975815,959000,43000,0,0,0
2025-08-07,DILD,Intiland Development Tbk.,--MO1105000000H111------------,130.0,127.0,132.0,127.0,131.0,1.0,14205500,1847066000,533,22.8,131,1851300,130,13200,10365854185,10365854185,4050975815,250100,677200,0,0,0
2025-08-06,DILD,Intiland Development Tbk.,--MO1105000000H111------------,129.0,130.0,131.0,128.0,130.0,1.0,6893800,890406200,493,22.7,130,206700,129,26400,10365854185,10365854185,4050975815,317100,250400,0,0,0
2025-08-05,DILD,Intiland Development Tbk.,--MO1105000000H111------------,127.0,128.0,130.0,127.0,129.0,2.0,9516100,1227436500,626,22.5,130,1615500,129,218300,10365854185,10365854185,4050975815,286900,1633100,0,0,0
2025-08-04,DILD,Intiland Development Tbk.,--MO1105000000H111------------,126.0,126.0,129.0,121.0,127.0,1.0,12205300,1535733100,842,22.1,128,586600,127,685000,10365854185,10365854185,4050975815,591800,1053600,0,0,0
2025-08-01,DILD,Intiland Development Tbk.,--MO1105000000H111------------,126.0,126.0,128.0,124.0,126.0,0.0,10673900,1344667100,905,22.0,127,439400,126,3868200,10365854185,10365854185,4050975815,723300,1605800,0,0,0
2025-07-31,DILD,Intiland Development Tbk.,--MO1105000000H111------------,130.0,130.0,130.0,124.0,126.0,-4.0,23122200,2928716400,1578,22.0,127,156800,126,950100,10365854185,10365854185,4050975815,1032900,1971000,0,0,0
2025-07-30,DILD,Intiland Development Tbk.,--MO1105000000H111------------,134.0,134.0,134.0,129.0,130.0,-4.0,24223700,3174599100,1084,22.7,130,3619300,129,5572800,10365854185,10365854185,4050975815,1358100,2184400,0,0,0
2025-07-29,DILD,Intiland Development Tbk.,--MO1105000000H111------------,135.0,134.0,136.0,132.0,134.0,-1.0,15137300,2027156800,790,23.4,134,998800,133,1481500,10365854185,10365854185,4050975815,2930300,244500,25000,3175000,1
2025-07-28,DILD,Intiland Development Tbk.,--MO1105000000H111------------,130.0,130.0,135.0,130.0,135.0,5.0,23693500,3151837400,1107,23.5,135,1461100,134,140700,10365854185,10365854185,4050975815,905400,3924600,0,0,0
2025-07-25,DILD,Intiland Development Tbk.,--MO1105000000H111------------,132.0,132.0,135.0,130.0,130.0,-2.0,13791800,1819151000,841,22.7,131,102400,130,1599200,10365854185,10365854185,4050975815,3977800,1204100,0,0,0
2025-07-24,DILD,Intiland Development Tbk.,--MO1105000000H111------------,129.0,129.0,132.0,129.0,132.0,3.0,17951400,2347262400,737,23.0,132,1075100,131,427300,10365854185,10365854185,4050975815,3546700,5030400,0,0,0
2025-07-23,DILD,Intiland Development Tbk.,--MO1105000000H111------------,127.0,127.0,131.0,127.0,129.0,2.0,21998600,2822254000,938,22.5,129,20000,128,168800,10365854185,10365854185,4050975815,73600,6104700,0,0,0
2025-07-22,DILD,Intiland Development Tbk.,--MO1105000000H111------------,129.0,129.0,129.0,127.0,127.0,-2.0,9301600,1192108300,589,22.1,128,2842000,127,1689600,10365854185,10365854185,4050975815,2516500,429500,0,0,0
2025-07-21,DILD,Intiland Development Tbk.,--MO1105000000H111------------,128.0,128.0,131.0,127.0,129.0,1.0,10647100,1369017100,649,22.5,129,2260300,128,531600,10365854185,10365854185,4050975815,1057400,1546200,0,0,0
2025-07-18,DILD,Intiland Development Tbk.,--MO1105000000H111------------,127.0,127.0,130.0,127.0,128.0,1.0,10874000,1398534500,522,22.3,129,4633900,128,608500,10365854185,10365854185,4050975815,47800,633400,0,0,0
2025-07-17,DILD,Intiland Development Tbk.,--MO1105000000H111------------,131.0,131.0,132.0,127.0,127.0,-4.0,11303100,1453150600,833,22.1,128,8100,127,5118300,10365854185,10365854185,4050975815,887600,406700,40486075,6553435633,2
2025-07-16,DILD,Intiland Development Tbk.,--MO1105000000H111------------,131.0,131.0,136.0,129.0,131.0,0.0,19514300,2579777600,1207,22.8,131,299100,130,821400,10365854185,10365854185,4050975815,407100,1080600,0,0,0
2025-07-15,DILD,Intiland Development Tbk.,--MO1105000000H111------------,127.0,128.0,131.0,125.0,131.0,4.0,14244300,1819037300,758,22.8,132,278900,131,609100,10365854185,10365854185,4050975815,771700,4142200,0,0,0
2025-07-14,DILD,Intiland Development Tbk.,--MO1105000000H111------------,130.0,130.0,132.0,127.0,127.0,-3.0,10836800,1395595000,826,22.1,128,389000,127,1174700,10365854185,10365854185,4050975815,1166800,223100,0,0,0
2025-07-11,DILD,Intiland Development Tbk.,--MO1105000000H111------------,127.0,127.0,130.0,126.0,130.0,3.0,7419200,955077900,605,22.7,130,128400,129,1848400,10365854185,10365854185,4050975815,144700,999900,0,0,0
2025-07-10,DILD,Intiland Development Tbk.,--MO1105000000H111------------,126.0,126.0,128.0,124.0,127.0,1.0,8019500,1010427000,656,22.1,127,478200,126,10600,10365854185,10365854185,4050975815,936600,2438000,0,0,0
2025-07-09,DILD,Intiland Development Tbk.,--MO1105000000H111------------,123.0,123.0,126.0,118.0,126.0,3.0,18518500,2256199000,830,22.0,126,479200,125,28000,10365854185,10365854185,4050975815,131700,4178700,0,0,0
2025-07-08,DILD,Intiland Development Tbk.,--MO1105000000H111------------,125.0,125.0,125.0,118.0,123.0,-2.0,16558400,2014391300,850,21.4,124,451500,123,220500,10365854185,10365854185,4050975815,242000,3075800,32000000,4000000000,1
2025-07-07,DILD,Intiland Development Tbk.,--MO1105000000H111------------,125.0,125.0,126.0,124.0,125.0,0.0,3252400,405374900,278,21.8,125,2519800,124,2663600,10365854185,10365854185,4050975815,159800,92100,0,0,0
2025-07-04,DILD,Intiland Development Tbk.,--MO1105000000H111------------,126.0,126.0,126.0,125.0,125.0,-1.0,3541700,443554200,309,21.8,125,188200,124,2040500,10365854185,10365854185,4050975815,68500,757900,0,0,0
2025-07-03,DILD,Intiland Development Tbk.,--MO1105000000H111------------,125.0,126.0,127.0,125.0,126.0,1.0,4367500,547923000,305,22.0,126,819500,125,795600,10365854185,10365854185,4050975815,6600,501000,0,0,0
2025-07-02,DILD,Intiland Development Tbk.,--MO1105000000H111------------,127.0,127.0,129.0,125.0,125.0,-2.0,3739800,471389900,387,21.8,126,690000,125,489300,10365854185,10365854185,4050975815,771900,247800,0,0,0
2025-07-01,DILD,Intiland Development Tbk.,--MO1105000000H111------------,125.0,125.0,128.0,124.0,127.0,2.0,7668600,964898800,466,22.1,127,185500,126,561800,10365854185,10365854185,4050975815,244600,2657300,0,0,0
2025-06-30,DILD,Intiland Development Tbk.,--MO1105000000H111------------,125.0,125.0,125.0,124.0,125.0,0.0,11594500,1448079400,355,21.8,125,3422500,124,4460000,10365854185,10365854185,3391707489,7800,3020100,0,0,0
2025-06-26,DILD,Intiland Development Tbk.,--MO1105000000H111------------,124.0,124.0,126.0,123.0,125.0,1.0,6379200,795980400,380,21.8,125,839000,124,421800,10365854185,10365854185,3391707489,245400,1330800,0,0,0
2025-06-25,DILD,Intiland Development Tbk.,--MO1105000000H111------------,125.0,127.0,127.0,123.0,124.0,-1.0,3429200,426853300,444,21.6,125,185100,124,696600,10365854185,10365854185,3391707489,427500,617700,0,0,0
2025-06-24,DILD,Intiland Development Tbk.,--MO1105000000H111------------,123.0,121.0,128.0,121.0,125.0,2.0,12100800,1520868900,562,21.8,126,700,125,159900,10365854185,10365854185,3391707489,1639500,1015800,0,0,0
2025-06-23,DILD,Intiland Development Tbk.,--MO1105000000H111------------,127.0,126.0,126.0,118.0,123.0,-4.0,21835000,2644341500,1252,21.4,123,353100,122,73500,10365854185,10365854185,3391707489,2568100,2041600,0,0,0
2025-06-20,DILD,Intiland Development Tbk.,--MO1105000000H111------------,127.0,126.0,130.0,123.0,127.0,0.0,14741000,1853785000,687,22.1,127,126700,126,2011600,10365854185,10365854185,3391707489,1329400,2986600,0,0,0
2025-06-19,DILD,Intiland Development Tbk.,--MO1105000000H111------------,133.0,133.0,133.0,125.0,127.0,-6.0,25131600,3207027600,1361,22.1,128,119300,126,432400,10365854185,10365854185,3391707489,2702600,3200600,0,0,0
2025-06-18,DILD,Intiland Development Tbk.,--MO1105000000H111------------,134.0,135.0,135.0,133.0,133.0,-1.0,4033400,538037500,390,23.2,134,534000,133,2700,10365854185,10365854185,3391707489,517100,348100,0,0,0
2025-06-17,DILD,Intiland Development Tbk.,--MO1105000000H111------------,133.0,133.0,135.0,131.0,134.0,1.0,6252500,828829800,541,23.4,134,60900,133,2349300,10365854185,10365854185,3391707489,107900,1366800,0,0,0
2025-06-16,DILD,Intiland Development Tbk.,--MO1105000000H111------------,136.0,136.0,136.0,131.0,133.0,-3.0,14501200,1919157600,993,23.2,134,341400,133,18900,10365854185,10365854185,3391707489,1574800,1020600,0,0,0
2025-06-13,DILD,Intiland Development Tbk.,--MO1105000000H111------------,138.0,138.0,139.0,134.0,136.0,-2.0,16959600,2293707300,856,23.7,136,441800,135,513900,10365854185,10365854185,3391707489,1761500,1447900,0,0,0
2025-06-12,DILD,Intiland Development Tbk.,--MO1105000000H111------------,137.0,137.0,140.0,137.0,138.0,1.0,8735800,1209041000,571,24.0,138,9300,137,1209600,10365854185,10365854185,3391707489,1648200,1216200,0,0,0
2025-06-11,DILD,Intiland Development Tbk.,--MO1105000000H111------------,138.0,138.0,138.0,134.0,137.0,-1.0,26501900,3595274800,1191,23.9,138,769200,137,5800,10365854185,10365854185,3391707489,4168600,3251200,0,0,0
2025-06-10,DILD,Intiland Development Tbk.,--MO1105000000H111------------,137.0,137.0,140.0,137.0,138.0,1.0,8584300,1190755300,612,24.0,139,337100,138,313000,10365854185,10365854185,3391707489,561200,2623900,0,0,0
2025-06-05,DILD,Intiland Development Tbk.,--MO1105000000H111------------,140.0,140.0,140.0,137.0,137.0,-3.0,11696900,1613010300,652,23.9,138,300,137,2551500,10365854185,10365854185,3391707489,165200,1309200,0,0,0
2025-06-04,DILD,Intiland Development Tbk.,--MO1105000000H111------------,139.0,139.0,140.0,138.0,140.0,1.0,6717000,934362100,479,24.4,140,3564700,139,54800,10365854185,10365854185,3391707489,1258900,631900,0,0,0
2025-06-03,DILD,Intiland Development Tbk.,--MO1105000000H111------------,138.0,138.0,140.0,136.0,139.0,1.0,6381400,880839800,508,24.2,139,441700,138,916300,10365854185,10365854185,3391707489,717100,143600,0,0,0
2025-06-02,DILD,Intiland Development Tbk.,--MO1105000000H111------------,142.0,142.0,143.0,137.0,138.0,-4.0,18322400,2551196400,1301,24.0,139,616700,138,1323800,10365854185,10365854185,3391707489,4308900,2705700,0,0,0
2025-05-28,DILD,Intiland Development Tbk.,--MO1135000000H111------------,143.0,143.0,143.0,141.0,142.0,-1.0,10992300,1559668300,598,24.7,143,184500,142,89200,10365854185,10365854185,3391707489,64400,692700,0,0,0
2025-05-27,DILD,Intiland Development Tbk.,--MO1135000000H111------------,143.0,145.0,145.0,141.0,143.0,0.0,14272200,2024128900,763,24.9,143,3081800,142,8700,10365854185,10365854185,3391707489,11400,2665800,0,0,0
2025-05-26,DILD,Intiland Development Tbk.,--MO1135000000H111------------,147.0,147.0,148.0,141.0,143.0,-4.0,20784800,2983056000,1067,24.9,144,752300,143,248000,10365854185,10365854185,3391707489,2998600,4163700,0,0,0
2025-05-23,DILD,Intiland Development Tbk.,--MO1135000000H111------------,147.0,147.0,148.0,144.0,147.0,0.0,7811300,1141671600,563,25.6,147,305300,146,2593100,10365854185,10365854185,3391707489,678300,1734000,1000,150000,1
2025-05-22,DILD,Intiland Development Tbk.,--MO1135000000H111------------,149.0,150.0,151.0,147.0,147.0,-2.0,11242700,1665825800,743,25.6,148,252800,147,2255600,10365854185,10365854185,3391707489,1228900,717700,0,0,0
2025-05-21,DILD,Intiland Development Tbk.,--MO1135000000H111------------,146.0,149.0,154.0,147.0,149.0,3.0,61586100,9271764800,2410,26.0,150,77500,149,322400,10365854185,10365854185,3391707489,15207300,5181700,0,0,0
2025-05-20,DILD,Intiland Development Tbk.,--MO1135000000H111------------,143.0,143.0,149.0,142.0,146.0,3.0,32673900,4786458400,1541,25.4,147,511100,146,858300,10365854185,10365854185,3391707489,4083000,5398800,0,0,0
2025-05-19,DILD,Intiland Development Tbk.,--MO1135000000H111------------,142.0,142.0,143.0,139.0,143.0,1.0,19075700,2690094400,1044,24.9,143,1193300,142,482800,10365854185,10365854185,3391707489,497900,807900,0,0,0
2025-05-16,DILD,Intiland Development Tbk.,--MO1135000000H111------------,143.0,143.0,145.0,142.0,142.0,-1.0,9030300,1288426000,712,24.7,142,451900,141,2312700,10365854185,10365854185,3391707489,605400,491600,0,0,0
2025-05-15,DILD,Intiland Development Tbk.,--MO1135000000H111------------,143.0,143.0,145.0,142.0,143.0,0.0,16918500,2427497800,907,24.9,143,2082000,142,541100,10365854185,10365854185,3391707489,157000,4012500,0,0,0
2025-05-14,DILD,Intiland Development Tbk.,--MO1135000000H111------------,146.0,146.0,149.0,142.0,143.0,-3.0,30310900,4375149600,1558,24.9,143,5994600,142,637300,10365854185,10365854185,3391707489,518200,7353000,0,0,0
2025-05-09,DILD,Intiland Development Tbk.,--MO1135000000H111------------,149.0,151.0,151.0,145.0,146.0,-3.0,15529900,2269778300,876,25.4,147,145300,146,227300,10365854185,10365854185,3391707489,326900,1441500,0,0,0
2025-05-08,DILD,Intiland Development Tbk.,--MO1135000000H111------------,153.0,153.0,155.0,148.0,149.0,-4.0,21235300,3184012900,1335,26.0,149,750900,148,404300,10365854185,10365854185,3391707489,1583000,2371500,0,0,0
2025-05-07,DILD,Intiland Development Tbk.,--MO1135000000H111------------,154.0,156.0,156.0,152.0,153.0,-1.0,14564200,2236790900,977,26.7,155,141500,153,1005100,10365854185,10365854185,3391707489,3132000,2082000,0,0,0
2025-05-06,DILD,Intiland Development Tbk.,--MO1135000000H111------------,156.0,156.0,157.0,152.0,154.0,-2.0,17657300,2708992400,1171,26.8,154,465000,153,26800,10365854185,10365854185,3391707489,68900,2591500,0,0,0
2025-05-05,DILD,Intiland Development Tbk.,--MO1135000000H111------------,156.0,157.0,158.0,154.0,156.0,0.0,14880600,2317901300,944,27.2,156,797300,155,1856800,10365854185,10365854185,3391707489,2664600,1293500,0,0,0
2025-05-02,DILD,Intiland Development Tbk.,--MO1135000000H111------------,154.0,157.0,159.0,155.0,156.0,2.0,37244300,5838034100,1954,27.2,157,178600,156,410700,10365854185,10365854185,3391707489,10802200,2939300,0,0,0
2025-04-30,DILD,Intiland Development Tbk.,--MO1135000000H111------------,148.0,149.0,164.0,147.0,154.0,6.0,105277300,16571260900,5494,26.8,154,162300,153,5813700,10365854185,10365854185,3391707489,13996400,10924700,0,0,0
2025-04-29,DILD,Intiland Development Tbk.,--MO1135000000H111------------,149.0,150.0,150.0,146.0,148.0,-1.0,6956800,1023425400,698,25.8,148,179100,147,516200,10365854185,10365854185,3391707489,611500,1167500,0,0,0
2025-04-28,DILD,Intiland Development Tbk.,--MO1135000000H111------------,150.0,151.0,151.0,145.0,149.0,-1.0,14740200,2175196200,1619,26.0,149,257400,148,131300,10365854185,10365854185,3391707489,3175100,594500,0,0,0
2025-04-25,DILD,Intiland Development Tbk.,--MO1135000000H111------------,148.0,148.0,152.0,148.0,150.0,2.0,12522200,1875952500,1154,26.1,151,211800,150,490300,10365854185,10365854185,3391707489,2042500,3130800,0,0,0
2025-04-24,DILD,Intiland Development Tbk.,--MO1135000000H111------------,149.0,149.0,153.0,148.0,148.0,-1.0,18307200,2752036300,1192,25.8,149,77600,148,2254500,10365854185,10365854185,3391707489,3012200,731500,0,0,0
2025-04-23,DILD,Intiland Development Tbk.,--MO1135000000H111------------,148.0,149.0,155.0,148.0,149.0,1.0,31790900,4828405500,2361,26.0,151,288100,149,1618200,10365854185,10365854185,3391707489,4183400,1522300,0,0,0
2025-04-22,DILD,Intiland Development Tbk.,--MO1135000000H111------------,155.0,156.0,156.0,145.0,148.0,-7.0,42970800,6387665600,3868,25.8,148,56600,147,535000,10365854185,10365854185,3391707489,6867200,2385300,82,12054,1
2025-04-21,DILD,Intiland Development Tbk.,--MO1135000000H111------------,132.0,132.0,160.0,131.0,155.0,23.0,200033100,30498428900,12648,27.0,156,1113300,155,2483900,10365854185,10365854185,3391707489,26470300,9183000,1683700,106073100,1
2025-04-17,DILD,Intiland Development Tbk.,--MO1135000000H111------------,130.0,130.0,133.0,127.0,132.0,2.0,8211600,1068941600,788,23.0,132,95600,131,347800,10365854185,10365854185,3391707489,1136200,438300,81491203,12950235483,4
2025-04-16,DILD,Intiland Development Tbk.,--MO1135000000H111------------,124.0,124.0,131.0,123.0,130.0,6.0,18924800,2422054700,1251,22.7,130,46000,129,109500,10365854185,10365854185,3391707489,1259200,2984700,3169540,507126400,1
2025-04-15,DILD,Intiland Development Tbk.,--MO1135000000H111------------,124.0,126.0,126.0,123.0,124.0,0.0,5233200,651568900,448,21.6,125,605800,124,87600,10365854185,10365854185,3391707489,120800,1083500,0,0,0
2025-04-14,DILD,Intiland Development Tbk.,--MO1135000000H111------------,118.0,119.0,125.0,118.0,124.0,6.0,9015400,1105782700,742,21.6,125,135500,124,14800,10365854185,10365854185,3391707489,436100,2545700,0,0,0
2025-04-11,DILD,Intiland Development Tbk.,--MO1135000000H111------------,116.0,117.0,119.0,116.0,118.0,2.0,5986100,703542600,469,20.6,118,30700,117,39100,10365854185,10365854185,3391707489,107400,2659500,0,0,0
2025-04-10,DILD,Intiland Development Tbk.,--MO1135000000H111------------,112.0,115.0,119.0,115.0,116.0,4.0,7126000,834725800,543,20.2,117,228000,116,1198400,10365854185,10365854185,3391707489,598600,1960000,80405603,12102317859,22
2025-04-09,DILD,Intiland Development Tbk.,--MO1135000000H111------------,114.0,113.0,116.0,111.0,112.0,-2.0,8799500,992833400,594,19.5,113,16600,112,2437800,10365854185,10365854185,3391707489,1694800,1712600,0,0,0
2025-04-08,DILD,Intiland Development Tbk.,--MO1135000000H111------------,126.0,116.0,118.0,110.0,114.0,-12.0,32689100,3743916200,1294,19.9,115,358400,114,258100,10365854185,10365854185,3391707489,13124300,875600,0,0,0
2025-03-27,DILD,Intiland Development Tbk.,--MO1135000000H111------------,124.0,124.0,129.0,124.0,126.0,2.0,9520300,1204912600,601,22.0,127,413600,126,194400,10365854185,10365854185,3320183095,1869600,383300,0,0,0
2025-03-26,DILD,Intiland Development Tbk.,--MO1135000000H111------------,118.0,119.0,124.0,119.0,124.0,6.0,9838000,1202553200,615,21.6,124,810600,123,11000,10365854185,10365854185,3320183095,6400,5011400,0,0,0
2025-03-25,DILD,Intiland Development Tbk.,--MO1135000000H111------------,116.0,116.0,120.0,116.0,118.0,2.0,9855000,1168679300,711,20.6,119,621700,118,11800,10365854185,10365854185,3320183095,795300,6257700,0,0,0
2025-03-24,DILD,Intiland Development Tbk.,--MO1135000000H111------------,119.0,118.0,118.0,115.0,116.0,-3.0,16776400,1951570300,758,20.2,117,157600,116,739100,10365854185,10365854185,3320183095,6515400,6318500,46451118,8083031325,9
2025-03-21,DILD,Intiland Development Tbk.,--MO1135000000H111------------,120.0,121.0,121.0,118.0,119.0,-1.0,4395800,522379200,451,20.7,120,601500,118,456700,10365854185,10365854185,3320183095,572200,80400,0,0,0
2025-03-20,DILD,Intiland Development Tbk.,--MO1135000000H111------------,120.0,120.0,121.0,118.0,120.0,0.0,6673800,797518300,577,20.9,120,130800,119,972000,10365854185,10365854185,3320183095,885600,841800,0,0,0
2025-03-19,DILD,Intiland Development Tbk.,--MO1135000000H111------------,119.0,120.0,123.0,118.0,120.0,1.0,12175300,1463791000,748,20.9,121,1219800,120,15400,10365854185,10365854185,3320183095,2569600,3720300,0,0,0
2025-03-18,DILD,Intiland Development Tbk.,--MO1135000000H111------------,121.0,123.0,123.0,115.0,119.0,-2.0,26969300,3171503000,1335,20.7,119,232300,118,3800,10365854185,10365854185,3320183095,5401200,4549300,0,0,0
2025-03-17,DILD,Intiland Development Tbk.,--MO1135000000H111------------,121.0,120.0,123.0,120.0,121.0,0.0,10686500,1295665500,523,21.1,122,155100,120,1170100,10365854185,10365854185,3320183095,93400,2818100,0,0,0
2025-03-14,DILD,Intiland Development Tbk.,--MO1135000000H111------------,122.0,123.0,123.0,119.0,121.0,-1.0,9665700,1165208600,604,21.1,121,235500,120,45900,10365854185,10365854185,3320183095,2076700,1345600,0,0,0
2025-03-13,DILD,Intiland Development Tbk.,--MO1135000000H111------------,122.0,122.0,123.0,120.0,122.0,0.0,9992900,1217470500,627,21.3,122,135800,121,1109300,10365854185,10365854185,3320183095,2720700,2954400,0,0,0
2025-03-12,DILD,Intiland Development Tbk.,--MO1135000000H111------------,119.0,120.0,123.0,119.0,122.0,3.0,10596600,1279941200,687,21.3,122,34400,121,375500,10365854185,10365854185,3320183095,2731600,2346900,0,0,0
2025-03-11,DILD,Intiland Development Tbk.,--MO1135000000H111------------,125.0,125.0,125.0,118.0,119.0,-6.0,28624700,3420966200,1517,20.7,120,590700,119,53000,10365854185,10365854185,3320183095,6318400,8178600,1556261800,194532725000,2
2025-03-10,DILD,Intiland Development Tbk.,--MO1135000000H111------------,125.0,125.0,125.0,122.0,125.0,0.0,5197300,644450700,474,21.8,125,692500,124,147200,10365854185,10365854185,3320183095,2018100,872900,0,0,0
2025-03-07,DILD,Intiland Development Tbk.,--MO1135000000H111------------,125.0,125.0,126.0,122.0,125.0,0.0,9615600,1190201700,653,21.8,125,1624600,124,102700,10365854185,10365854185,3320183095,3276000,989900,0,0,0
2025-03-06,DILD,Intiland Development Tbk.,--MO1135000000H111------------,125.0,126.0,128.0,123.0,125.0,0.0,13495700,1690929400,845,21.8,126,953100,124,1443600,10365854185,10365854185,3320183095,2053700,848500,52261435,9104289443,9
2025-03-05,DILD,Intiland Development Tbk.,--MO1135000000H111------------,119.0,119.0,128.0,118.0,125.0,6.0,23162900,2876412400,1335,21.8,125,23100,124,478800,10365854185,10365854185,3320183095,3135600,1648800,0,0,0
2025-03-04,DILD,Intiland Development Tbk.,--MO1135000000H111------------,125.0,126.0,126.0,116.0,119.0,-6.0,31066500,3731728500,1923,20.7,120,146700,119,276700,10365854185,10365854185,3320183095,7548200,477800,0,0,0
2025-03-03,DILD,Intiland Development Tbk.,--MO1135000000H111------------,127.0,128.0,130.0,125.0,125.0,-2.0,73874300,9360414800,12144,21.8,126,114200,125,334200,10365854185,10365854185,3320183095,13523300,5504400,0,0,0
2025-02-28,DILD,Intiland Development Tbk.,--MO1135000000H111------------,133.0,133.0,133.0,125.0,127.0,-6.0,14655400,1892844500,1113,22.1,127,843300,126,1914100,10365854185,10365854185,3320183095,3670900,440300,0,0,0
2025-02-27,DILD,Intiland Development Tbk.,--MO1135000000H111------------,142.0,144.0,144.0,133.0,133.0,-9.0,22347600,3053640300,1637,23.2,134,1600600,133,175200,10365854185,10365854185,3320183095,3663100,745600,0,0,0
2025-02-26,DILD,Intiland Development Tbk.,--MO1135000000H111------------,145.0,145.0,147.0,140.0,142.0,-3.0,11115300,1590741500,979,24.7,143,198300,142,33200,10365854185,10365854185,3320183095,3904100,4000,0,0,0
2025-02-25,DILD,Intiland Development Tbk.,--MO1135000000H111------------,148.0,148.0,148.0,143.0,145.0,-3.0,7950700,1152869500,824,25.3,145,517200,144,57200,10365854185,10365854185,3320183095,2118800,0,59429725,10128181348,19
2025-02-24,DILD,Intiland Development Tbk.,--MO1135000000H111------------,148.0,148.0,148.0,144.0,148.0,0.0,10177200,1486201900,828,25.8,148,800,147,52300,10365854185,10365854185,3320183095,5024400,1000000,0,0,0
2025-02-21,DILD,Intiland Development Tbk.,--MO1135000000H111------------,148.0,149.0,150.0,147.0,148.0,0.0,5740200,850785100,383,25.8,148,1785600,147,2945600,10365854185,10365854185,3320183095,579700,537200,0,0,0
2025-02-20,DILD,Intiland Development Tbk.,--MO1135000000H111------------,149.0,150.0,151.0,147.0,148.0,-1.0,5891600,875651400,577,25.8,149,276500,148,26100,10365854185,10365854185,3320183095,1063300,13200,0,0,0
2025-02-19,DILD,Intiland Development Tbk.,--MO1135000000H111------------,152.0,152.0,152.0,149.0,149.0,-3.0,4423100,661724600,499,26.0,150,110500,149,905900,10365854185,10365854185,3320183095,1071300,0,0,0,0
2025-02-18,DILD,Intiland Development Tbk.,--MO1135000000H111------------,152.0,151.0,153.0,150.0,152.0,0.0,5298100,800126400,523,26.5,152,1229600,151,105800,10365854185,10365854185,3320183095,705100,1678100,100000,20200000,1
2025-02-17,DILD,Intiland Development Tbk.,--MO1135000000H111------------,148.0,147.0,153.0,147.0,152.0,4.0,7888300,1186841600,654,26.5,152,146000,151,34100,10365854185,10365854185,3320183095,1536000,1390200,0,0,0
2025-02-14,DILD,Intiland Development Tbk.,--MO1135000000H111------------,148.0,148.0,150.0,146.0,148.0,0.0,3478500,514311400,405,25.8,149,439300,148,29600,10365854185,10365854185,3320183095,500700,102800,0,0,0
2025-02-13,DILD,Intiland Development Tbk.,--MO1135000000H111------------,149.0,149.0,150.0,146.0,148.0,-1.0,4835300,711530400,514,25.8,148,105000,147,6200,10365854185,10365854185,3320183095,2179200,134200,30596933,6081368627,14
2025-02-12,DILD,Intiland Development Tbk.,--MO1135000000H111------------,148.0,148.0,150.0,147.0,149.0,1.0,5257200,777322000,452,26.0,149,74000,148,625100,10365854185,10365854185,3320183095,711200,140500,0,0,0
2025-02-11,DILD,Intiland Development Tbk.,--MO1135000000H111------------,146.0,146.0,150.0,146.0,148.0,2.0,7290300,1080201900,500,25.8,148,291100,147,1044300,10365854185,10365854185,3320183095,1354700,0,0,0,0
2025-02-10,DILD,Intiland Development Tbk.,--MO1135000000H111------------,151.0,151.0,152.0,145.0,146.0,-5.0,10151900,1494774200,1002,25.4,146,153900,145,2089600,10365854185,10365854185,3320183095,4149300,78000,0,0,0
2025-02-07,DILD,Intiland Development Tbk.,--MO1135000000H111------------,151.0,152.0,153.0,149.0,151.0,0.0,10687300,1601026600,690,26.3,151,631700,150,20000,10365854185,10365854185,3320183095,3744400,20000,0,0,0
2025-02-06,DILD,Intiland Development Tbk.,--MO1135000000H111------------,155.0,154.0,155.0,151.0,151.0,-4.0,18749300,2837915800,714,26.3,152,504100,151,2464200,10365854185,10365854185,3320183095,2311000,1102600,0,0,0
2025-02-05,DILD,Intiland Development Tbk.,--MO1135000000H111------------,156.0,156.0,156.0,152.0,155.0,-1.0,9582800,1471184600,947,27.0,155,691900,154,100,10365854185,10365854185,3320183095,2497600,0,0,0,0
2025-02-04,DILD,Intiland Development Tbk.,--MO1135000000H111------------,155.0,155.0,158.0,155.0,156.0,1.0,5230100,815198600,425,27.2,156,306200,155,4305700,10365854185,10365854185,3320183095,1186800,292400,0,0,0
2025-02-03,DILD,Intiland Development Tbk.,--MO1135000000H111------------,158.0,158.0,158.0,155.0,155.0,-3.0,7538100,1171893100,565,27.0,156,941700,155,2321400,10365854185,10365854185,3320183095,1257200,0,0,0,0
2025-01-31,DILD,Intiland Development Tbk.,--MO1135000000H111------------,155.0,155.0,158.0,155.0,158.0,3.0,5200900,818474500,450,27.5,158,47500,157,177100,10365854185,10365854185,3320183095,1821200,1272000,0,0,0
2025-01-30,DILD,Intiland Development Tbk.,--MO1135000000H111------------,156.0,156.0,157.0,154.0,155.0,-1.0,9376400,1458494200,841,27.0,155,47200,154,1476600,10365854185,10365854185,3320183095,1503100,0,0,0,0
2025-01-24,DILD,Intiland Development Tbk.,--MO1135000000H111------------,157.0,157.0,159.0,156.0,156.0,-1.0,9473800,1485797000,707,27.2,157,134600,156,283200,10365854185,10365854185,3320183095,2585100,1078400,0,0,0
2025-01-23,DILD,Intiland Development Tbk.,--MO1135000000H111------------,159.0,159.0,160.0,156.0,157.0,-2.0,27349300,4299773200,1587,27.4,158,164200,157,526300,10365854185,10365854185,3320183095,5897400,125000,0,0,0
2025-01-22,DILD,Intiland Development Tbk.,--MO1135000000H111------------,160.0,160.0,162.0,159.0,159.0,-1.0,8103300,1296808200,503,27.7,160,28100,159,3567900,10365854185,10365854185,3320183095,1146600,229300,0,0,0
2025-01-21,DILD,Intiland Development Tbk.,--MO1135000000H111------------,161.0,162.0,162.0,159.0,160.0,-1.0,9211600,1477315200,742,27.9,160,288800,159,1553200,10365854185,10365854185,3320183095,2323900,156000,0,0,0
2025-01-20,DILD,Intiland Development Tbk.,--MO1135000000H111------------,161.0,162.0,163.0,160.0,161.0,0.0,11993300,1927310700,566,28.1,161,374700,160,3985600,10365854185,10365854185,3320183095,1547000,25800,0,0,0
2025-01-17,DILD,Intiland Development Tbk.,--MO1135000000H111------------,162.0,163.0,164.0,161.0,161.0,-1.0,5872800,947865300,514,28.1,161,584800,160,14911700,10365854185,10365854185,3320183095,561700,455300,0,0,0
2025-01-16,DILD,Intiland Development Tbk.,--MO1135000000H111------------,165.0,165.0,167.0,162.0,162.0,-3.0,6568900,1069443300,646,28.2,163,510100,162,249800,10365854185,10365854185,3320183095,804100,151400,81369551,14998184236,4
2025-01-15,DILD,Intiland Development Tbk.,--MO1135000000H111------------,160.0,160.0,165.0,160.0,165.0,5.0,10537500,1712708600,670,28.8,165,1700,164,6000,10365854185,10365854185,3320183095,2034300,1165400,0,0,0
2025-01-14,DILD,Intiland Development Tbk.,--MO1135000000H111------------,162.0,162.0,163.0,160.0,160.0,-2.0,6882000,1106361800,430,27.9,161,1120600,160,10404000,10365854185,10365854185,3320183095,1003600,125000,0,0,0
2025-01-13,DILD,Intiland Development Tbk.,--MO1135000000H111------------,164.0,164.0,165.0,160.0,162.0,-2.0,7928400,1284428600,568,28.2,162,170000,161,30000,10365854185,10365854185,3320183095,748400,11900,0,0,0
2025-01-10,DILD,Intiland Development Tbk.,--MO1135000000H111------------,166.0,166.0,167.0,164.0,164.0,-2.0,5356000,883559300,496,28.6,165,67600,164,32500,10365854185,10365854185,3320183095,1094700,0,0,0,0
2025-01-09,DILD,Intiland Development Tbk.,--MO1135000000H111------------,164.0,164.0,171.0,164.0,166.0,2.0,15145300,2544261500,1265,28.9,167,772100,166,14900,10365854185,10365854185,3320183095,2577100,1633600,0,0,0
2025-01-08,DILD,Intiland Development Tbk.,--MO1135000000H111------------,161.0,162.0,164.0,161.0,164.0,3.0,7071300,1150094600,537,28.6,164,511000,163,65800,10365854185,10365854185,3320183095,334200,617400,0,0,0
2025-01-07,DILD,Intiland Development Tbk.,--MO1135000000H111------------,160.0,160.0,162.0,159.0,161.0,1.0,5434300,872465400,349,28.1,162,771600,161,121900,10365854185,10365854185,3320183095,715300,0,0,0,0
2025-01-06,DILD,Intiland Development Tbk.,--MO1135000000H111------------,161.0,161.0,161.0,159.0,160.0,-1.0,15210700,2432941000,557,27.9,160,195100,159,2233600,10365854185,10365854185,3320183095,77300,61200,0,0,0
2025-01-03,DILD,Intiland Development Tbk.,--MO1135000000H111------------,160.0,160.0,162.0,160.0,161.0,1.0,3410400,549981700,361,28.1,162,475300,161,47400,10365854185,10365854185,3320183095,241100,0,0,0,0
2025-01-02,DILD,Intiland Development Tbk.,--MO1135000000H111------------,162.0,162.0,162.0,159.0,160.0,-2.0,7942800,1273880900,660,27.9,161,132200,160,2385200,10365854185,10365854185,3320183095,831100,221100,0,0,0
2024-12-30,DILD,Intiland Development Tbk.,--MO1135000000H111------------,156.0,157.0,162.0,156.0,162.0,6.0,6650400,1056218700,581,28.2,162,100200,161,6900,10365854185,10365854185,3324329437,1806400,91800,0,0,0
2024-12-27,DILD,Intiland Development Tbk.,--MO1135000000H111------------,156.0,156.0,160.0,156.0,156.0,0.0,8885000,1397461700,844,27.2,157,61400,156,538200,10365854185,10365854185,3324329437,772700,172700,0,0,0
2024-12-24,DILD,Intiland Development Tbk.,--MO1135000000H111------------,159.0,159.0,159.0,155.0,156.0,-3.0,16556600,2592401100,1062,27.2,156,12600,155,4208200,10365854185,10365854185,3324329437,1795000,0,42433725,8038032331,9
2024-12-23,DILD,Intiland Development Tbk.,--MO1135000000H111------------,159.0,160.0,161.0,157.0,159.0,0.0,9492800,1506012200,722,27.7,159,1503900,158,262700,10365854185,10365854185,3324329437,882900,40400,0,0,0
2024-12-20,DILD,Intiland Development Tbk.,--MO1135000000H111------------,160.0,160.0,161.0,158.0,159.0,-1.0,7556100,1205306300,705,27.7,159,709500,158,1467200,10365854185,10365854185,3324329437,1212800,153100,0,0,0
2024-12-19,DILD,Intiland Development Tbk.,--MO1135000000H111------------,165.0,164.0,164.0,156.0,160.0,-5.0,18705400,2978897900,1306,27.9,160,46300,159,31600,10365854185,10365854185,3324329437,1643500,553500,0,0,0
2024-12-18,DILD,Intiland Development Tbk.,--MO1135000000H111------------,166.0,166.0,167.0,163.0,165.0,-1.0,6343800,1041429100,658,28.8,165,327000,164,784700,10365854185,10365854185,3324329437,1342100,0,0,0,0
2024-12-17,DILD,Intiland Development Tbk.,--MO1135000000H111------------,167.0,168.0,169.0,165.0,166.0,-1.0,5646200,934894500,602,28.9,166,278900,165,1040900,10365854185,10365854185,3324329437,1006800,1093400,0,0,0
2024-12-16,DILD,Intiland Development Tbk.,--MO1135000000H111------------,170.0,170.0,170.0,166.0,167.0,-3.0,6509500,1089416300,705,29.1,167,99800,166,2535600,10365854185,10365854185,3324329437,1225000,260000,0,0,0
2024-12-13,DILD,Intiland Development Tbk.,--MO1135000000H111------------,170.0,170.0,171.0,168.0,170.0,0.0,7788800,1320001500,499,29.6,170,990600,169,23500,10365854185,10365854185,3324329437,1054300,3467300,0,0,0
2024-12-12,DILD,Intiland Development Tbk.,--MO1135000000H111------------,172.0,173.0,173.0,169.0,170.0,-2.0,7414100,1262783400,555,29.6,170,824300,169,6919800,10365854185,10365854185,3324329437,951800,65900,0,0,0
2024-12-11,DILD,Intiland Development Tbk.,--MO1135000000H111------------,173.0,174.0,174.0,171.0,172.0,-1.0,7854000,1352310300,782,30.0,172,5331500,171,758400,10365854185,10365854185,3324329437,1486400,174400,0,0,0
2024-12-10,DILD,Intiland Development Tbk.,--MO1135000000H111------------,172.0,173.0,178.0,171.0,173.0,1.0,26834300,4677111100,1305,30.1,174,180400,173,238900,10365854185,10365854185,3324329437,4337900,447300,0,0,0
2024-12-09,DILD,Intiland Development Tbk.,--MO1135000000H111------------,171.0,171.0,172.0,170.0,172.0,1.0,8633700,1474979600,564,30.0,172,287700,171,23300,10365854185,10365854185,3324329437,1965600,13500,0,0,0
2024-12-06,DILD,Intiland Development Tbk.,--M-1135000000H111------------,172.0,0.0,173.0,170.0,171.0,-1.0,6487500,1109813700,524,29.8,171,366300,170,2642700,10365854185,10365854185,3324329437,1565300,10600,24497547,4997499588,3
2024-12-05,DILD,Intiland Development Tbk.,--M-1135000000H111------------,168.0,0.0,174.0,167.0,172.0,4.0,15155300,2596112400,905,30.0,172,196000,171,26300,10365854185,10365854185,3324329437,4379100,2379300,0,0,0
2024-12-04,DILD,Intiland Development Tbk.,--M-1135000000H111------------,165.0,0.0,168.0,164.0,168.0,3.0,10125300,1682083200,756,29.3,168,395000,167,201900,10365854185,10365854185,3324329437,1395200,1934600,10198976,1998999296,4
2024-12-03,DILD,Intiland Development Tbk.,--M-1135000000H111------------,164.0,0.0,165.0,162.0,165.0,1.0,5535400,907526500,713,28.8,165,1374600,164,1300,10365854185,10365854185,3324329437,1338800,454200,20397957,3997999572,3
2024-12-02,DILD,Intiland Development Tbk.,--M-1135000000H111------------,167.0,0.0,168.0,163.0,164.0,-3.0,20065600,3291228400,1088,28.6,164,56700,163,3792400,10365854185,10365854185,3324329437,3845700,583000,0,0,0
2024-11-29,DILD,Intiland Development Tbk.,--S-1135000000H111------------,168.0,0.0,169.0,164.0,167.0,-1.0,12734200,2107980700,1065,29.1,168,109000,167,20800,10365854185,10365854185,3324329437,2710500,522600,0,0,0
2024-11-28,DILD,Intiland Development Tbk.,--S-1135000000H111------------,170.0,0.0,173.0,167.0,168.0,-2.0,8946100,1503062200,804,29.3,169,257600,168,401600,10365854185,10365854185,3324329437,5435800,63000,0,0,0
2024-11-26,DILD,Intiland Development Tbk.,--S-1135000000H111------------,171.0,0.0,175.0,168.0,170.0,-1.0,7990000,1353935500,520,29.6,170,187100,169,1110700,10365854185,10365854185,3324329437,1975900,912900,0,0,0
2024-11-25,DILD,Intiland Development Tbk.,--S-1135000000H111------------,168.0,0.0,174.0,169.0,171.0,3.0,21126600,3616210100,970,29.8,172,436300,171,10900,10365854185,10365854185,3324329437,1756500,4924700,37818915,6996499275,9
2024-11-22,DILD,Intiland Development Tbk.,--S-1135000000H111------------,169.0,0.0,170.0,167.0,168.0,-1.0,21394600,3597530100,801,29.3,168,2000,167,6163000,10365854185,10365854185,3324329437,2722400,1376200,188258338,31526285516,3
2024-11-21,DILD,Intiland Development Tbk.,--S-1135000000H111------------,171.0,0.0,172.0,168.0,169.0,-2.0,7988500,1354644100,626,29.4,170,623500,168,6853900,10365854185,10365854185,3324329437,2029800,535100,0,0,0
2024-11-20,DILD,Intiland Development Tbk.,--S-1135000000H111------------,171.0,0.0,172.0,169.0,171.0,0.0,10920100,1857879900,551,29.8,171,1500,170,1370700,10365854185,10365854185,3324329437,1440100,1405000,0,0,0
2024-11-19,DILD,Intiland Development Tbk.,--S-1135000000H111------------,168.0,0.0,172.0,168.0,171.0,3.0,15173700,2574893800,649,29.8,171,30300,170,1865300,10365854185,10365854185,3324329437,577800,3660500,0,0,0
2024-11-18,DILD,Intiland Development Tbk.,--S-1135000000H111------------,171.0,0.0,172.0,167.0,168.0,-3.0,15351100,2593825600,1048,29.3,168,9000,167,2883500,10365854185,10365854185,3324329437,1811800,3605100,0,0,0
2024-11-15,DILD,Intiland Development Tbk.,--S-1135000000H111------------,171.0,0.0,173.0,169.0,171.0,0.0,22162700,3773698200,691,29.8,172,399300,171,1055700,10365854185,10365854185,3324329437,2493600,739200,0,0,0
2024-11-14,DILD,Intiland Development Tbk.,--S-1135000000H111------------,174.0,0.0,177.0,170.0,171.0,-3.0,14348900,2465974000,806,29.8,172,600,171,955100,10365854185,10365854185,3324329437,5913300,1038000,0,0,0
2024-11-13,DILD,Intiland Development Tbk.,--S-1135000000H111------------,175.0,0.0,177.0,173.0,174.0,-1.0,13742800,2394937000,675,30.3,175,55200,174,14400,10365854185,10365854185,3324329437,4075200,161900,0,0,0
2024-11-12,DILD,Intiland Development Tbk.,--S-1135000000H111------------,170.0,0.0,176.0,169.0,175.0,5.0,22794000,3951397800,1165,30.5,175,576300,174,2354700,10365854185,10365854185,3324329437,3902700,4065500,16208108,2998499980,1
2024-11-11,DILD,Intiland Development Tbk.,--S-1135000000H111------------,171.0,0.0,172.0,166.0,170.0,-1.0,20269900,3427187900,1275,29.6,171,138800,170,1420400,10365854185,10365854185,3324329437,3296700,2869600,0,0,0
2024-11-08,DILD,Intiland Development Tbk.,--S-1135000000H111------------,173.0,0.0,177.0,169.0,171.0,-2.0,25504800,4381552400,1632,29.8,172,141000,171,119000,10365854185,10365854185,3324329437,5880300,1747400,0,0,0
2024-11-07,DILD,Intiland Development Tbk.,--S-1135000000H111------------,176.0,0.0,177.0,171.0,173.0,-3.0,23740400,4109012600,1385,30.1,174,2010600,173,1771100,10365854185,10365854185,3324329437,3156500,2286200,1600,260800,1
2024-11-06,DILD,Intiland Development Tbk.,--S-1135000000H111------------,176.0,0.0,179.0,173.0,176.0,0.0,35618800,6281697000,1998,30.7,176,199000,175,590900,10365854185,10365854185,3324329437,13462100,2172000,150000,27300000,1
2024-11-05,DILD,Intiland Development Tbk.,--S-1135000000H111------------,181.0,0.0,181.0,176.0,176.0,-5.0,30373100,5381707000,20872,30.7,176,419500,175,5155900,10365854185,10365854185,3324329437,8257800,325200,79,13983,1
2024-11-04,DILD,Intiland Development Tbk.,--S-1135000000H111------------,181.0,0.0,183.0,176.0,181.0,0.0,40371100,7180440500,2366,31.5,181,778900,180,40800,10365854185,10365854185,3324329437,5914700,7117400,42,7476,1
2024-11-01,DILD,Intiland Development Tbk.,--S-1135000000H111------------,185.0,0.0,187.0,180.0,181.0,-4.0,36067300,6549643300,2122,31.5,182,529700,181,536300,10365854185,10365854185,3324329437,3839500,4955400,0,0,0
2024-10-31,DILD,Intiland Development Tbk.,--S-1135000000H111------------,192.0,0.0,193.0,183.0,185.0,-7.0,95607000,17894648100,3889,32.2,186,402700,185,3472900,10365854185,10365854185,3324329437,15507100,14306200,0,0,0
2024-10-30,DILD,Intiland Development Tbk.,--S-1135000000H111------------,195.0,0.0,196.0,188.0,192.0,-3.0,22796700,4357427900,1464,33.5,193,1704700,192,239100,10365854185,10365854185,3324329437,9207900,573500,0,0,0
2024-10-29,DILD,Intiland Development Tbk.,--S-1135000000H111------------,192.0,0.0,197.0,191.0,195.0,3.0,31629200,6133883200,1513,34.0,195,848100,194,86200,10365854185,10365854185,3324329437,8629000,5398000,260000432,52000086400,1
2024-10-28,DILD,Intiland Development Tbk.,--S-1135000000H111------------,198.0,0.0,199.0,191.0,192.0,-6.0,40317700,7793069300,2327,33.5,193,3062000,192,17300,10365854185,10365854185,3324329437,3032800,3914300,0,0,0
2024-10-25,DILD,Intiland Development Tbk.,--S-1135000000H111------------,202.0,0.0,206.0,198.0,198.0,-4.0,39838900,7988997100,2188,34.5,198,265500,197,713800,10365854185,10365854185,3324329437,3085900,655300,0,0,0
2024-10-24,DILD,Intiland Development Tbk.,--S-1135000000H111------------,208.0,0.0,208.0,202.0,202.0,-6.0,20948300,4279212000,1145,35.2,204,6100,202,6023000,10365854185,10365854185,3324329437,2672700,1428100,0,0,0
2024-10-23,DILD,Intiland Development Tbk.,--S-1135000000H111------------,210.0,0.0,210.0,206.0,208.0,-2.0,21468600,4454433200,1212,36.2,208,399800,206,8983700,10365854185,10365854185,3324329437,4472000,74200,0,0,0
2024-10-22,DILD,Intiland Development Tbk.,--S-1135000000H111------------,212.0,0.0,214.0,208.0,210.0,-2.0,22776200,4798507400,1388,36.6,210,750200,208,6191800,10365854185,10365854185,3324329437,4418900,61500,0,0,0
2024-10-21,DILD,Intiland Development Tbk.,--S-1135000000H111------------,214.0,0.0,216.0,212.0,212.0,-2.0,13404600,2872515400,988,36.9,214,1534900,212,5257600,10365854185,10365854185,3324329437,1173400,2811700,0,0,0
2024-10-18,DILD,Intiland Development Tbk.,--S-1135000000H111------------,214.0,0.0,216.0,210.0,214.0,0.0,30216600,6465926200,1328,37.3,214,33300,212,4476800,10365854185,10365854185,3324329437,7926500,8528300,0,0,0
2024-10-17,DILD,Intiland Development Tbk.,--S-1135000000H111------------,212.0,0.0,216.0,210.0,214.0,2.0,24521100,5231489400,1162,37.3,216,3819000,214,2000000,10365854185,10365854185,3324329437,5007700,12235900,40364423,8395799984,2
2024-10-16,DILD,Intiland Development Tbk.,--S-1135000000H111------------,212.0,0.0,216.0,210.0,212.0,0.0,20338700,4328079600,1309,36.9,212,119300,210,3334700,10365854185,10365854185,3324329437,5527800,3604900,0,0,0
2024-10-15,DILD,Intiland Development Tbk.,--S-1135000000H111------------,212.0,0.0,214.0,210.0,212.0,0.0,15597700,3303398200,841,36.9,212,2621600,210,4461100,10365854185,10365854185,3324329437,4458700,138200,0,0,0
2024-10-14,DILD,Intiland Development Tbk.,--S-1135000000H111------------,212.0,0.0,216.0,210.0,212.0,0.0,16915000,3600472400,1246,36.9,214,3308200,212,4501500,10365854185,10365854185,3324329437,7142200,3907800,0,0,0
2024-10-11,DILD,Intiland Development Tbk.,--S-1135000000H111------------,208.0,0.0,218.0,208.0,212.0,4.0,46136400,9902408200,1997,36.9,214,483500,212,6668300,10365854185,10365854185,3324329437,3750200,5803800,0,0,0
2024-10-10,DILD,Intiland Development Tbk.,--S-1135000000H111------------,210.0,0.0,210.0,206.0,208.0,-2.0,11462000,2387498200,733,36.2,208,800,206,3899800,10365854185,10365854185,3324329437,4351200,20000,0,0,0
2024-10-09,DILD,Intiland Development Tbk.,--S-1135000000H111------------,214.0,0.0,216.0,208.0,210.0,-4.0,20479100,4308048600,841,36.6,210,829500,208,5772300,10365854185,10365854185,3324329437,12030700,586700,0,0,0
2024-10-08,DILD,Intiland Development Tbk.,--S-1135000000H111------------,210.0,0.0,218.0,204.0,214.0,4.0,37096900,7829179200,1469,37.3,214,1185800,212,6800300,10365854185,10365854185,3324329437,5104900,13233100,0,0,0
2024-10-07,DILD,Intiland Development Tbk.,--S-1135000000H111------------,204.0,0.0,212.0,200.0,210.0,6.0,42325100,8713336600,1666,36.6,212,3061400,210,3918400,10365854185,10365854185,3324329437,4323800,7889300,0,0,0
2024-10-04,DILD,Intiland Development Tbk.,--S-1135000000H111------------,208.0,0.0,210.0,204.0,204.0,-4.0,17292400,3558159800,1132,35.5,204,52500,202,3679300,10365854185,10365854185,3324329437,5956400,228300,0,0,0
2024-10-03,DILD,Intiland Development Tbk.,--S-1135000000H111------------,208.0,0.0,210.0,204.0,208.0,0.0,22160700,4588585600,1266,36.2,208,320700,206,4028800,10365854185,10365854185,3324329437,2586200,4219500,0,0,0
2024-10-02,DILD,Intiland Development Tbk.,--S-1135000000H111------------,214.0,0.0,216.0,206.0,208.0,-6.0,34610700,7234456600,2172,36.2,208,480100,206,1702000,10365854185,10365854185,3324329437,9579000,7595300,0,0,0
2024-10-01,DILD,Intiland Development Tbk.,--S-1135000000H111------------,208.0,0.0,214.0,204.0,214.0,6.0,18612800,3937622200,1879,37.3,214,1082400,212,2558400,10365854185,10365854185,3324329437,63500,8104000,0,0,0
2024-09-30,DILD,Intiland Development Tbk.,--S-1135000000H111------------,214.0,0.0,218.0,208.0,208.0,-6.0,43794200,9203126600,2179,36.2,210,2793100,208,414900,10365854185,10365854185,3190609918,7918200,1449500,0,0,0
2024-09-27,DILD,Intiland Development Tbk.,--S-1135000000H111------------,214.0,0.0,216.0,210.0,214.0,0.0,26312500,5600645000,1642,37.3,216,426400,214,108900,10365854185,10365854185,3190609918,3117300,7106500,0,0,0
2024-09-26,DILD,Intiland Development Tbk.,--S-1135000000H111------------,220.0,0.0,222.0,212.0,214.0,-6.0,55598300,11973474800,2724,37.3,214,15300,212,7204900,10365854185,10365854185,3190609918,9491900,5828000,0,0,0
2024-09-25,DILD,Intiland Development Tbk.,--S-1135000000H111------------,228.0,0.0,230.0,218.0,220.0,-8.0,74566800,16545534600,2754,38.3,222,446100,220,1227700,10365854185,10365854185,3190609918,33682600,963500,0,0,0
2024-09-24,DILD,Intiland Development Tbk.,--S-1135000000H111------------,222.0,0.0,230.0,220.0,228.0,6.0,54881400,12340026000,2616,39.7,228,333000,226,4036300,10365854185,10365854185,3190609918,3158300,25335200,0,0,0
2024-09-23,DILD,Intiland Development Tbk.,--S-1135000000H111------------,220.0,0.0,228.0,216.0,222.0,2.0,65288100,14522888000,2441,38.7,224,52900,222,465000,10365854185,10365854185,3190609918,10817700,19259400,0,0,0
2024-09-20,DILD,Intiland Development Tbk.,--S-1135000000H111------------,224.0,0.0,228.0,216.0,220.0,-4.0,42286300,9298482400,2172,38.3,220,573400,218,6694000,10365854185,10365854185,3190609918,5879400,8581800,0,0,0
2024-09-19,DILD,Intiland Development Tbk.,--S-1135000000H111------------,222.0,0.0,234.0,220.0,224.0,2.0,76607200,17239818800,4059,39.0,224,49800,222,4238200,10365854185,10365854185,3190609918,4659200,17050000,0,0,0
2024-09-18,DILD,Intiland Development Tbk.,--S-1135000000H111------------,220.0,0.0,232.0,220.0,222.0,2.0,111338500,25086889200,4748,38.7,222,5870400,220,10552000,10365854185,10365854185,3190609918,4732900,14293900,0,0,0
2024-09-17,DILD,Intiland Development Tbk.,--S-1135000000H111------------,210.0,0.0,222.0,206.0,220.0,10.0,149380400,32309575200,4675,38.3,222,6592900,220,298700,10365854185,10365854185,3190609918,2041700,49469500,0,0,0
2024-09-13,DILD,Intiland Development Tbk.,--S-1135000000H111------------,202.0,0.0,212.0,202.0,210.0,8.0,77470600,16054780600,2269,36.6,212,5241400,210,986500,10365854185,10365854185,3190609918,1482700,22388500,0,0,0
2024-09-12,DILD,Intiland Development Tbk.,--S-1135000000H111------------,202.0,0.0,206.0,200.0,202.0,0.0,39372300,7997891800,1737,35.2,204,3854600,202,965800,10365854185,10365854185,3190609918,278500,14197700,34765216,8386058539,14
2024-09-11,DILD,Intiland Development Tbk.,--S-1135000000H111------------,208.0,0.0,210.0,200.0,202.0,-6.0,73230100,14936874600,2304,35.2,202,748300,200,8234600,10365854185,10365854185,3190609918,59000,12877800,0,0,0
2024-09-10,DILD,Intiland Development Tbk.,--S-1135000000H111------------,202.0,0.0,214.0,200.0,208.0,6.0,151388800,31329871600,6255,36.2,208,3926300,206,776900,10365854185,10365854185,3190609918,11989700,15408300,100079,20615247,2
2024-09-09,DILD,Intiland Development Tbk.,--S-1135000000H111------------,194.0,0.0,204.0,191.0,202.0,8.0,157589400,31558560900,5193,35.2,204,11541000,202,34941100,10365854185,10365854185,3190609918,4930700,58685800,42,8400,1
2024-09-06,DILD,Intiland Development Tbk.,--S-1135000000H111------------,191.0,0.0,195.0,191.0,194.0,3.0,60634300,11726932800,2026,33.8,194,8500,193,177700,10365854185,10365854185,3190609918,670100,14391700,0,0,0
2024-09-05,DILD,Intiland Development Tbk.,--S-1135000000H111------------,187.0,0.0,193.0,187.0,191.0,4.0,85259000,16224125500,5668,33.3,191,3267900,190,701700,10365854185,10365854185,3190609918,356600,21600200,0,0,0
2024-09-04,DILD,Intiland Development Tbk.,--S-1135000000H111------------,184.0,0.0,190.0,180.0,187.0,3.0,50194000,9279811900,2273,32.6,187,1212100,186,118600,10365854185,10365854185,3190609918,2071100,12767000,0,0,0
2024-09-03,DILD,Intiland Development Tbk.,--S-1135000000H111------------,187.0,0.0,188.0,184.0,184.0,-3.0,20532700,3799491300,1411,32.1,185,758600,184,204400,10365854185,10365854185,3190609918,880900,2036900,0,0,0
2024-09-02,DILD,Intiland Development Tbk.,--S-1135000000H111------------,183.0,0.0,188.0,183.0,187.0,4.0,26165300,4860372900,1618,32.6,187,5015600,186,1657900,10365854185,10365854185,3190609918,1107700,431400,0,0,0
2024-08-30,DILD,Intiland Development Tbk.,--S-1135000000H111------------,185.0,0.0,186.0,181.0,183.0,-2.0,29061400,5329902900,1983,31.9,184,150100,183,1454900,10365854185,10365854185,3190609918,1769000,4984900,0,0,0
2024-08-29,DILD,Intiland Development Tbk.,--S-1135000000H111------------,191.0,0.0,192.0,180.0,185.0,-6.0,263337600,48858536000,7105,32.2,185,484500,184,341300,10365854185,10365854185,3190609918,8235400,21194100,0,0,0
2024-08-28,DILD,Intiland Development Tbk.,--S-1135000000H111------------,189.0,0.0,196.0,188.0,191.0,2.0,327674600,62777224200,8841,33.3,192,1960300,191,669100,10365854185,10365854185,3190609918,7589900,28987000,0,0,0
2024-08-27,DILD,Intiland Development Tbk.,--S-1135000000H111------------,195.0,0.0,204.0,187.0,189.0,-6.0,182420700,35697673500,8377,32.9,190,323500,189,122800,10365854185,10365854185,3190609918,8684200,15765200,0,0,0
2024-08-26,DILD,Intiland Development Tbk.,--S-1135000000H111------------,187.0,0.0,196.0,187.0,195.0,8.0,67704500,13042401400,2616,34.0,196,3166600,195,111100,10365854185,10365854185,3190609918,294500,15187300,0,0,0
2024-08-23,DILD,Intiland Development Tbk.,--S-1135000000H111------------,183.0,0.0,188.0,183.0,187.0,4.0,16082900,3003239400,978,32.6,188,1333500,187,2000,10365854185,10365854185,3190609918,194200,6157400,0,0,0
2024-08-22,DILD,Intiland Development Tbk.,--S-1135000000H111------------,187.0,0.0,188.0,183.0,183.0,-4.0,24500800,4515709100,1348,31.9,184,5000,183,3240000,10365854185,10365854185,3190609918,1199100,1300700,0,0,0
2024-08-21,DILD,Intiland Development Tbk.,--S-1135000000H111------------,189.0,0.0,192.0,186.0,187.0,-2.0,21946600,4136349300,1570,32.6,187,401800,186,1921100,10365854185,10365854185,3190609918,956900,2594200,0,0,0
2024-08-20,DILD,Intiland Development Tbk.,--S-1135000000H111------------,186.0,0.0,191.0,186.0,189.0,3.0,31197200,5876825900,1768,32.9,190,3452800,189,38400,10365854185,10365854185,3190609918,900,6901400,0,0,0
2024-08-19,DILD,Intiland Development Tbk.,--S-1135000000H111------------,188.0,0.0,190.0,185.0,186.0,-2.0,21641900,4053466800,1505,32.4,187,558700,186,476600,10365854185,10365854185,3190609918,898000,2183700,0,0,0
2024-08-16,DILD,Intiland Development Tbk.,--S-1135000000H111------------,188.0,0.0,192.0,187.0,188.0,0.0,24793000,4698998900,1661,32.8,189,383400,188,384500,10365854185,10365854185,3190609918,2397200,1065800,0,0,0
2024-08-15,DILD,Intiland Development Tbk.,--S-1135000000H111------------,187.0,0.0,192.0,185.0,188.0,1.0,68256000,12891248800,3269,32.8,188,15400,187,210000,10365854185,10365854185,3190609918,7111500,10088000,0,0,0
2024-08-14,DILD,Intiland Development Tbk.,--S-1135000000H111------------,187.0,0.0,192.0,185.0,188.0,1.0,68256000,12891248800,3269,32.8,188,15400,187,210000,10365854185,10365854185,3190609918,7111500,10088000,0,0,0
2024-08-13,DILD,Intiland Development Tbk.,--S-1135000000H111------------,176.0,0.0,188.0,176.0,187.0,11.0,98192300,17957949600,3718,32.6,187,491700,186,439100,10365854185,10365854185,3190609918,3311000,16160300,0,0,0
2024-08-12,DILD,Intiland Development Tbk.,--S-1135000000H111------------,176.0,0.0,178.0,173.0,176.0,0.0,11216300,1965408500,800,30.7,176,196600,175,840600,10365854185,10365854185,3190609918,83100,445900,0,0,0
2024-08-09,DILD,Intiland Development Tbk.,--S-1135000000H111------------,174.0,0.0,178.0,173.0,176.0,2.0,20585900,3631061500,1299,30.7,176,147300,175,1346800,10365854185,10365854185,3190609918,16700,3253100,0,0,0
2024-08-08,DILD,Intiland Development Tbk.,--S-1135000000H111------------,172.0,0.0,176.0,172.0,174.0,2.0,21685000,3768023800,1174,30.3,174,652000,173,750300,10365854185,10365854185,3190609918,1679200,1623300,0,0,0
2024-08-07,DILD,Intiland Development Tbk.,--S-1135000000H111------------,173.0,0.0,179.0,172.0,172.0,-1.0,40995700,7177857400,2111,30.0,173,25900,172,754200,10365854185,10365854185,3190609918,4226400,2345900,0,0,0
2024-08-06,DILD,Intiland Development Tbk.,--S-1135000000H111------------,172.0,0.0,175.0,170.0,173.0,1.0,14157200,2445778400,899,30.1,174,1647200,173,357100,10365854185,10365854185,3190609918,212500,2102400,0,0,0
2024-08-05,DILD,Intiland Development Tbk.,--S-1135000000H111------------,181.0,0.0,183.0,170.0,172.0,-9.0,33855900,5974080200,2026,30.0,172,31000,171,1804100,10365854185,10365854185,3190609918,1139500,2430400,0,0,0
2024-08-02,DILD,Intiland Development Tbk.,--S-1135000000H111------------,181.0,0.0,182.0,179.0,181.0,0.0,12672400,2289403000,970,31.5,181,71000,180,5571900,10365854185,10365854185,3190609918,212300,749400,0,0,0
2024-08-01,DILD,Intiland Development Tbk.,--S-1135000000H111------------,181.0,0.0,186.0,178.0,181.0,0.0,25210900,4544454200,1679,31.5,181,148500,180,309300,10365854185,10365854185,3190609918,2446000,0,0,0,0
2024-07-31,DILD,Intiland Development Tbk.,--S-1175000000H111------------,173.0,0.0,175.0,171.0,173.0,0.0,2692700,467302000,268,30.1,174,484900,173,194300,10365854185,10365854185,3190609918,421900,0,0,0,0
2024-07-30,DILD,Intiland Development Tbk.,--S-1175000000H111------------,173.0,0.0,175.0,171.0,173.0,0.0,2692700,467302000,268,30.1,174,484900,173,194300,10365854185,10365854185,3190609918,421900,0,0,0,0
2024-07-29,DILD,Intiland Development Tbk.,--S-1175000000H111------------,173.0,0.0,175.0,171.0,173.0,0.0,9952500,1720697400,389,30.1,173,4600,172,950500,10365854185,10365854185,3190609918,2189400,0,0,0,0
2024-07-26,DILD,Intiland Development Tbk.,--S-1175000000H111------------,172.0,0.0,173.0,171.0,173.0,1.0,2117100,364253100,348,30.1,174,475300,173,62000,10365854185,10365854185,3190609918,108200,0,0,0,0
2024-07-25,DILD,Intiland Development Tbk.,--S-1175000000H111------------,173.0,0.0,173.0,170.0,172.0,-1.0,5378200,920059000,526,30.0,172,675200,170,1545900,10365854185,10365854185,3190609918,758400,0,0,0,0
2024-07-24,DILD,Intiland Development Tbk.,--S-1175000000H111------------,173.0,0.0,175.0,172.0,173.0,0.0,4791800,831211400,369,30.1,173,1007200,172,1659800,10365854185,10365854185,3190609918,1600,1273500,0,0,0
2024-07-23,DILD,Intiland Development Tbk.,--S-1175000000H111------------,173.0,0.0,174.0,171.0,173.0,0.0,3392300,584123500,374,30.1,173,620300,172,50100,10365854185,10365854185,3190609918,0,48800,0,0,0
2024-07-22,DILD,Intiland Development Tbk.,--S-1175000000H111------------,173.0,0.0,174.0,171.0,173.0,0.0,4214900,726023400,508,30.1,173,603200,172,12600,10365854185,10365854185,3190609918,343600,0,99950000,20479486353,2
2024-07-19,DILD,Intiland Development Tbk.,--S-1175000000H111------------,175.0,0.0,176.0,173.0,173.0,-2.0,6816000,1186658700,449,30.1,173,112000,172,230500,10365854185,10365854185,3190609918,160400,0,0,0,0
2024-07-18,DILD,Intiland Development Tbk.,--S-1175000000H111------------,175.0,0.0,175.0,173.0,175.0,0.0,2468100,430314300,337,30.5,175,211900,174,109500,10365854185,10365854185,3190609918,69200,100400,0,0,0
2024-07-17,DILD,Intiland Development Tbk.,--S-1175000000H111------------,173.0,0.0,175.0,172.0,175.0,2.0,4651000,805686000,543,30.5,175,226000,174,106200,10365854185,10365854185,3190609918,185400,8100,0,0,0
2024-07-16,DILD,Intiland Development Tbk.,--S-1175000000H111------------,178.0,0.0,179.0,172.0,173.0,-5.0,7467900,1300167600,836,30.1,174,1369900,173,102300,10365854185,10365854185,3190609918,15400,0,0,0,0
2024-07-12,DILD,Intiland Development Tbk.,--S-1175000000H111------------,173.0,0.0,180.0,172.0,180.0,7.0,29164300,5144250100,1289,31.4,180,2588100,179,500,10365854185,10365854185,3190609918,0,4696600,0,0,0
2024-07-11,DILD,Intiland Development Tbk.,--S-1175000000H111------------,171.0,0.0,173.0,170.0,173.0,2.0,4226700,727748400,472,30.1,173,2739400,172,3164500,10365854185,10365854185,3190609918,0,70300,0,0,0
2024-07-10,DILD,Intiland Development Tbk.,--S-1175000000H111------------,171.0,0.0,172.0,169.0,171.0,0.0,2422000,414236400,332,29.8,171,382900,170,1011500,10365854185,10365854185,3190609918,300,52600,0,0,0
2024-07-09,DILD,Intiland Development Tbk.,--S-1175000000H111------------,172.0,0.0,173.0,168.0,171.0,-1.0,10038100,1707540800,588,29.8,171,29600,170,97100,10365854185,10365854185,3190609918,194800,58700,0,0,0
2024-07-08,DILD,Intiland Development Tbk.,--S-1175000000H111------------,169.0,0.0,172.0,168.0,172.0,3.0,6592000,1122555200,568,30.0,172,2407500,171,1200,10365854185,10365854185,3190609918,447300,654400,0,0,0
2024-07-05,DILD,Intiland Development Tbk.,--S-1175000000H111------------,168.0,0.0,170.0,167.0,169.0,1.0,6065100,1021832800,383,29.4,169,98500,168,1952900,10365854185,10365854185,3190609918,10100,1105600,0,0,0
2024-07-04,DILD,Intiland Development Tbk.,--S-1175000000H111------------,169.0,0.0,170.0,165.0,168.0,-1.0,10355800,1729855700,634,29.3,168,91000,167,5100,10365854185,10365854185,3190609918,322500,386100,0,0,0
2024-07-03,DILD,Intiland Development Tbk.,--S-1175000000H111------------,169.0,0.0,170.0,165.0,168.0,-1.0,10355800,1729855700,634,29.3,168,91000,167,5100,10365854185,10365854185,3190609918,322500,386100,0,0,0
2024-07-02,DILD,Intiland Development Tbk.,--S-1175000000H111------------,167.0,0.0,169.0,165.0,169.0,2.0,4813500,803158500,546,29.4,169,1114500,168,500,10365854185,10365854185,3190609918,714000,67900,0,0,0
2024-07-01,DILD,Intiland Development Tbk.,--S-1175000000H111------------,165.0,0.0,167.0,163.0,167.0,2.0,4562000,754064500,528,29.1,167,373400,166,192000,10365854185,10365854185,3190609918,95900,483000,0,0,0
2024-06-28,DILD,Intiland Development Tbk.,--S-1175000000H111------------,162.0,0.0,164.0,161.0,163.0,1.0,9390300,1529689000,471,28.4,164,1239700,163,116900,10365854185,10365854185,3450792858,54400,10600,0,0,0
2024-06-27,DILD,Intiland Development Tbk.,--S-1175000000H111------------,158.0,0.0,162.0,159.0,162.0,4.0,5177300,833719000,615,28.2,163,379400,162,173700,10365854185,10365854185,3450792858,750700,800000,0,0,0
2024-06-26,DILD,Intiland Development Tbk.,--S-1175000000H111------------,160.0,0.0,162.0,151.0,158.0,-2.0,10819800,1723813700,1094,27.5,158,307400,157,689400,10365854185,10365854185,3450792858,584900,254500,17964000,2928132000,1
2024-06-25,DILD,Intiland Development Tbk.,--S-1175000000H111------------,160.0,0.0,162.0,151.0,158.0,-2.0,10819800,1723813700,1094,27.5,158,307400,157,689400,10365854185,10365854185,3450792858,584900,254500,17964000,2928132000,1
2024-06-24,DILD,Intiland Development Tbk.,--S-1175000000H111------------,165.0,0.0,169.0,159.0,160.0,-5.0,37620900,6116955800,1600,27.9,160,39000,159,3865400,10365854185,10365854185,3450792858,335900,1760200,0,0,0
2024-06-21,DILD,Intiland Development Tbk.,--S-1175000000H111------------,166.0,0.0,169.0,164.0,165.0,-1.0,10867200,1806125600,641,28.8,165,2382200,164,652100,10365854185,10365854185,3450792858,0,1612600,42896500,10514277607,12
2024-06-20,DILD,Intiland Development Tbk.,--S-1175000000H111------------,165.0,0.0,166.0,162.0,166.0,1.0,11160100,1827421800,723,28.9,166,593800,165,100,10365854185,10365854185,3450792858,0,1263300,23449000,3846390000,2
2024-06-19,DILD,Intiland Development Tbk.,--S-1175000000H111------------,167.0,0.0,176.0,164.0,165.0,-2.0,6105500,1018676000,716,28.8,166,189100,165,2500,10365854185,10365854185,3450792858,577600,100000,0,0,0
2024-06-14,DILD,Intiland Development Tbk.,--S-1175000000H111------------,169.0,0.0,169.0,167.0,167.0,-2.0,6619000,1109617500,435,29.1,167,83000,166,2448000,10365854185,10365854185,3450792858,0,0,0,0,0
2024-06-13,DILD,Intiland Development Tbk.,--S-1175000000H111------------,167.0,0.0,169.0,167.0,169.0,2.0,4396900,738792900,298,29.4,169,1072700,168,96600,10365854185,10365854185,3450792858,56000,0,0,0,0
2024-06-12,DILD,Intiland Development Tbk.,--S-1175000000H111------------,171.0,0.0,172.0,167.0,167.0,-4.0,13619100,2288521500,650,29.1,169,287700,167,3905000,10365854185,10365854185,3450792858,110300,100,0,0,0
2024-06-11,DILD,Intiland Development Tbk.,--S-1175000000H111------------,171.0,0.0,175.0,169.0,171.0,0.0,3388200,579907800,474,29.8,171,659800,170,900,10365854185,10365854185,3450792858,84700,0,0,0,0
2024-06-10,DILD,Intiland Development Tbk.,--S-1175000000H111------------,173.0,0.0,174.0,168.0,171.0,-2.0,8288900,1407301200,885,29.8,171,103800,170,1000,10365854185,10365854185,3450792858,132500,324500,0,0,0
2024-06-07,DILD,Intiland Development Tbk.,--S-1175000000H111------------,173.0,0.0,175.0,172.0,173.0,0.0,1901100,329113000,337,30.1,173,175500,172,1450900,10365854185,10365854185,3450792858,0,0,0,0,0
2024-06-06,DILD,Intiland Development Tbk.,--S-1175000000H111------------,176.0,0.0,179.0,172.0,173.0,-3.0,7770000,1359295300,789,30.1,173,142000,172,679000,10365854185,10365854185,3450792858,2753900,987800,0,0,0
2024-06-05,DILD,Intiland Development Tbk.,--S-1175000000H111------------,173.0,0.0,180.0,173.0,176.0,3.0,10202200,1796201900,900,30.7,177,73300,175,518900,10365854185,10365854185,3450792858,10900,485200,0,0,0
2024-06-04,DILD,Intiland Development Tbk.,--S-1175000000H111------------,170.0,0.0,175.0,169.0,173.0,3.0,11634300,2009861100,729,30.1,174,1136800,173,11600,10365854185,10365854185,3450792858,137800,1555700,0,0,0
2024-06-03,DILD,Intiland Development Tbk.,--S-1175000000H111------------,169.0,0.0,173.0,167.0,170.0,1.0,8653000,1464512800,675,29.6,171,476400,170,4900,10365854185,10365854185,3450792858,132300,0,0,0,0
2024-05-31,DILD,Intiland Development Tbk.,--S-1175000000H111------------,167.0,0.0,169.0,166.0,169.0,2.0,3131800,525773100,361,29.4,169,823700,168,800,10365854185,10365854185,3450792858,700,0,0,0,0
2024-05-30,DILD,Intiland Development Tbk.,--S-1175000000H111------------,170.0,0.0,170.0,166.0,167.0,-3.0,8067100,1345163100,750,29.1,167,397600,166,637700,10365854185,10365854185,3450792858,15300,2600,260000000,44200000000,1
2024-05-29,DILD,Intiland Development Tbk.,--S-1175000000H111------------,170.0,0.0,171.0,167.0,170.0,0.0,3248200,548479000,492,29.6,170,349000,168,908400,10365854185,10365854185,3450792858,499400,15300,0,0,0
2024-05-28,DILD,Intiland Development Tbk.,--S-1175000000H111------------,166.0,0.0,170.0,165.0,170.0,4.0,3142600,527812500,564,29.6,170,1194700,169,428400,10365854185,10365854185,3450792858,350500,568400,0,0,0
2024-05-27,DILD,Intiland Development Tbk.,--S-1175000000H111------------,172.0,0.0,173.0,165.0,166.0,-6.0,16597300,2773875600,1473,28.9,167,136500,166,322100,10365854185,10365854185,3450792858,1962800,14500,0,0,0
2024-05-22,DILD,Intiland Development Tbk.,--S-1175000000H111------------,173.0,0.0,173.0,170.0,172.0,-1.0,3013100,515067000,478,30.0,172,219700,171,157600,10365854185,10365854185,3450792858,158000,0,0,0,0
2024-05-21,DILD,Intiland Development Tbk.,--S-1175000000H111------------,175.0,0.0,175.0,170.0,173.0,-2.0,5615300,962367200,853,30.1,173,475000,172,3300,10365854185,10365854185,3450792858,257300,12100,0,0,0
2024-05-20,DILD,Intiland Development Tbk.,--S-1175000000H111------------,177.0,0.0,180.0,174.0,175.0,-2.0,7627300,1350934100,982,30.5,175,38100,174,77300,10365854185,10365854185,3450792858,997000,55400,0,0,0
2024-05-17,DILD,Intiland Development Tbk.,--S-1175000000H111------------,173.0,0.0,179.0,173.0,177.0,4.0,13816700,2419695700,723,30.8,177,323700,176,90600,10365854185,10365854185,3450792858,300,2166100,0,0,0
2024-05-16,DILD,Intiland Development Tbk.,--S-1175000000H111------------,171.0,0.0,175.0,170.0,173.0,2.0,8478000,1461341200,634,30.1,173,121100,172,37600,10365854185,10365854185,3450792858,102000,534000,0,0,0
2024-05-15,DILD,Intiland Development Tbk.,--S-1175000000H111------------,168.0,0.0,172.0,168.0,171.0,3.0,8582100,1459922700,574,29.8,171,853800,170,2200,10365854185,10365854185,3450792858,21900,809500,0,0,0
2024-05-14,DILD,Intiland Development Tbk.,--S-1175000000H111------------,167.0,0.0,169.0,165.0,168.0,1.0,6918300,1158227700,656,29.3,169,723900,168,498900,10365854185,10365854185,3450792858,448900,1583900,0,0,0
2024-05-13,DILD,Intiland Development Tbk.,--S-1175000000H111------------,173.0,0.0,174.0,165.0,167.0,-6.0,28359300,4742715900,1899,29.1,167,1090500,166,168600,10365854185,10365854185,3450792858,1190600,178900,0,0,0
2024-05-08,DILD,Intiland Development Tbk.,--S-1175000000H111------------,173.0,0.0,173.0,170.0,173.0,0.0,5422300,926315900,677,30.1,173,538500,172,18500,10365854185,10365854185,3450792858,838900,130700,0,0,0
2024-05-07,DILD,Intiland Development Tbk.,--S-1175000000H111------------,172.0,0.0,174.0,171.0,173.0,1.0,5049600,868242300,606,30.1,173,313900,172,16100,10365854185,10365854185,3450792858,1711300,181100,0,0,0
2024-05-06,DILD,Intiland Development Tbk.,--S-1175000000H111------------,170.0,0.0,174.0,169.0,172.0,2.0,14411200,2473137600,944,30.0,172,133100,171,1734900,10365854185,10365854185,3450792858,1036000,2789400,0,0,0
2024-05-03,DILD,Intiland Development Tbk.,--S-1175000000H111------------,177.0,0.0,177.0,170.0,170.0,-7.0,21638800,3708192400,1705,29.6,171,852700,170,1955300,10365854185,10365854185,3450792858,1203500,275600,0,0,0
2024-05-02,DILD,Intiland Development Tbk.,--S-1175000000H111------------,185.0,0.0,186.0,175.0,177.0,-8.0,29397100,5235212800,2030,30.8,178,1111500,177,143500,10365854185,10365854185,3450792858,2525100,718600,0,0,0
2024-04-30,DILD,Intiland Development Tbk.,--S-1175000000H111------------,183.0,0.0,187.0,183.0,185.0,2.0,6780800,1256840900,642,32.2,186,100,185,1043500,10365854185,10365854185,3450792858,1038900,673900,0,0,0
2024-04-29,DILD,Intiland Development Tbk.,--S-1175000000H111------------,180.0,0.0,184.0,180.0,183.0,3.0,6350000,1158481300,710,31.9,183,10300,182,1109000,10365854185,10365854185,3450792858,1043700,771300,0,0,0
2024-04-26,DILD,Intiland Development Tbk.,--S-1175000000H111------------,188.0,0.0,190.0,180.0,180.0,-8.0,24795300,4533164600,1773,31.4,181,354300,180,539300,10365854185,10365854185,3450792858,691600,429400,0,0,0
2024-04-25,DILD,Intiland Development Tbk.,--S-1175000000H111------------,188.0,0.0,191.0,187.0,188.0,0.0,7043600,1327138800,787,32.8,189,2000,188,158100,10365854185,10365854185,3450792858,21800,350500,0,0,0
2024-04-24,DILD,Intiland Development Tbk.,--S-1175000000H111------------,192.0,0.0,194.0,187.0,188.0,-4.0,14341000,2715419600,1322,32.8,189,103100,188,31900,10365854185,10365854185,3450792858,85800,24900,0,0,0
2024-04-23,DILD,Intiland Development Tbk.,--S-1175000000H111------------,192.0,0.0,196.0,190.0,192.0,0.0,9888400,1903444100,681,33.5,193,444400,192,4100,10365854185,10365854185,3450792858,474600,452200,0,0,0
2024-04-22,DILD,Intiland Development Tbk.,--S-1175000000H111------------,195.0,0.0,196.0,191.0,192.0,-3.0,6389200,1233904100,640,33.5,193,174500,192,790100,10365854185,10365854185,3450792858,17500,105800,198422906,40504058759,6
2024-04-19,DILD,Intiland Development Tbk.,--S-1175000000H111------------,197.0,0.0,197.0,190.0,195.0,-2.0,32143500,6194235900,1492,34.0,196,1288600,195,4600,10365854185,10365854185,3450792858,2399700,17150200,0,0,0
2024-04-18,DILD,Intiland Development Tbk.,--S-1175000000H111------------,197.0,0.0,200.0,193.0,197.0,0.0,13727500,2697921900,870,34.3,197,184200,196,1093000,10365854185,10365854185,3450792858,1162800,6296200,0,0,0
2024-04-17,DILD,Intiland Development Tbk.,--S-1175000000H111------------,195.0,0.0,199.0,195.0,197.0,2.0,16188500,3192379100,773,34.3,198,870100,197,86100,10365854185,10365854185,3450792858,1129000,10812000,0,0,0
2024-04-16,DILD,Intiland Development Tbk.,--S-1175000000H111------------,199.0,0.0,198.0,192.0,195.0,-4.0,26708700,5216903500,1370,34.0,196,527500,195,51200,10365854185,10365854185,3450792858,3498500,10571400,0,0,0
2024-04-05,DILD,Intiland Development Tbk.,--S-1175000000H111------------,195.0,0.0,200.0,194.0,199.0,4.0,25385800,5042022400,1305,34.7,199,2100,198,418300,10365854185,10365854185,3450792858,16600,10246800,0,0,0
2024-04-04,DILD,Intiland Development Tbk.,--S-1175000000H111------------,194.0,0.0,197.0,192.0,195.0,1.0,9386200,1836695400,601,34.0,196,420600,195,1027900,10365854185,10365854185,3450792858,2405600,112500,0,0,0
2024-04-03,DILD,Intiland Development Tbk.,--S-1175000000H111------------,198.0,0.0,200.0,193.0,194.0,-4.0,22302900,4349557000,1228,33.8,194,100,193,997600,10365854185,10365854185,3450792858,4808700,863000,0,0,0
2024-04-02,DILD,Intiland Development Tbk.,--S-1175000000H111------------,192.0,0.0,200.0,193.0,198.0,6.0,46719500,9202086000,2030,34.5,198,276700,197,780600,10365854185,10365854185,3450792858,2576800,4722100,0,0,0
2024-04-01,DILD,Intiland Development Tbk.,--S-1175000000H111------------,191.0,0.0,194.0,190.0,192.0,1.0,8334200,1599348800,750,33.5,192,728900,191,533100,10365854185,10365854185,3450792858,260600,404300,0,0,0
2024-03-28,DILD,Intiland Development Tbk.,--S-1175000000H111------------,194.0,0.0,196.0,190.0,191.0,-3.0,7911400,1522611700,795,33.3,191,1103200,190,1337000,10365854185,10365854185,3450792858,489700,383200,0,0,0
2024-03-27,DILD,Intiland Development Tbk.,--S-1175000000H111------------,196.0,0.0,199.0,193.0,194.0,-2.0,7137400,1397684400,751,33.8,195,567700,193,45300,10365854185,10365854185,3450792858,772900,142700,0,0,0
2024-03-26,DILD,Intiland Development Tbk.,--S-1175000000H111------------,197.0,0.0,199.0,194.0,196.0,-1.0,10077000,1973820900,716,34.2,196,747200,195,837500,10365854185,10365854185,3450792858,483500,494600,0,0,0
2024-03-22,DILD,Intiland Development Tbk.,--S-1175000000H111------------,195.0,0.0,198.0,192.0,195.0,0.0,12600700,2463825200,1031,34.0,196,486700,195,1265400,10365854185,10365854185,3450792858,3019300,239400,0,0,0
2024-03-21,DILD,Intiland Development Tbk.,--S-1175000000H111------------,188.0,0.0,196.0,188.0,195.0,7.0,26487700,5120166100,1480,34.0,196,257700,195,377200,10365854185,10365854185,3450792858,2000000,2004300,0,0,0
2024-03-20,DILD,Intiland Development Tbk.,--S-1175000000H111------------,187.0,0.0,189.0,186.0,188.0,1.0,6822900,1275388300,585,32.8,188,185200,187,1988100,10365854185,10365854185,3450792858,56200,272600,0,0,0
2024-03-19,DILD,Intiland Development Tbk.,--S-1175000000H111------------,188.0,0.0,189.0,187.0,187.0,-1.0,8793700,1647576900,588,32.6,187,380900,186,1320700,10365854185,10365854185,3450792858,0,157600,0,0,0
2024-03-18,DILD,Intiland Development Tbk.,--S-1175000000H111------------,188.0,0.0,188.0,187.0,188.0,0.0,7240700,1357087100,687,32.8,188,968400,187,598700,10365854185,10365854185,3450792858,339100,114200,0,0,0
2024-03-15,DILD,Intiland Development Tbk.,--S-1175000000H111------------,189.0,0.0,190.0,187.0,188.0,-1.0,8855000,1665139200,625,32.8,189,2306700,188,78700,10365854185,10365854185,3450792858,49400,152800,0,0,0
2024-03-14,DILD,Intiland Development Tbk.,--S-1175000000H111------------,189.0,0.0,191.0,188.0,189.0,0.0,7994100,1516808100,594,32.9,190,1394900,189,182900,10365854185,10365854185,3450792858,1200300,490700,0,0,0
2024-03-13,DILD,Intiland Development Tbk.,--S-1175000000H111------------,189.0,0.0,190.0,187.0,189.0,0.0,11197600,2112833000,909,32.9,190,1371800,188,1820100,10365854185,10365854185,3450792858,0,1531100,0,0,0
2024-03-08,DILD,Intiland Development Tbk.,--S-1175000000H111------------,188.0,0.0,190.0,187.0,189.0,1.0,3374200,636912000,356,32.9,189,231800,188,440300,10365854185,10365854185,3450792858,69000,0,0,0,0
2024-03-07,DILD,Intiland Development Tbk.,--S-1175000000H111------------,186.0,0.0,190.0,186.0,188.0,2.0,3318700,625235300,411,32.8,189,1012900,188,736900,10365854185,10365854185,3450792858,50000,440400,0,0,0
2024-03-06,DILD,Intiland Development Tbk.,--S-1175000000H111------------,187.0,0.0,188.0,185.0,186.0,-1.0,6627000,1234264800,667,32.4,187,729600,186,1104000,10365854185,10365854185,3450792858,449300,106000,0,0,0
2024-03-05,DILD,Intiland Development Tbk.,--S-1175000000H111------------,190.0,0.0,191.0,185.0,187.0,-3.0,15394000,2887489800,1072,32.6,188,417200,187,1151400,10365854185,10365854185,3450792858,3761400,0,0,0,0
2024-03-04,DILD,Intiland Development Tbk.,--S-1175000000H111------------,189.0,0.0,191.0,188.0,190.0,1.0,11401300,2151594600,879,33.1,190,1734100,189,987200,10365854185,10365854185,3450792858,2630500,0,0,0,0
2024-03-01,DILD,Intiland Development Tbk.,--S-1175000000H111------------,190.0,0.0,191.0,188.0,189.0,-1.0,7166400,1355286400,684,32.9,190,686400,188,2662300,10365854185,10365854185,3450792858,863100,0,0,0,0
2024-02-29,DILD,Intiland Development Tbk.,--S-1175000000H111------------,189.0,0.0,191.0,188.0,190.0,1.0,8984400,1711228400,427,33.1,191,544700,190,517400,10365854185,10365854185,3450792858,500000,58200,0,0,0
2024-02-28,DILD,Intiland Development Tbk.,--S-1175000000H111------------,190.0,0.0,191.0,188.0,189.0,-1.0,7135600,1352160000,845,32.9,190,442100,189,23700,10365854185,10365854185,3450792858,2315100,0,0,0,0
2024-02-27,DILD,Intiland Development Tbk.,--S-1175000000H111------------,190.0,0.0,191.0,188.0,189.0,-1.0,7135600,1352160000,845,32.9,190,442100,189,23700,10365854185,10365854185,3450792858,2315100,0,0,0,0
2024-02-26,DILD,Intiland Development Tbk.,--S-1175000000H111------------,192.0,0.0,194.0,190.0,190.0,-2.0,8934700,1706416400,722,33.1,191,15500,190,2456900,10365854185,10365854185,3450792858,1655500,0,0,0,0
2024-02-23,DILD,Intiland Development Tbk.,--S-1175000000H111------------,191.0,0.0,193.0,191.0,192.0,1.0,2128700,408031900,374,33.5,192,1112300,191,1850000,10365854185,10365854185,3450792858,117200,71400,0,0,0
2024-02-22,DILD,Intiland Development Tbk.,--S-1175000000H111------------,191.0,0.0,193.0,191.0,191.0,0.0,3115100,597484800,433,33.3,192,167200,191,967800,10365854185,10365854185,3450792858,0,300100,0,0,0
2024-02-21,DILD,Intiland Development Tbk.,--S-1175000000H111------------,193.0,0.0,194.0,191.0,191.0,-2.0,4293400,823772000,513,33.3,192,266900,191,353200,10365854185,10365854185,3450792858,71100,282300,0,0,0
2024-02-20,DILD,Intiland Development Tbk.,--S-1175000000H111------------,192.0,0.0,194.0,191.0,193.0,1.0,5615900,1078209600,499,33.6,193,450800,192,407400,10365854185,10365854185,3450792858,214300,0,0,0,0
2024-02-19,DILD,Intiland Development Tbk.,--S-1175000000H111------------,194.0,0.0,197.0,192.0,192.0,-2.0,4967400,956837400,560,33.5,193,630700,192,47400,10365854185,10365854185,3450792858,373400,29400,0,0,0
2024-02-16,DILD,Intiland Development Tbk.,--S-1175000000H111------------,195.0,0.0,198.0,193.0,194.0,-1.0,4244700,825388300,547,33.8,194,59100,193,606300,10365854185,10365854185,3450792858,1043400,124500,0,0,0
2024-02-15,DILD,Intiland Development Tbk.,--S-1175000000H111------------,194.0,0.0,197.0,194.0,195.0,1.0,8592000,1678360200,741,34.0,195,192600,194,2694900,10365854185,10365854185,3450792858,1326600,47400,18,3492,1
2024-02-13,DILD,Intiland Development Tbk.,--S-1175000000H111------------,191.0,0.0,194.0,191.0,192.0,1.0,6909100,1330735000,716,33.5,193,410700,192,751300,10365854185,10365854185,3450792858,1431800,1227100,34765216,7995999680,7
2024-02-12,DILD,Intiland Development Tbk.,--S-1175000000H111------------,191.0,0.0,194.0,191.0,192.0,1.0,6909100,1330735000,716,33.5,193,410700,192,751300,10365854185,10365854185,3450792858,1431800,1227100,34765216,7995999680,7
2024-02-07,DILD,Intiland Development Tbk.,--S-1175000000H111------------,191.0,0.0,192.0,190.0,191.0,0.0,4008900,764764900,344,33.3,192,1314500,191,9600,10365854185,10365854185,3450792858,345300,134300,0,0,0
2024-02-06,DILD,Intiland Development Tbk.,--S-1175000000H111------------,191.0,0.0,192.0,190.0,191.0,0.0,4117800,786546200,340,33.3,191,117500,190,2788200,10365854185,10365854185,3450792858,201800,96600,0,0,0
2024-02-05,DILD,Intiland Development Tbk.,--S-1175000000H111------------,191.0,0.0,193.0,189.0,191.0,0.0,7037400,1346029500,568,33.3,191,518900,190,677600,10365854185,10365854185,3450792858,1217800,1197300,0,0,0
2024-02-02,DILD,Intiland Development Tbk.,--S-1175000000H111------------,193.0,0.0,194.0,189.0,191.0,-2.0,6265000,1196377000,569,33.3,192,128300,191,150800,10365854185,10365854185,3450792858,1082800,0,0,0,0
2024-02-01,DILD,Intiland Development Tbk.,--S-1135000000H111------------,193.0,0.0,195.0,192.0,192.0,-1.0,6181000,1195213800,498,33.5,192,238800,191,509900,10365854185,10365854185,3450792858,847600,963700,0,0,0
2024-01-31,DILD,Intiland Development Tbk.,--S-1135000000H111------------,193.0,0.0,195.0,192.0,192.0,-1.0,6181000,1195213800,498,33.5,192,238800,191,509900,10365854185,10365854185,3450792858,847600,963700,0,0,0
2024-01-30,DILD,Intiland Development Tbk.,--S-1135000000H111------------,191.0,0.0,195.0,188.0,193.0,2.0,7297600,1393853900,692,33.6,194,796000,193,1074300,10365854185,10365854185,3450792858,559000,1038200,0,0,0
2024-01-29,DILD,Intiland Development Tbk.,--S-1135000000H111------------,191.0,0.0,193.0,190.0,191.0,0.0,6496300,1237595700,615,33.3,192,280900,191,330600,10365854185,10365854185,3450792858,308000,187100,0,0,0
2024-01-26,DILD,Intiland Development Tbk.,--S-1135000000H111------------,192.0,0.0,193.0,190.0,191.0,-1.0,7100200,1358793700,504,33.3,191,50100,190,4358100,10365854185,10365854185,3450792858,704300,394300,0,0,0
2024-01-25,DILD,Intiland Development Tbk.,--S-1135000000H111------------,191.0,0.0,193.0,190.0,192.0,1.0,10949000,2086460700,830,33.5,192,256100,191,1500,10365854185,10365854185,3450792858,17100,3034500,0,0,0
2024-01-24,DILD,Intiland Development Tbk.,--S-1135000000H111------------,195.0,0.0,198.0,191.0,191.0,-4.0,14408400,2783188100,1167,33.3,192,134900,191,8700,10365854185,10365854185,3450792858,833500,1642600,0,0,0
2024-01-23,DILD,Intiland Development Tbk.,--S-1135000000H111------------,198.0,0.0,199.0,194.0,195.0,-3.0,13456200,2631316300,1341,34.0,196,100800,195,619200,10365854185,10365854185,3450792858,2332100,13000,0,0,0
2024-01-22,DILD,Intiland Development Tbk.,--S-1135000000H111------------,202.0,0.0,204.0,197.0,198.0,-4.0,19063200,3800750300,1103,34.5,199,204900,198,1469700,10365854185,10365854185,3450792858,3723500,174500,0,0,0
2024-01-19,DILD,Intiland Development Tbk.,--S-1135000000H111------------,204.0,0.0,206.0,200.0,202.0,-2.0,8079800,1633796800,553,35.2,204,732600,202,1009000,10365854185,10365854185,3450792858,366400,162500,0,0,0
2024-01-18,DILD,Intiland Development Tbk.,--S-1135000000H111------------,202.0,0.0,208.0,200.0,204.0,2.0,33291700,6795289600,1476,35.5,204,751300,202,3879900,10365854185,10365854185,3450792858,76000,3250600,0,0,0
2024-01-17,DILD,Intiland Development Tbk.,--S-1135000000H111------------,200.0,0.0,204.0,200.0,202.0,2.0,14980800,3022801200,583,35.2,202,30700,200,3697900,10365854185,10365854185,3450792858,63700,2172700,0,0,0
2024-01-16,DILD,Intiland Development Tbk.,--S-1135000000H111------------,200.0,0.0,204.0,199.0,200.0,0.0,5119400,1030675300,720,34.9,202,1800,200,2420100,10365854185,10365854185,3450792858,5000,1106800,0,0,0
2024-01-15,DILD,Intiland Development Tbk.,--S-1135000000H111------------,199.0,0.0,204.0,198.0,200.0,1.0,12406100,2483717900,809,34.9,202,700900,200,110500,10365854185,10365854185,3450792858,21400,3767800,98472906,19989999918,1
2024-01-12,DILD,Intiland Development Tbk.,--S-1135000000H111------------,204.0,0.0,204.0,198.0,199.0,-5.0,18480200,3691888800,1425,34.7,200,20500,199,2460300,10365854185,10365854185,3450792858,1951500,2493500,0,0,0
2024-01-11,DILD,Intiland Development Tbk.,--S-1135000000H111------------,202.0,0.0,208.0,200.0,204.0,2.0,15635700,3177702800,927,35.5,204,665000,202,198500,10365854185,10365854185,3450792858,486700,251600,0,0,0
2024-01-10,DILD,Intiland Development Tbk.,--S-1135000000H111------------,206.0,0.0,208.0,202.0,202.0,-4.0,7160300,1460225000,784,35.2,204,147700,202,2638300,10365854185,10365854185,3450792858,578300,946700,0,0,0
2024-01-09,DILD,Intiland Development Tbk.,--S-1135000000H111------------,206.0,0.0,210.0,200.0,206.0,0.0,23887400,4888951800,1294,35.9,208,1765000,204,703200,10365854185,10365854185,3450792858,2997200,499200,0,0,0
2024-01-08,DILD,Intiland Development Tbk.,--S-1135000000H111------------,206.0,0.0,214.0,204.0,206.0,0.0,54818600,11465092800,2673,35.9,208,730400,206,1081100,10365854185,10365854185,3450792858,6356400,1560500,0,0,0
2024-01-05,DILD,Intiland Development Tbk.,--S-1135000000H111------------,200.0,0.0,212.0,200.0,206.0,6.0,60752500,12523192000,3399,35.9,206,484300,204,838400,10365854185,10365854185,3450792858,10963600,4341900,0,0,0
2024-01-04,DILD,Intiland Development Tbk.,--S-1135000000H111------------,196.0,0.0,206.0,196.0,200.0,4.0,32603400,6546187300,1900,34.9,202,1239700,200,743400,10365854185,10365854185,3450792858,4963000,3717900,0,0,0
2024-01-03,DILD,Intiland Development Tbk.,--S-1135000000H111------------,197.0,0.0,198.0,195.0,196.0,-1.0,7117100,1398472900,601,34.2,197,32700,196,1394800,10365854185,10365854185,3450792858,2193700,380100,0,0,0
2024-01-02,DILD,Intiland Development Tbk.,--S-1135000000H111------------,198.0,0.0,200.0,195.0,197.0,-1.0,7924900,1560894400,750,34.3,198,936700,197,1042000,10365854185,10365854185,3450792858,1916500,122100,0,0,0
2023-12-29,DILD,Intiland Development Tbk.,--S-1135000000H111------------,193.0,0.0,204.0,193.0,198.0,5.0,33106500,6570088900,2248,34.5,198,718700,197,697100,10365854185,10365854185,3449756273,2924700,3937800,0,0,0
2023-12-28,DILD,Intiland Development Tbk.,--S-1135000000H111------------,193.0,0.0,195.0,192.0,193.0,0.0,7757300,1497454800,622,33.6,194,2284800,193,11200,10365854185,10365854185,3449756273,1450800,1932600,0,0,0
2023-12-27,DILD,Intiland Development Tbk.,--S-1135000000H111------------,189.0,0.0,196.0,189.0,193.0,4.0,28259400,5442702200,1276,33.6,193,730900,192,15500,10365854185,10365854185,3449756273,3250000,11209000,0,0,0
2023-12-22,DILD,Intiland Development Tbk.,--S-1135000000H111------------,189.0,0.0,191.0,187.0,189.0,0.0,6955300,1313052700,546,32.9,190,617400,189,31700,10365854185,10365854185,3449756273,143500,1405000,85977900,20092103382,18
2023-12-21,DILD,Intiland Development Tbk.,--S-1135000000H111------------,190.0,0.0,192.0,188.0,189.0,-1.0,10670000,2019575200,672,32.9,190,389200,189,197000,10365854185,10365854185,3449756273,2800,1950600,0,0,0
2023-12-20,DILD,Intiland Development Tbk.,--S-1135000000H111------------,190.0,0.0,192.0,188.0,190.0,0.0,8852400,1679703400,570,33.1,190,538400,189,399700,10365854185,10365854185,3449756273,522300,2313700,0,0,0
2023-12-19,DILD,Intiland Development Tbk.,--S-1135000000H111------------,187.0,0.0,190.0,187.0,190.0,3.0,4958400,937755100,577,33.1,190,60100,188,102700,10365854185,10365854185,3449756273,1514500,2068700,0,0,0
2023-12-18,DILD,Intiland Development Tbk.,--S-1135000000H111------------,189.0,0.0,190.0,187.0,187.0,-2.0,11416300,2148670500,778,32.6,188,100,187,135200,10365854185,10365854185,3449756273,182000,4435200,0,0,0
2023-12-15,DILD,Intiland Development Tbk.,--S-1135000000H111------------,190.0,0.0,193.0,188.0,189.0,-1.0,9311900,1770291800,677,32.9,189,195200,188,665400,10365854185,10365854185,3449756273,39100,3797400,0,0,0
2023-12-14,DILD,Intiland Development Tbk.,--S-1135000000H111------------,187.0,0.0,192.0,187.0,190.0,3.0,6225900,1181319500,604,33.1,190,12800,189,73100,10365854185,10365854185,3449756273,63000,1045300,0,0,0
2023-12-13,DILD,Intiland Development Tbk.,--S-1135000000H111------------,187.0,0.0,189.0,185.0,187.0,0.0,5074800,947941700,503,32.6,188,257100,187,635000,10365854185,10365854185,3449756273,1083900,37800,0,0,0
2023-12-12,DILD,Intiland Development Tbk.,--S-1135000000H111------------,185.0,0.0,189.0,183.0,187.0,2.0,13842600,2564741900,1168,32.6,188,25200,187,1414500,10365854185,10365854185,3449756273,2965600,28100,0,0,0
2023-12-11,DILD,Intiland Development Tbk.,--S-1135000000H111------------,189.0,0.0,190.0,185.0,185.0,-4.0,32314700,6032658900,1829,32.2,186,13300,185,57300,10365854185,10365854185,3449756273,9752800,606300,0,0,0
2023-12-08,DILD,Intiland Development Tbk.,--S-1135000000H111------------,189.0,0.0,193.0,188.0,189.0,0.0,12304900,2336806700,844,32.9,190,575700,189,471800,10365854185,10365854185,3449756273,2970200,307100,0,0,0
2023-12-07,DILD,Intiland Development Tbk.,--S-1135000000H111------------,193.0,0.0,194.0,189.0,189.0,-4.0,17478100,3327943500,1291,32.9,190,28800,189,791600,10365854185,10365854185,3449756273,2712500,329900,50000000,12900000000,1
2023-12-06,DILD,Intiland Development Tbk.,--S-1135000000H111------------,192.0,0.0,198.0,191.0,193.0,1.0,24213800,4704275000,1311,33.6,193,71100,192,1306600,10365854185,10365854185,3449756273,1073300,4977300,0,0,0
2023-12-05,DILD,Intiland Development Tbk.,--S-1135000000H111------------,202.0,0.0,206.0,191.0,192.0,-10.0,53199400,10409314100,3667,33.5,193,131100,192,879200,10365854185,10365854185,3449756273,21337100,546600,0,0,0
2023-12-04,DILD,Intiland Development Tbk.,--S-1135000000H111------------,193.0,0.0,204.0,192.0,202.0,9.0,84257300,16780531100,4575,35.2,202,2155500,200,1475000,10365854185,10365854185,3449756273,5111900,11370100,0,0,0
2023-12-01,DILD,Intiland Development Tbk.,--S-1135000000H111------------,192.0,0.0,194.0,189.0,193.0,1.0,16773200,3200491800,902,33.6,193,298600,192,10100,10365854185,10365854185,3449756273,3434100,1302800,0,0,0
2023-11-30,DILD,Intiland Development Tbk.,--S-1135000000H111------------,192.0,0.0,192.0,190.0,192.0,0.0,5740200,1094406800,572,33.5,192,3989400,191,5000,10365854185,10365854185,3449756273,1759500,187700,0,0,0
2023-11-29,DILD,Intiland Development Tbk.,--S-1135000000H111------------,194.0,0.0,194.0,190.0,192.0,-2.0,7160000,1374610000,657,33.5,193,640200,192,4800,10365854185,10365854185,3449756273,1030600,399900,2700000,521100000,1
2023-11-28,DILD,Intiland Development Tbk.,--S-1135000000H111------------,194.0,0.0,196.0,192.0,194.0,0.0,6648200,1287062300,667,33.8,194,784000,193,1041000,10365854185,10365854185,3449756273,490700,963300,260000,50440000,1
2023-11-27,DILD,Intiland Development Tbk.,--S-1135000000H111------------,190.0,0.0,197.0,189.0,194.0,4.0,26610500,5164712900,1526,33.8,195,498700,194,618900,10365854185,10365854185,3449756273,2113000,8425100,0,0,0
2023-11-24,DILD,Intiland Development Tbk.,--S-1135000000H111------------,192.0,0.0,194.0,189.0,190.0,-2.0,6585700,1251800000,693,33.1,190,65400,189,1708000,10365854185,10365854185,3449756273,384400,246500,0,0,0
2023-11-23,DILD,Intiland Development Tbk.,--S-1135000000H111------------,190.0,0.0,194.0,188.0,192.0,2.0,12148300,2321962400,714,33.5,193,390300,192,632300,10365854185,10365854185,3449756273,1446000,3309100,0,0,0
2023-11-22,DILD,Intiland Development Tbk.,--S-1135000000H111------------,189.0,0.0,192.0,188.0,190.0,1.0,13625600,2593066100,705,33.1,190,208100,189,1690200,10365854185,10365854185,3449756273,5730500,1303300,82123900,20177156888,18
2023-11-21,DILD,Intiland Development Tbk.,--S-1135000000H111------------,189.0,0.0,191.0,188.0,189.0,0.0,4971900,939354000,549,32.9,189,300200,188,662900,10365854185,10365854185,3449756273,739700,298600,0,0,0
2023-11-20,DILD,Intiland Development Tbk.,--S-1135000000H111------------,191.0,0.0,191.0,188.0,189.0,-2.0,9396900,1776972100,812,32.9,190,112500,189,519900,10365854185,10365854185,3449756273,3358800,83000,0,0,0
2023-11-17,DILD,Intiland Development Tbk.,--S-1135000000H111------------,191.0,0.0,193.0,190.0,191.0,0.0,6594500,1262776800,471,33.3,191,390500,190,1791400,10365854185,10365854185,3449756273,1560100,57500,0,0,0
2023-11-16,DILD,Intiland Development Tbk.,--S-1135000000H111------------,189.0,0.0,194.0,189.0,191.0,2.0,11774000,2255384700,792,33.3,191,631700,190,1945100,10365854185,10365854185,3449756273,744700,2004300,2500000,450000000,1
2023-11-15,DILD,Intiland Development Tbk.,--S-1135000000H111------------,185.0,0.0,191.0,185.0,189.0,4.0,13766900,2606084600,925,32.9,189,1362300,188,1070200,10365854185,10365854185,3449756273,2048300,2333200,0,0,0
2023-11-14,DILD,Intiland Development Tbk.,--S-1135000000H111------------,187.0,0.0,189.0,179.0,185.0,-2.0,18700600,3467970200,1371,32.2,186,179400,185,658900,10365854185,10365854185,3449756273,3868000,775400,0,0,0
2023-11-13,DILD,Intiland Development Tbk.,--S-1135000000H111------------,188.0,0.0,190.0,186.0,187.0,-1.0,9990700,1875922400,950,32.6,187,308400,186,1813000,10365854185,10365854185,3449756273,1295900,237600,0,0,0
2023-11-10,DILD,Intiland Development Tbk.,--S-1135000000H111------------,192.0,0.0,193.0,188.0,188.0,-4.0,28850900,5468185300,1738,32.8,189,418900,188,199300,10365854185,10365854185,3449756273,8376800,715600,0,0,0
2023-11-09,DILD,Intiland Development Tbk.,--S-1135000000H111------------,193.0,0.0,197.0,192.0,192.0,-1.0,13252900,2561958100,925,33.5,192,434900,191,1319000,10365854185,10365854185,3449756273,3975600,1232400,0,0,0
2023-11-08,DILD,Intiland Development Tbk.,--S-1135000000H111------------,196.0,0.0,197.0,192.0,193.0,-3.0,11151400,2162642700,958,33.6,194,55000,193,176000,10365854185,10365854185,3449756273,5717200,6400,0,0,0
2023-11-07,DILD,Intiland Development Tbk.,--S-1135000000H111------------,195.0,0.0,199.0,193.0,196.0,1.0,12191100,2385499700,1130,34.2,197,688600,196,93700,10365854185,10365854185,3449756273,1564000,1215600,0,0,0
2023-11-06,DILD,Intiland Development Tbk.,--S-1135000000H111------------,197.0,0.0,202.0,191.0,195.0,-2.0,38534900,7631956200,2143,34.0,196,5100,195,930100,10365854185,10365854185,3449756273,6823400,8297100,0,0,0
2023-11-03,DILD,Intiland Development Tbk.,--S-1135000000H111------------,194.0,0.0,199.0,195.0,197.0,3.0,20693300,4075060100,1131,34.3,197,21300,196,90500,10365854185,10365854185,3449756273,1713000,3406400,0,0,0
2023-11-02,DILD,Intiland Development Tbk.,--S-1135000000H111------------,192.0,0.0,200.0,192.0,194.0,2.0,31865500,6236860000,1509,33.8,195,1851600,194,1811200,10365854185,10365854185,3449756273,6203700,4957400,0,0,0
2023-11-01,DILD,Intiland Development Tbk.,--S-1135000000H111------------,198.0,0.0,199.0,192.0,192.0,-6.0,34873600,6772240600,2180,33.5,193,3565500,192,6789700,10365854185,10365854185,3449756273,4276400,2099600,0,0,0
2023-10-31,DILD,Intiland Development Tbk.,--S-1135000000H111------------,186.0,0.0,222.0,191.0,198.0,12.0,209073400,43144531100,12978,34.5,199,119000,198,222500,10365854185,10365854185,3449756273,43151900,12985500,0,0,0
2023-10-30,DILD,Intiland Development Tbk.,--S-1135000000H111------------,191.0,0.0,192.0,184.0,186.0,-5.0,12462500,2334687800,1406,32.4,187,61000,186,81500,10365854185,10365854185,3449756273,3053200,799000,0,0,0
2023-10-27,DILD,Intiland Development Tbk.,--S-1135000000H111------------,189.0,0.0,194.0,187.0,191.0,2.0,13633100,2594162700,1000,33.3,192,173500,191,17300,10365854185,10365854185,3449756273,1875400,704700,0,0,0
2023-10-26,DILD,Intiland Development Tbk.,--S-1135000000H111------------,191.0,0.0,192.0,187.0,189.0,-2.0,11593600,2191558300,770,32.9,189,318100,188,67000,10365854185,10365854185,3449756273,3430700,19500,0,0,0
2023-10-25,DILD,Intiland Development Tbk.,--S-1135000000H111------------,189.0,0.0,195.0,189.0,191.0,2.0,15145000,2894893000,917,33.3,191,277200,190,394700,10365854185,10365854185,3449756273,2701900,3027000,0,0,0
2023-10-24,DILD,Intiland Development Tbk.,--S-1135000000H111------------,187.0,0.0,192.0,185.0,189.0,2.0,14741000,2791532300,1000,32.9,189,1626400,188,1258800,10365854185,10365854185,3449756273,449800,5242500,100,18638,2
2023-10-23,DILD,Intiland Development Tbk.,--S-1135000000H111------------,192.0,0.0,194.0,186.0,187.0,-5.0,15027500,2834368700,1328,32.6,188,78900,187,1146700,10365854185,10365854185,3449756273,4722500,1360600,0,0,0
2023-10-20,DILD,Intiland Development Tbk.,--S-1135000000H111------------,191.0,0.0,192.0,188.0,192.0,1.0,9779700,1858356500,658,33.5,193,385500,192,24200,10365854185,10365854185,3449756273,1287100,1469200,0,0,0
2023-10-19,DILD,Intiland Development Tbk.,--S-1135000000H111------------,191.0,0.0,193.0,190.0,191.0,0.0,10403500,1989228000,642,33.3,191,43900,190,860900,10365854185,10365854185,3449756273,3754700,1778200,0,0,0
2023-10-18,DILD,Intiland Development Tbk.,--S-1135000000H111------------,191.0,0.0,194.0,189.0,191.0,0.0,14449700,2763566100,802,33.3,192,71200,191,5500,10365854185,10365854185,3449756273,1211400,1572000,0,0,0
2023-10-17,DILD,Intiland Development Tbk.,--S-1135000000H111------------,189.0,0.0,192.0,187.0,191.0,2.0,12502000,2359094900,1042,33.3,191,310000,190,212100,10365854185,10365854185,3449756273,1246700,569000,100,18800,2
2023-10-16,DILD,Intiland Development Tbk.,--S-1135000000H111------------,194.0,0.0,195.0,187.0,189.0,-5.0,29109500,5521860200,2106,32.9,189,179400,188,1048600,10365854185,10365854185,3449756273,7347800,997000,0,0,0
2023-10-13,DILD,Intiland Development Tbk.,--S-1135000000H111------------,200.0,0.0,204.0,194.0,194.0,-6.0,16342000,3204764600,1219,33.8,195,516500,194,632200,10365854185,10365854185,3449756273,6176300,7700,200,39852,3
2023-10-12,DILD,Intiland Development Tbk.,--S-1135000000H111------------,195.0,0.0,206.0,195.0,200.0,5.0,21711200,4353723300,1357,34.9,202,1087800,200,40600,10365854185,10365854185,3449756273,4139400,1073600,0,0,0
2023-10-11,DILD,Intiland Development Tbk.,--S-1135000000H111------------,193.0,0.0,197.0,192.0,195.0,2.0,6967700,1356501200,728,34.0,195,691600,194,2690700,10365854185,10365854185,3449756273,216000,2076200,0,0,0
2023-10-10,DILD,Intiland Development Tbk.,--S-1135000000H111------------,193.0,0.0,195.0,191.0,193.0,0.0,8426500,1626413800,701,33.6,193,60200,192,991100,10365854185,10365854185,3449756273,1116800,2145300,0,0,0
2023-10-09,DILD,Intiland Development Tbk.,--S-1135000000H111------------,194.0,0.0,196.0,190.0,193.0,-1.0,14528600,2787395900,1242,33.6,193,810100,192,11000,10365854185,10365854185,3449756273,2598100,956100,0,0,0
2023-10-06,DILD,Intiland Development Tbk.,--S-1135000000H111------------,197.0,0.0,198.0,193.0,194.0,-3.0,12643200,2455842100,997,33.8,194,41100,193,5680800,10365854185,10365854185,3449756273,2698900,193700,0,0,0
2023-10-05,DILD,Intiland Development Tbk.,--S-1135000000H111------------,195.0,0.0,199.0,194.0,197.0,2.0,6642300,1305335200,725,34.3,197,1455300,196,24100,10365854185,10365854185,3449756273,456100,725200,0,0,0
2023-10-04,DILD,Intiland Development Tbk.,--S-1135000000H111------------,200.0,0.0,202.0,191.0,195.0,-5.0,31786900,6173209200,2352,34.0,196,563400,195,416500,10365854185,10365854185,3449756273,8590300,1426700,0,0,0
2023-10-03,DILD,Intiland Development Tbk.,--S-1135000000H111------------,204.0,0.0,206.0,199.0,200.0,-4.0,42745700,8572712000,1325,34.9,202,824200,200,1106900,10365854185,10365854185,3449756273,347100,4238500,0,0,0
2023-10-02,DILD,Intiland Development Tbk.,--S-1135000000H111------------,200.0,0.0,206.0,200.0,204.0,4.0,15123100,3073902000,924,35.5,206,3248900,204,1074400,10365854185,10365854185,3449756273,1629500,1736000,0,0,0
2023-09-29,DILD,Intiland Development Tbk.,--S-1135000000H111------------,204.0,0.0,204.0,199.0,200.0,-4.0,20363500,4079256900,1085,34.9,202,780100,200,497800,10365854185,10365854185,3558597742,1940900,4159700,0,0,0
2023-09-27,DILD,Intiland Development Tbk.,--S-1135000000H111------------,202.0,0.0,206.0,200.0,204.0,2.0,10493300,2126909600,650,35.5,204,1206100,202,1037900,10365854185,10365854185,3558597742,1671800,2814700,0,0,0
2023-09-26,DILD,Intiland Development Tbk.,--S-1135000000H111------------,202.0,0.0,204.0,200.0,202.0,0.0,17679100,3552580800,1040,35.2,202,453200,200,2146900,10365854185,10365854185,3558597742,1699200,600900,0,0,0
2023-09-25,DILD,Intiland Development Tbk.,--S-1135000000H111------------,206.0,0.0,206.0,200.0,202.0,-4.0,27362200,5528621400,1642,35.2,202,1537100,200,12338200,10365854185,10365854185,3558597742,2536000,1336600,0,0,0
2023-09-22,DILD,Intiland Development Tbk.,--S-1135000000H111------------,206.0,0.0,208.0,202.0,206.0,0.0,15568600,3188760600,785,35.9,206,8548600,204,1557300,10365854185,10365854185,3558597742,1997700,1463000,39042500,9994880000,6
2023-09-21,DILD,Intiland Development Tbk.,--S-1135000000H111------------,208.0,0.0,210.0,204.0,206.0,-2.0,24352300,5019216400,932,35.9,208,1799800,206,157200,10365854185,10365854185,3558597742,1029900,2634400,32071300,9784822595,8
2023-09-20,DILD,Intiland Development Tbk.,--S-1135000000H111------------,208.0,0.0,212.0,204.0,208.0,0.0,15619200,3247195200,1016,36.2,208,723900,206,374800,10365854185,10365854185,3558597742,595400,3344600,25435200,7577275838,14
2023-09-19,DILD,Intiland Development Tbk.,--S-1135000000H111------------,202.0,0.0,210.0,202.0,208.0,6.0,12467200,2561999200,687,36.2,208,52000,206,740800,10365854185,10365854185,3558597742,381700,3783000,0,0,0
2023-09-18,DILD,Intiland Development Tbk.,--S-1135000000H111------------,208.0,0.0,210.0,202.0,202.0,-6.0,16626100,3404261600,1333,35.2,204,4900,202,4262900,10365854185,10365854185,3558597742,2480000,466200,0,0,0
2023-09-15,DILD,Intiland Development Tbk.,--S-1135000000H111------------,210.0,0.0,212.0,208.0,208.0,-2.0,9335800,1952251400,714,36.2,210,592500,208,336200,10365854185,10365854185,3558597742,190600,1212800,18236400,5337622274,8
2023-09-14,DILD,Intiland Development Tbk.,--S-1135000000H111------------,206.0,0.0,212.0,206.0,210.0,4.0,9974600,2090831400,719,36.6,212,671900,210,36500,10365854185,10365854185,3558597742,204900,1599200,36345400,10270181840,2
2023-09-13,DILD,Intiland Development Tbk.,--S-1135000000H111------------,212.0,0.0,212.0,206.0,206.0,-6.0,12447400,2596442200,1293,35.9,208,878600,206,2666600,10365854185,10365854185,3558597742,570700,1710000,39980000,11294198753,2
2023-09-12,DILD,Intiland Development Tbk.,--S-1135000000H111------------,218.0,0.0,218.0,206.0,212.0,-6.0,28908200,6111569800,2541,36.9,212,865300,210,303300,10365854185,10365854185,3558597742,7109200,1229000,0,0,0
2023-09-11,DILD,Intiland Development Tbk.,--S-1135000000H111------------,220.0,0.0,224.0,218.0,218.0,-2.0,26499600,5854855400,1227,38.0,218,1157000,216,563500,10365854185,10365854185,3558597742,1539500,3092400,0,0,0
2023-09-08,DILD,Intiland Development Tbk.,--S-1135000000H111------------,220.0,0.0,222.0,216.0,220.0,0.0,15403000,3378614400,800,38.3,220,380200,218,454100,10365854185,10365854185,3558597742,3945400,103500,14644500,4100343327,6
2023-09-07,DILD,Intiland Development Tbk.,--S-1135000000H111------------,218.0,0.0,222.0,216.0,220.0,2.0,16142700,3536748000,850,38.3,220,483200,218,1687300,10365854185,10365854185,3558597742,5616200,38700,0,0,0
2023-09-06,DILD,Intiland Development Tbk.,--S-1135000000H111------------,218.0,0.0,224.0,218.0,218.0,0.0,16675700,3670581600,858,38.0,220,199400,218,3686300,10365854185,10365854185,3558597742,6816300,672800,0,0,0
2023-09-05,DILD,Intiland Development Tbk.,--S-1135000000H111------------,216.0,0.0,226.0,216.0,218.0,2.0,34172800,7564872200,1647,38.0,220,200000,218,1910200,10365854185,10365854185,3558597742,3321200,6841400,0,0,0
2023-09-04,DILD,Intiland Development Tbk.,--S-1135000000H111------------,216.0,0.0,220.0,216.0,216.0,0.0,18619400,4069998600,850,37.6,218,544200,216,1388200,10365854185,10365854185,3558597742,1374400,1606400,0,0,0
2023-09-01,DILD,Intiland Development Tbk.,--S-1135000000H111------------,216.0,0.0,222.0,216.0,216.0,0.0,19577000,4284234600,894,37.6,218,2700,216,599500,10365854185,10365854185,3558597742,4545600,1859800,0,0,0
2023-08-31,DILD,Intiland Development Tbk.,--S-1135000000H111------------,216.0,0.0,220.0,212.0,216.0,0.0,23715800,5089788200,1110,37.6,218,98600,216,8100,10365854185,10365854185,3558597742,3385300,4579000,0,0,0
2023-08-30,DILD,Intiland Development Tbk.,--S-1135000000H111------------,220.0,0.0,226.0,216.0,216.0,-4.0,27519100,6001568200,1320,37.6,216,150800,214,1635200,10365854185,10365854185,3558597742,5856200,342600,0,0,0
2023-08-29,DILD,Intiland Development Tbk.,--S-1135000000H111------------,216.0,0.0,222.0,214.0,220.0,4.0,34084500,7429727000,1882,38.3,220,1781200,218,985500,10365854185,10365854185,3558597742,9794500,1979700,0,0,0
2023-08-28,DILD,Intiland Development Tbk.,--S-1135000000H111------------,206.0,0.0,218.0,204.0,216.0,10.0,28176700,5953322200,1772,37.6,218,2128200,216,178400,10365854185,10365854185,3558597742,1520700,6967100,0,0,0
2023-08-25,DILD,Intiland Development Tbk.,--S-1135000000H111------------,208.0,0.0,210.0,204.0,206.0,-2.0,9645100,1996184000,883,35.9,206,693800,204,3206700,10365854185,10365854185,3558597742,1093500,2400500,0,0,0
2023-08-24,DILD,Intiland Development Tbk.,--S-1135000000H111------------,208.0,0.0,208.0,204.0,208.0,0.0,13173900,2714250400,1141,36.2,208,2053000,206,946200,10365854185,10365854185,3558597742,1508100,1961400,0,0,0
2023-08-23,DILD,Intiland Development Tbk.,--S-1135000000H111------------,204.0,0.0,210.0,204.0,208.0,4.0,23517000,4899956600,1846,36.2,208,3404100,206,3089700,10365854185,10365854185,3558597742,1384700,2416200,0,0,0
2023-08-22,DILD,Intiland Development Tbk.,--S-1135000000H111------------,200.0,0.0,206.0,198.0,204.0,4.0,42924600,8657858200,1977,35.5,206,4441300,204,468900,10365854185,10365854185,3558597742,13300,18344900,0,0,0
2023-08-21,DILD,Intiland Development Tbk.,--S-1135000000H111------------,212.0,0.0,212.0,198.0,200.0,-12.0,101557100,20592696200,4413,34.9,200,1104000,199,1418400,10365854185,10365854185,3558597742,7158800,23142700,0,0,0
2023-08-18,DILD,Intiland Development Tbk.,--S-1135000000H111------------,214.0,0.0,216.0,206.0,212.0,-2.0,43255900,9074753200,2431,36.9,212,73000,210,128200,10365854185,10365854185,3558597742,3561600,8106100,0,0,0
2023-08-16,DILD,Intiland Development Tbk.,--S-1135000000H111------------,216.0,0.0,220.0,212.0,214.0,-2.0,22534000,4858647000,1726,37.3,216,1738500,214,215000,10365854185,10365854185,3558597742,1145000,2851400,0,0,0
2023-08-15,DILD,Intiland Development Tbk.,--S-1135000000H111------------,220.0,0.0,224.0,214.0,216.0,-4.0,42256000,9254653200,2420,37.6,218,43300,216,578400,10365854185,10365854185,3558597742,227100,9456400,0,0,0
2023-08-14,DILD,Intiland Development Tbk.,--S-1135000000H111------------,224.0,0.0,226.0,218.0,220.0,-4.0,27708200,6133516600,1860,38.3,220,1589500,218,1004600,10365854185,10365854185,3558597742,206300,6548300,0,0,0
2023-08-11,DILD,Intiland Development Tbk.,--S-1135000000H111------------,228.0,0.0,230.0,220.0,224.0,-4.0,15869600,3553466200,1408,39.0,226,300200,224,231400,10365854185,10365854185,3558597742,2304300,1153100,0,0,0
2023-08-10,DILD,Intiland Development Tbk.,--S-1135000000H111------------,224.0,0.0,228.0,224.0,228.0,4.0,7842900,1775338000,719,39.7,228,4751200,226,697500,10365854185,10365854185,3558597742,682900,799500,0,0,0
2023-08-09,DILD,Intiland Development Tbk.,--S-1135000000H111------------,230.0,0.0,232.0,224.0,224.0,-6.0,11961100,2721307400,1197,39.0,226,667100,224,2256800,10365854185,10365854185,3558597742,4055800,1335500,0,0,0
2023-08-08,DILD,Intiland Development Tbk.,--S-1135000000H111------------,230.0,0.0,236.0,226.0,230.0,0.0,19774100,4525417200,1256,40.1,232,2464600,230,92400,10365854185,10365854185,3558597742,2678200,3209000,0,0,0
2023-08-07,DILD,Intiland Development Tbk.,--S-1135000000H111------------,228.0,0.0,234.0,224.0,230.0,2.0,19124800,4373234200,1338,40.1,230,418800,228,1126700,10365854185,10365854185,3558597742,1126800,3541700,0,0,0
2023-08-04,DILD,Intiland Development Tbk.,--S-1135000000H111------------,230.0,0.0,232.0,224.0,228.0,-2.0,10533600,2405384000,1167,39.7,230,577200,228,270200,10365854185,10365854185,3558597742,2098700,597900,0,0,0
2023-08-03,DILD,Intiland Development Tbk.,--S-1135000000H111------------,228.0,0.0,234.0,224.0,230.0,2.0,21814300,5026219600,1688,40.1,230,6400,228,849100,10365854185,10365854185,3558597742,4227700,673700,0,0,0
2023-08-02,DILD,Intiland Development Tbk.,--S-1135000000H111------------,222.0,0.0,230.0,210.0,228.0,6.0,66999900,14634274200,3403,39.7,228,689400,226,665200,10365854185,10365854185,3558597742,5465500,21054800,0,0,0
2023-08-01,DILD,Intiland Development Tbk.,--S-1135000000H111------------,238.0,0.0,240.0,220.0,222.0,-16.0,67884200,15312374400,4790,38.7,222,308800,220,3851900,10365854185,10365854185,3558597742,9401100,3649400,0,0,0
2023-07-31,DILD,Intiland Development Tbk.,--S-1135000000H111------------,234.0,0.0,240.0,234.0,238.0,4.0,20168300,4782103000,1293,41.5,240,2646700,238,325300,10365854185,10365854185,3558597742,97500,4468700,0,0,0
2023-07-28,DILD,Intiland Development Tbk.,--S-1135000000H111------------,240.0,0.0,240.0,232.0,234.0,-6.0,31612700,7418538800,2647,40.8,234,194700,232,3770900,10365854185,10365854185,3558597742,2149200,2753400,0,0,0
2023-07-27,DILD,Intiland Development Tbk.,--S-1135000000H111------------,244.0,0.0,248.0,236.0,240.0,-4.0,39916400,9679320800,2480,41.8,240,321400,238,1466200,10365854185,10365854185,3558597742,1288800,6915500,0,0,0
2023-07-26,DILD,Intiland Development Tbk.,--S-1135000000H111------------,246.0,0.0,250.0,244.0,244.0,-2.0,21910400,5394751800,1584,42.5,246,1447800,244,2539400,10365854185,10365854185,3558597742,488900,2788000,0,0,0
2023-07-25,DILD,Intiland Development Tbk.,--S-1135000000H111------------,248.0,0.0,252.0,244.0,246.0,-2.0,21606600,5337828400,1543,42.9,248,1382500,244,4287200,10365854185,10365854185,3558597742,3500800,415400,0,0,0
2023-07-24,DILD,Intiland Development Tbk.,--S-1135000000H111------------,246.0,0.0,254.0,244.0,248.0,2.0,36869800,9152632600,2449,43.2,250,2239000,248,1083500,10365854185,10365854185,3558597742,5682400,2014400,0,0,0
2023-07-21,DILD,Intiland Development Tbk.,--S-1135000000H111------------,246.0,0.0,248.0,242.0,246.0,0.0,13760600,3376994200,1167,42.9,246,268500,244,1047200,10365854185,10365854185,3558597742,195200,3203200,0,0,0
2023-07-20,DILD,Intiland Development Tbk.,--S-1135000000H111------------,246.0,0.0,250.0,242.0,246.0,0.0,28733100,7043632800,2344,42.9,246,68500,244,575600,10365854185,10365854185,3558597742,2172000,4968600,0,0,0
2023-07-18,DILD,Intiland Development Tbk.,--S-1135000000H111------------,250.0,0.0,254.0,242.0,246.0,-4.0,29684400,7312643200,2688,42.9,246,3098600,244,2716200,10365854185,10365854185,3558597742,4917100,3324900,0,0,0
2023-07-17,DILD,Intiland Development Tbk.,--S-1135000000H111------------,244.0,0.0,256.0,244.0,250.0,6.0,46149800,11636632000,3004,43.6,250,2643700,248,1279700,10365854185,10365854185,3558597742,2707700,13832400,0,0,0
2023-07-14,DILD,Intiland Development Tbk.,--S-1135000000H111------------,242.0,0.0,252.0,240.0,244.0,2.0,38080100,9378392600,2785,42.5,246,627000,244,1414500,10365854185,10365854185,3558597742,9398400,3555400,0,0,0
2023-07-13,DILD,Intiland Development Tbk.,--S-1135000000H111------------,268.0,0.0,270.0,230.0,242.0,-26.0,206375300,50369070400,10947,42.2,244,130000,242,910000,10365854185,10365854185,3558597742,35137200,16244000,0,0,0
2023-07-12,DILD,Intiland Development Tbk.,--S-1135000000H111------------,268.0,0.0,276.0,262.0,268.0,0.0,71742000,19235485000,4070,46.7,268,1032300,266,286500,10365854185,10365854185,3558597742,23935400,3589300,57,15276,1
2023-07-11,DILD,Intiland Development Tbk.,--S-1135000000H111------------,264.0,0.0,272.0,262.0,268.0,4.0,43844100,11688806600,3116,46.7,270,4879000,268,2070900,10365854185,10365854185,3558597742,2781000,7752000,50000143,13500037752,3
2023-07-10,DILD,Intiland Development Tbk.,--S-1135000000H111------------,270.0,0.0,276.0,260.0,264.0,-6.0,75489800,20151157000,5066,46.0,266,583300,264,994800,10365854185,10365854185,3558597742,20667700,1621000,502895255,176011334960,4
2023-07-07,DILD,Intiland Development Tbk.,--S-1135000000H111------------,274.0,0.0,278.0,268.0,270.0,-4.0,55957900,15175611600,3877,47.0,270,498500,268,310800,10365854185,10365854185,3558597742,8581500,4793800,45,12240,2
2023-07-06,DILD,Intiland Development Tbk.,--S-1135000000H111------------,272.0,0.0,292.0,266.0,274.0,2.0,222490300,62031329000,13944,47.7,276,1376400,274,17854500,10365854185,10365854185,3558597742,29982300,13743400,0,0,0
2023-07-05,DILD,Intiland Development Tbk.,--S-1135000000H111------------,242.0,0.0,290.0,240.0,272.0,30.0,305184200,82054783600,16913,47.4,274,1839500,272,514100,10365854185,10365854185,3558597742,19394200,37057500,0,0,0
2023-07-04,DILD,Intiland Development Tbk.,--S-1135000000H111------------,240.0,0.0,242.0,238.0,242.0,2.0,33482900,8038224400,1805,42.2,242,4769200,240,1008700,10365854185,10365854185,3558597742,0,10747000,0,0,0
2023-07-03,DILD,Intiland Development Tbk.,--S-1135000000H111------------,236.0,0.0,244.0,236.0,240.0,4.0,29922000,7166317400,1836,41.8,242,2250000,240,1279300,10365854185,10365854185,3558597742,338700,15614400,0,0,0
2023-06-27,DILD,Intiland Development Tbk.,--S-1135000000H111------------,240.0,0.0,242.0,234.0,236.0,-4.0,23444200,5548580800,1554,41.1,236,426200,234,6558000,10365854185,10365854185,3592805061,4145200,2623700,32307064,6537455500,16
2023-06-26,DILD,Intiland Development Tbk.,--S-1135000000H111------------,236.0,0.0,246.0,236.0,240.0,4.0,43819600,10505885600,2314,41.8,240,181400,238,1602600,10365854185,10365854185,3592805061,3262300,11152700,35802700,7390532044,18
2023-06-23,DILD,Intiland Development Tbk.,--S-1135000000H111------------,238.0,0.0,240.0,234.0,236.0,-2.0,16213400,3831082400,1052,41.1,238,688200,236,505500,10365854185,10365854185,3592805061,830300,1682200,0,0,0
2023-06-22,DILD,Intiland Development Tbk.,--S-1135000000H111------------,238.0,0.0,242.0,234.0,238.0,0.0,20999100,5004522600,1524,41.5,238,195600,236,755600,10365854185,10365854185,3592805061,1620200,4939900,47955807,9701950184,8
2023-06-21,DILD,Intiland Development Tbk.,--S-1135000000H111------------,232.0,0.0,238.0,218.0,238.0,6.0,31300700,7247803000,2178,41.5,238,1058800,236,256300,10365854185,10365854185,3592805061,2589000,5191100,82702300,19823383590,12
2023-06-20,DILD,Intiland Development Tbk.,--S-1135000000H111------------,240.0,0.0,242.0,226.0,232.0,-8.0,47708900,11046659800,3964,40.4,232,62300,230,50000,10365854185,10365854185,3592805061,1835000,3308300,106858000,23937383735,35
2023-06-19,DILD,Intiland Development Tbk.,--S-1135000000H111------------,240.0,0.0,258.0,236.0,240.0,0.0,36220300,8712446000,3022,41.8,240,503500,238,408800,10365854185,10365854185,3592805061,6938100,3106000,0,0,0
2023-06-16,DILD,Intiland Development Tbk.,--S-1135000000H111------------,236.0,0.0,244.0,234.0,240.0,4.0,32663700,7802975200,2119,41.8,240,2198800,238,2201500,10365854185,10365854185,3592805061,1775700,10639200,44353900,10536431797,12
2023-06-15,DILD,Intiland Development Tbk.,--S-1135000000H111------------,238.0,0.0,246.0,234.0,236.0,-2.0,46159400,11048772800,3972,41.1,236,400,234,3027400,10365854185,10365854185,3592805061,16139300,2071400,0,0,0
2023-06-14,DILD,Intiland Development Tbk.,--S-1135000000H111------------,240.0,0.0,244.0,234.0,238.0,-2.0,37335700,8876350000,2860,41.5,238,1848400,236,3468500,10365854185,10365854185,3592805061,10739800,1937100,103708500,22479290677,33
2023-06-13,DILD,Intiland Development Tbk.,--S-1135000000H111------------,228.0,0.0,248.0,226.0,240.0,12.0,103142000,24521170000,6858,41.8,240,1647400,238,746100,10365854185,10365854185,3592805061,19271600,12744100,190129800,44604616341,14
2023-06-12,DILD,Intiland Development Tbk.,--S-1135000000H111------------,230.0,0.0,234.0,226.0,228.0,-2.0,37100300,8465930400,2621,39.7,228,1363800,226,5784700,10365854185,10365854185,3592805061,3945600,6715300,0,0,0
2023-06-09,DILD,Intiland Development Tbk.,--S-1135000000H111------------,226.0,0.0,234.0,224.0,230.0,4.0,45546400,10386390400,2180,40.1,232,2747600,230,548400,10365854185,10365854185,3592805061,7028100,7630600,22266000,4620335544,10
2023-06-08,DILD,Intiland Development Tbk.,--S-1135000000H111------------,228.0,0.0,230.0,224.0,226.0,-2.0,31301500,7093177000,2359,39.4,226,1441100,224,4528100,10365854185,10365854185,3592805061,4249200,6760900,65,14820,1
2023-06-07,DILD,Intiland Development Tbk.,--S-1135000000H111------------,226.0,0.0,234.0,224.0,228.0,2.0,45418900,10363580200,3300,39.7,230,1417800,228,2727500,10365854185,10365854185,3592805061,3246800,6866900,135,31050,2
2023-06-06,DILD,Intiland Development Tbk.,--S-1135000000H111------------,236.0,0.0,238.0,218.0,226.0,-10.0,115443600,26197796600,7707,39.4,226,162700,224,5286800,10365854185,10365854185,3592805061,27676000,13443700,70,15260,1
2023-06-05,DILD,Intiland Development Tbk.,--S-1135000000H111------------,210.0,0.0,236.0,202.0,236.0,26.0,167830200,37047643200,9204,41.1,236,1003300,234,2172200,10365854185,10365854185,3592805061,29068800,36063400,40000267,6800057556,5
2023-05-31,DILD,Intiland Development Tbk.,--S-1135000000H111------------,224.0,0.0,226.0,210.0,210.0,-14.0,111903300,24009321600,6015,36.6,210,19243700,0,0,10365854185,10365854185,3592805061,3188100,6311300,63,13860,1
2023-05-30,DILD,Intiland Development Tbk.,--S-1135000000H111------------,240.0,0.0,240.0,224.0,224.0,-16.0,131284900,29774459600,6494,39.0,224,9378300,0,0,10365854185,10365854185,3592805061,7301900,20482800,45250900,9273452567,14
2023-05-29,DILD,Intiland Development Tbk.,--S-1135000000H111------------,258.0,0.0,280.0,240.0,240.0,-18.0,342642700,87297342000,21781,41.8,240,13360700,0,0,10365854185,10365854185,3592805061,28607400,26210300,0,0,0
2023-05-26,DILD,Intiland Development Tbk.,--S-1135000000H111------------,234.0,0.0,258.0,234.0,258.0,24.0,167048700,41706712800,10386,45.0,260,3918700,258,2107700,10365854185,10365854185,3592805061,12307100,16881400,0,0,0
2023-05-25,DILD,Intiland Development Tbk.,--S-1135000000H111------------,220.0,0.0,238.0,218.0,234.0,14.0,79841800,18158454000,4633,40.8,234,233600,232,1669400,10365854185,10365854185,3592805061,1844500,11824100,60000060,10200012720,2
2023-05-24,DILD,Intiland Development Tbk.,--S-1135000000H111------------,210.0,0.0,226.0,208.0,220.0,10.0,90345200,19831577600,5382,38.3,220,1826700,218,750000,10365854185,10365854185,3592805061,8253400,13952000,70872960,14307502656,19
2023-05-23,DILD,Intiland Development Tbk.,--S-1135000000H111------------,208.0,0.0,214.0,204.0,210.0,2.0,47837500,10049922800,2979,36.6,210,1451000,208,2009700,10365854185,10365854185,3592805061,1651500,7604400,0,0,0
2023-05-22,DILD,Intiland Development Tbk.,--S-1135000000H111------------,194.0,0.0,212.0,194.0,208.0,14.0,102114900,20952275700,5768,36.2,210,2371300,208,1954900,10365854185,10365854185,3592805061,8133400,10422400,0,0,0
2023-05-19,DILD,Intiland Development Tbk.,--S-1135000000H111------------,189.0,0.0,198.0,186.0,194.0,5.0,40546600,7856023100,2766,33.8,195,68300,194,1084600,10365854185,10365854185,3592805061,32400,8521500,0,0,0
2023-05-17,DILD,Intiland Development Tbk.,--S-1135000000H111------------,193.0,0.0,195.0,188.0,189.0,-4.0,42266000,8094285500,2837,32.9,190,762300,189,381600,10365854185,10365854185,3592805061,5210200,2048500,0,0,0
2023-05-16,DILD,Intiland Development Tbk.,--S-1135000000H111------------,185.0,0.0,200.0,185.0,193.0,8.0,100639700,19595574300,6039,33.6,194,223200,193,2600700,10365854185,10365854185,3592805061,5002400,7500400,0,0,0
2023-05-15,DILD,Intiland Development Tbk.,--S-1135000000H111------------,185.0,0.0,191.0,185.0,185.0,0.0,45269600,8453736900,2307,32.2,186,597900,185,2966200,10365854185,10365854185,3592805061,807900,4313500,0,0,0
2023-05-12,DILD,Intiland Development Tbk.,--S-1135000000H111------------,182.0,0.0,185.0,179.0,185.0,3.0,23423200,4270532300,1334,32.2,185,2202400,184,60500,10365854185,10365854185,3592805061,12700,6426000,75719693,15170701258,12
2023-05-11,DILD,Intiland Development Tbk.,--S-1135000000H111------------,182.0,0.0,184.0,174.0,182.0,0.0,32382100,5794083300,1851,31.7,182,1095300,181,512400,10365854185,10365854185,3592805061,22600,8225000,0,0,0
2023-05-10,DILD,Intiland Development Tbk.,--S-1135000000H111------------,183.0,0.0,185.0,180.0,182.0,-1.0,27075900,4925469900,1555,31.7,182,28800,181,585200,10365854185,10365854185,3592805061,904300,2642100,2523989,505470535,2
2023-05-09,DILD,Intiland Development Tbk.,--S-1135000000H111------------,184.0,0.0,188.0,180.0,183.0,-1.0,36155200,6662361300,2623,31.9,183,127900,182,1456400,10365854185,10365854185,3592805061,5023600,4357100,0,0,0
2023-05-08,DILD,Intiland Development Tbk.,--S-1135000000H111------------,172.0,0.0,185.0,171.0,184.0,12.0,61173600,11061536500,3886,32.1,185,2901300,184,26200,10365854185,10365854185,3592805061,1305000,7155600,0,0,0
2023-05-05,DILD,Intiland Development Tbk.,--S-1135000000H111------------,169.0,0.0,174.0,169.0,172.0,3.0,32967600,5661278600,1896,30.0,173,864500,172,16800,10365854185,10365854185,3592805061,772800,4472500,0,0,0
2023-05-04,DILD,Intiland Development Tbk.,--S-1135000000H111------------,169.0,0.0,171.0,168.0,169.0,0.0,17607300,2991910800,1021,29.4,170,278800,169,3143800,10365854185,10365854185,3592805061,807700,9300,0,0,0
2023-05-03,DILD,Intiland Development Tbk.,--S-1135000000H111------------,166.0,0.0,174.0,165.0,169.0,3.0,35624000,6005230400,1587,29.4,169,79000,168,20000,10365854185,10365854185,3592805061,1090900,8900,0,0,0
2023-05-02,DILD,Intiland Development Tbk.,--S-1135000000H111------------,166.0,0.0,177.0,165.0,166.0,0.0,66278200,11281250200,2509,28.9,166,1737600,165,283800,10365854185,10365854185,3592805061,851200,1094900,0,0,0
2023-04-28,DILD,Intiland Development Tbk.,--S-1135000000H111------------,169.0,0.0,170.0,161.0,166.0,-3.0,17330000,2835478100,859,28.9,166,1033100,165,31400,10365854185,10365854185,3592805061,675400,517100,0,0,0
2023-04-27,DILD,Intiland Development Tbk.,--S-1135000000H111------------,167.0,0.0,172.0,167.0,169.0,2.0,22360800,3803670700,858,29.4,169,112600,168,305600,10365854185,10365854185,3592805061,756200,1545700,0,0,0
2023-04-26,DILD,Intiland Development Tbk.,--S-1135000000H111------------,164.0,0.0,167.0,160.0,167.0,3.0,9356200,1544580300,605,29.1,168,637800,167,699000,10365854185,10365854185,3592805061,837000,276200,0,0,0
2023-04-18,DILD,Intiland Development Tbk.,--S-1135000000H111------------,163.0,0.0,164.0,161.0,164.0,1.0,2945800,479789700,303,28.6,164,2081200,163,63800,10365854185,10365854185,3592805061,266600,0,35000000,5600000000,1
2023-04-17,DILD,Intiland Development Tbk.,--S-1135000000H111------------,161.0,0.0,164.0,161.0,163.0,2.0,3487900,567778100,304,28.4,164,826100,163,8200,10365854185,10365854185,3592805061,0,33300,0,0,0
2023-04-14,DILD,Intiland Development Tbk.,--S-1135000000H111------------,160.0,0.0,165.0,160.0,161.0,1.0,4907500,796670700,435,28.1,162,11900,161,29500,10365854185,10365854185,3592805061,0,265600,0,0,0
2023-04-13,DILD,Intiland Development Tbk.,--S-1135000000H111------------,159.0,0.0,161.0,159.0,160.0,1.0,9274100,1483686400,342,27.9,160,114900,159,3030000,10365854185,10365854185,3592805061,0,0,0,0,0
2023-04-12,DILD,Intiland Development Tbk.,--S-1135000000H111------------,162.0,0.0,162.0,159.0,159.0,-3.0,22782000,3651329900,671,27.7,160,41400,159,904900,10365854185,10365854185,3592805061,0,0,0,0,0
2023-04-11,DILD,Intiland Development Tbk.,--S-1135000000H111------------,162.0,0.0,164.0,159.0,162.0,0.0,10853100,1752450700,506,28.2,162,1351500,161,208600,10365854185,10365854185,3592805061,0,29900,0,0,0
2023-04-10,DILD,Intiland Development Tbk.,--S-1135000000H111------------,164.0,0.0,164.0,159.0,162.0,-2.0,7832300,1260853000,619,28.2,162,92000,161,301100,10365854185,10365854185,3592805061,0,61900,0,0,0
2023-04-06,DILD,Intiland Development Tbk.,--S-1135000000H111------------,164.0,0.0,164.0,162.0,164.0,0.0,3347900,546744600,292,28.6,164,3960900,163,124900,10365854185,10365854185,3592805061,0,0,0,0,0
2023-04-05,DILD,Intiland Development Tbk.,--S-1135000000H111------------,165.0,0.0,166.0,161.0,164.0,-1.0,20809400,3409657200,6290,28.6,164,6725200,163,578800,10365854185,10365854185,3592805061,274700,464800,0,0,0
2023-04-04,DILD,Intiland Development Tbk.,--S-1135000000H111------------,165.0,0.0,166.0,162.0,165.0,0.0,3757500,618122500,349,28.8,165,432800,164,40100,10365854185,10365854185,3592805061,0,0,0,0,0
2023-04-03,DILD,Intiland Development Tbk.,--S-1135000000H111------------,167.0,0.0,167.0,163.0,165.0,-2.0,8552200,1398522300,570,28.8,165,577900,164,12900,10365854185,10365854185,3592805061,0,409900,0,0,0
2023-03-31,DILD,Intiland Development Tbk.,--M-1135000000H111------------,167.0,0.0,168.0,166.0,167.0,0.0,2391900,398979300,230,29.1,167,929600,166,520900,10365854185,10365854185,3592805061,0,0,0,0,0
2023-03-30,DILD,Intiland Development Tbk.,--M-1135000000H111------------,168.0,0.0,168.0,166.0,167.0,-1.0,3402300,569031900,206,29.1,168,67900,167,382900,10365854185,10365854185,3592805061,0,20000,0,0,0
2023-03-29,DILD,Intiland Development Tbk.,--M-1135000000H111------------,168.0,0.0,168.0,166.0,168.0,0.0,5307800,888881800,225,29.3,168,612400,167,419700,10365854185,10365854185,3592805061,0,0,0,0,0
2023-03-28,DILD,Intiland Development Tbk.,--M-1135000000H111------------,164.0,0.0,169.0,164.0,168.0,4.0,7193300,1204319400,327,29.3,168,2554400,167,722800,10365854185,10365854185,3592805061,0,0,402223399,76566006684,51
2023-03-27,DILD,Intiland Development Tbk.,--M-1135000000H111------------,163.0,0.0,165.0,162.0,164.0,1.0,3397800,555930600,295,28.6,164,590500,163,22500,10365854185,10365854185,3592805061,0,0,160139400,33036488585,45
2023-03-24,DILD,Intiland Development Tbk.,--M-1135000000H111------------,163.0,0.0,167.0,162.0,163.0,0.0,9621800,1573480700,551,28.4,163,454600,162,715600,10365854185,10365854185,3592805061,5767600,0,99400658,20223067541,14
2023-03-21,DILD,Intiland Development Tbk.,--M-1135000000H111------------,164.0,0.0,167.0,161.0,163.0,-1.0,2805600,458927800,371,28.4,164,23800,163,13300,10365854185,10365854185,3592805061,0,0,258667500,53068181554,39
2023-03-20,DILD,Intiland Development Tbk.,--M-1135000000H111------------,164.0,0.0,165.0,162.0,164.0,0.0,1842600,300329600,210,28.6,164,462100,163,36800,10365854185,10365854185,3592805061,0,0,158099000,32417627064,40
2023-03-17,DILD,Intiland Development Tbk.,--M-1135000000H111------------,162.0,0.0,164.0,158.0,164.0,2.0,3199000,517759400,297,28.6,164,622900,163,114200,10365854185,10365854185,3592805061,14400,0,0,0,0
2023-03-16,DILD,Intiland Development Tbk.,--M-1135000000H111------------,165.0,0.0,166.0,160.0,162.0,-3.0,8153600,1323151000,574,28.2,162,619800,161,100,10365854185,10365854185,3592805061,0,200000,51594700,10533552111,12
2023-03-15,DILD,Intiland Development Tbk.,--M-1135000000H111------------,164.0,0.0,168.0,164.0,165.0,1.0,3596700,591627000,261,28.8,165,63700,164,971900,10365854185,10365854185,3592805061,0,10500,0,0,0
2023-03-14,DILD,Intiland Development Tbk.,--M-1135000000H111------------,167.0,0.0,168.0,164.0,164.0,-3.0,5352200,885959900,344,28.6,165,297600,164,2362500,10365854185,10365854185,3592805061,0,13900,200255129,41581872087,51
2023-03-13,DILD,Intiland Development Tbk.,--M-1135000000H111------------,167.0,0.0,168.0,165.0,167.0,0.0,4222100,699844300,422,29.1,167,86100,166,138900,10365854185,10365854185,3592805061,9100,30000,236428086,49150706923,21
2023-03-10,DILD,Intiland Development Tbk.,--M-1135000000H111------------,170.0,0.0,170.0,167.0,167.0,-3.0,8038000,1354550500,273,29.1,168,96500,167,1735400,10365854185,10365854185,3592805061,12700,9100,0,0,0
2023-03-09,DILD,Intiland Development Tbk.,--M-1135000000H111------------,169.0,0.0,170.0,166.0,170.0,1.0,3177200,537726200,232,29.6,170,1877400,169,4900,10365854185,10365854185,3592805061,9200,12700,56229100,11681003904,23
2023-03-08,DILD,Intiland Development Tbk.,--M-1135000000H111------------,167.0,0.0,169.0,165.0,169.0,2.0,4262600,707634300,328,29.4,169,110000,168,5400,10365854185,10365854185,3592805061,9000,9200,0,0,0
2023-03-07,DILD,Intiland Development Tbk.,--M-1135000000H111------------,170.0,0.0,170.0,167.0,167.0,-3.0,3802700,638166300,451,29.1,168,50000,167,1200,10365854185,10365854185,3592805061,0,9000,0,0,0
2023-03-06,DILD,Intiland Development Tbk.,--M-1135000000H111------------,169.0,0.0,170.0,168.0,170.0,1.0,3759200,635886200,340,29.6,170,667300,169,95100,10365854185,10365854185,3592805061,10200,100,0,0,0
2023-03-03,DILD,Intiland Development Tbk.,--M-1135000000H111------------,174.0,0.0,176.0,169.0,169.0,-5.0,15755400,2705598500,798,29.4,170,2070400,169,130600,10365854185,10365854185,3592805061,10800,10200,0,0,0
2023-03-02,DILD,Intiland Development Tbk.,--M-1135000000H111------------,173.0,0.0,176.0,172.0,174.0,1.0,6990700,1218142200,386,30.3,174,388100,173,1354300,10365854185,10365854185,3592805061,0,10800,42697080,8946504688,22
2023-03-01,DILD,Intiland Development Tbk.,--M-1135000000H111------------,175.0,0.0,177.0,173.0,173.0,-2.0,5323500,926793400,527,30.1,174,334200,173,1906700,10365854185,10365854185,3592805061,0,0,0,0,0
2023-02-28,DILD,Intiland Development Tbk.,--M-1135000000H111------------,169.0,0.0,177.0,168.0,175.0,6.0,53349100,9180646600,1808,30.5,176,408600,175,22600,10365854185,10365854185,3592805061,0,0,0,0,0
2023-02-27,DILD,Intiland Development Tbk.,--M-1135000000H111------------,168.0,0.0,172.0,167.0,169.0,1.0,10926900,1850055000,387,29.4,170,2586100,169,43200,10365854185,10365854185,3592805061,0,0,0,0,0
2023-02-24,DILD,Intiland Development Tbk.,--M-1135000000H111------------,168.0,0.0,169.0,166.0,168.0,0.0,4156700,696653300,334,29.3,169,1003400,168,29700,10365854185,10365854185,3592805061,0,0,0,0,0
2023-02-23,DILD,Intiland Development Tbk.,--M-1135000000H111------------,169.0,0.0,169.0,167.0,168.0,-1.0,3010200,506519600,273,29.3,168,452500,167,330500,10365854185,10365854185,3592805061,0,20000,0,0,0
2023-02-22,DILD,Intiland Development Tbk.,--M-1135000000H111------------,169.0,0.0,170.0,166.0,169.0,0.0,4513500,756792700,306,29.4,169,3239400,168,15100,10365854185,10365854185,3592805061,0,300000,0,0,0
2023-02-21,DILD,Intiland Development Tbk.,--M-1135000000H111------------,169.0,0.0,170.0,168.0,169.0,0.0,2849100,479626000,262,29.4,169,739000,168,780300,10365854185,10365854185,3592805061,0,50000,400,66400,1
2023-02-20,DILD,Intiland Development Tbk.,--M-1135000000H111------------,168.0,0.0,170.0,168.0,169.0,1.0,9056700,1535926000,330,29.4,169,328300,168,637300,10365854185,10365854185,3592805061,10000,11200,0,0,0
2023-02-17,DILD,Intiland Development Tbk.,--M-1135000000H111------------,169.0,0.0,169.0,168.0,168.0,-1.0,2880400,484568300,216,29.3,169,805200,168,599600,10365854185,10365854185,3592805061,0,0,0,0,0
2023-02-16,DILD,Intiland Development Tbk.,--M-1135000000H111------------,169.0,0.0,169.0,168.0,169.0,0.0,2696700,455021900,184,29.4,169,418800,168,1055900,10365854185,10365854185,3592805061,0,200000,0,0,0
2023-02-15,DILD,Intiland Development Tbk.,--M-1135000000H111------------,169.0,0.0,169.0,168.0,169.0,0.0,2670800,450819500,285,29.4,169,731600,168,1073300,10365854185,10365854185,3592805061,1700,642400,0,0,0
2023-02-14,DILD,Intiland Development Tbk.,--M-1135000000H111------------,167.0,0.0,169.0,167.0,169.0,2.0,4441600,748635200,272,29.4,169,1207800,168,48700,10365854185,10365854185,3592805061,0,292700,0,0,0
2023-02-13,DILD,Intiland Development Tbk.,--M-1135000000H111------------,164.0,0.0,170.0,162.0,167.0,3.0,4067700,674434500,486,29.1,168,106500,167,36700,10365854185,10365854185,3592805061,16100,26700,0,0,0
2023-02-10,DILD,Intiland Development Tbk.,--M-1135000000H111------------,166.0,0.0,166.0,162.0,164.0,-2.0,5161000,844453400,431,28.6,164,875700,163,809700,10365854185,10365854185,3592805061,15000,16100,0,0,0
2023-02-09,DILD,Intiland Development Tbk.,--M-1135000000H111------------,169.0,0.0,169.0,165.0,166.0,-3.0,6319100,1052078400,487,28.9,167,477800,166,123400,10365854185,10365854185,3592805061,9000,11300,0,0,0
2023-02-08,DILD,Intiland Development Tbk.,--M-1135000000H111------------,168.0,0.0,169.0,167.0,169.0,1.0,1733400,290511300,225,29.4,169,364400,168,48700,10365854185,10365854185,3592805061,15500,12700,0,0,0
2023-02-07,DILD,Intiland Development Tbk.,--M-1135000000H111------------,168.0,0.0,170.0,166.0,168.0,0.0,3072000,514555000,446,29.3,168,945200,167,429200,10365854185,10365854185,3592805061,3100,3500,0,0,0
2023-02-03,DILD,Intiland Development Tbk.,--M-1135000000H111------------,166.0,0.0,170.0,166.0,169.0,3.0,10267700,1729661900,729,29.4,169,71200,168,1804800,10365854185,10365854185,3592805061,13600,14000,0,0,0
2023-02-02,DILD,Intiland Development Tbk.,--M-1135000000H111------------,163.0,0.0,168.0,162.0,166.0,3.0,12421000,2057787600,1061,28.9,167,784900,166,2585500,10365854185,10365854185,3592805061,13400,246100,0,0,0
2023-02-01,DILD,Intiland Development Tbk.,--M-1135000000H111------------,161.0,0.0,171.0,160.0,163.0,2.0,5164500,840740000,519,28.4,163,138900,162,960400,10365854185,10365854185,3592805061,0,674200,0,0,0
2023-01-31,DILD,Intiland Development Tbk.,--M-1175000000H111------------,161.0,0.0,162.0,160.0,161.0,0.0,3237200,519758000,370,28.1,161,292700,160,1032800,10365854185,10365854185,3592805061,0,0,0,0,0
2023-01-30,DILD,Intiland Development Tbk.,--M-1175000000H111------------,161.0,0.0,165.0,159.0,161.0,0.0,14421500,2326584000,924,28.1,161,632000,160,707000,10365854185,10365854185,3592805061,0,0,0,0,0
2023-01-27,DILD,Intiland Development Tbk.,--M-1175000000H111------------,158.0,0.0,162.0,156.0,161.0,3.0,59690600,9476848600,3924,28.1,161,1796100,160,106000,10365854185,10365854185,3592805061,200,0,0,0,0
2023-01-26,DILD,Intiland Development Tbk.,--M-1175000000H111------------,158.0,0.0,159.0,157.0,158.0,0.0,14295400,2254840300,513,27.5,159,2230300,158,1960300,10365854185,10365854185,3592805061,1000000,0,0,0,0
2023-01-25,DILD,Intiland Development Tbk.,--M-1175000000H111------------,157.0,0.0,160.0,156.0,158.0,1.0,8916500,1410441200,385,27.5,158,410800,157,1857400,10365854185,10365854185,3592805061,0,0,0,0,0
2023-01-24,DILD,Intiland Development Tbk.,--M-1175000000H111------------,155.0,0.0,158.0,155.0,157.0,2.0,2347000,366197500,347,27.4,157,275300,156,7500,10365854185,10365854185,3592805061,3800,0,0,0,0
2023-01-20,DILD,Intiland Development Tbk.,--M-1175000000H111------------,154.0,0.0,157.0,154.0,155.0,1.0,2413700,374386700,313,27.0,156,770900,155,17500,10365854185,10365854185,3592805061,3700,0,0,0,0
2023-01-19,DILD,Intiland Development Tbk.,--M-1175000000H111------------,157.0,0.0,159.0,153.0,154.0,-3.0,11089000,1713594900,693,26.8,155,20000,154,235300,10365854185,10365854185,3592805061,6395600,0,0,0,0
2023-01-18,DILD,Intiland Development Tbk.,--M-1175000000H111------------,156.0,0.0,159.0,156.0,157.0,1.0,3877100,609446300,278,27.4,157,10000,156,214100,10365854185,10365854185,3592805061,500,0,0,0,0
2023-01-17,DILD,Intiland Development Tbk.,--M-1175000000H111------------,159.0,0.0,159.0,155.0,156.0,-3.0,8763800,1366762300,487,27.2,157,55700,156,204100,10365854185,10365854185,3592805061,1594500,0,0,0,0
2023-01-16,DILD,Intiland Development Tbk.,--M-1175000000H111------------,159.0,0.0,160.0,155.0,159.0,0.0,3650000,570854000,347,27.7,159,596800,158,4100,10365854185,10365854185,3592805061,1339300,0,0,0,0
2023-01-13,DILD,Intiland Development Tbk.,--M-1175000000H111------------,155.0,0.0,159.0,154.0,159.0,4.0,2332800,363912600,319,27.7,159,255100,158,1600,10365854185,10365854185,3592805061,200,104800,0,0,0
2023-01-12,DILD,Intiland Development Tbk.,--M-1175000000H111------------,155.0,0.0,158.0,155.0,155.0,0.0,3334900,520371600,314,27.0,156,136100,155,422500,10365854185,10365854185,3592805061,1038300,0,0,0,0
2023-01-11,DILD,Intiland Development Tbk.,--M-1175000000H111------------,159.0,0.0,160.0,154.0,155.0,-4.0,3223800,500962400,564,27.0,156,51500,155,15600,10365854185,10365854185,3592805061,0,575000,0,0,0
2023-01-10,DILD,Intiland Development Tbk.,--M-1175000000H111------------,160.0,0.0,160.0,155.0,159.0,-1.0,3644500,573157800,492,27.7,160,255500,159,34000,10365854185,10365854185,3592805061,1616100,1500,0,0,0
2023-01-09,DILD,Intiland Development Tbk.,--M-1175000000H111------------,160.0,0.0,164.0,159.0,160.0,0.0,2786000,448915500,335,27.9,160,171500,159,22000,10365854185,10365854185,3592805061,889300,0,0,0,0
2023-01-06,DILD,Intiland Development Tbk.,--M-1175000000H111------------,156.0,0.0,162.0,155.0,160.0,4.0,4166500,661058700,407,27.9,160,93300,159,45600,10365854185,10365854185,3592805061,0,0,0,0,0
2023-01-05,DILD,Intiland Development Tbk.,--M-1175000000H111------------,163.0,0.0,162.0,153.0,156.0,-7.0,12001100,1872308900,1082,27.2,156,380600,155,410900,10365854185,10365854185,3592805061,985700,18100,0,0,0
2023-01-04,DILD,Intiland Development Tbk.,--M-1175000000H111------------,166.0,0.0,168.0,163.0,163.0,-3.0,10696400,1754653800,873,28.4,163,1628700,162,1283400,10365854185,10365854185,3592805061,1365000,0,0,0,0
2023-01-03,DILD,Intiland Development Tbk.,--M-1175000000H111------------,167.0,0.0,167.0,165.0,166.0,-1.0,5040100,837800300,513,28.9,167,1020100,166,1340400,10365854185,10365854185,3592805061,3000100,60000,0,0,0
2023-01-02,DILD,Intiland Development Tbk.,--M-1175000000H111------------,171.0,0.0,172.0,163.0,167.0,-4.0,19230200,3207851600,1301,29.1,167,955800,165,6400,10365854185,10365854185,3592805061,50000,50000,0,0,0
2022-12-30,DILD,Intiland Development Tbk.,--M-1175000000H111------------,168.0,0.0,171.0,166.0,171.0,3.0,3420200,580693100,339,29.8,171,1264600,170,206100,10365854185,10365854185,3592805061,0,0,0,0,0
2022-12-29,DILD,Intiland Development Tbk.,--M-1175000000H111------------,167.0,0.0,168.0,166.0,168.0,1.0,3632100,606501700,207,29.3,168,377500,167,47300,10365854185,10365854185,3592805061,1089200,0,23573111,5098606813,12
2022-12-28,DILD,Intiland Development Tbk.,--M-1175000000H111------------,168.0,0.0,169.0,167.0,167.0,-1.0,1603600,268764900,228,29.1,167,21200,166,641600,10365854185,10365854185,3592805061,300000,0,514148010,127869672803,64
2022-12-27,DILD,Intiland Development Tbk.,--M-1175000000H111------------,166.0,0.0,170.0,166.0,168.0,2.0,1860000,310198000,267,29.3,168,44400,166,2160600,10365854185,10365854185,3592805061,0,0,0,0,0
2022-12-26,DILD,Intiland Development Tbk.,--M-1175000000H111------------,166.0,0.0,167.0,165.0,166.0,0.0,3245500,537200500,405,28.9,166,3900,165,801600,10365854185,10365854185,3592805061,0,0,0,0,0
2022-12-23,DILD,Intiland Development Tbk.,--M-1175000000H111------------,167.0,0.0,169.0,165.0,166.0,-1.0,6444100,1070098600,500,28.9,167,715600,166,186900,10365854185,10365854185,3592805061,1226600,0,437627394,116934414409,82
2022-12-22,DILD,Intiland Development Tbk.,--M-1175000000H111------------,169.0,0.0,169.0,167.0,167.0,-2.0,1205500,202611800,227,29.1,168,110900,167,1263900,10365854185,10365854185,3592805061,0,0,217061697,64658042046,18
2022-12-21,DILD,Intiland Development Tbk.,--M-1175000000H111------------,170.0,0.0,170.0,166.0,169.0,-1.0,4407200,739437000,404,29.4,169,859400,168,31000,10365854185,10365854185,3592805061,5400,0,501139854,151569589079,49
2022-12-20,DILD,Intiland Development Tbk.,--M-1175000000H111------------,169.0,0.0,170.0,168.0,170.0,1.0,2235500,377508200,259,29.6,170,1539700,169,4400,10365854185,10365854185,3592805061,35200,0,312946100,108028041426,42
2022-12-19,DILD,Intiland Development Tbk.,--M-1175000000H111------------,170.0,0.0,170.0,168.0,169.0,-1.0,4752700,801267700,297,29.4,170,109800,169,67100,10365854185,10365854185,3592805061,1405700,0,100000,18500000,1
2022-12-16,DILD,Intiland Development Tbk.,--M-1175000000H111------------,170.0,0.0,170.0,169.0,170.0,0.0,2669900,452250700,359,29.6,170,1486800,169,759000,10365854185,10365854185,3592805061,257000,4800,177118900,63388125216,20
2022-12-15,DILD,Intiland Development Tbk.,--M-1175000000H111------------,170.0,0.0,170.0,168.0,170.0,0.0,1387500,234343100,238,29.6,170,1416300,169,105500,10365854185,10365854185,3592805061,206600,0,0,0,0
2022-12-14,DILD,Intiland Development Tbk.,--M-1175000000H111------------,170.0,0.0,170.0,168.0,170.0,0.0,2058200,347423100,275,29.6,170,1791800,169,122500,10365854185,10365854185,3592805061,271000,4000,399249200,120679001141,42
2022-12-13,DILD,Intiland Development Tbk.,--M-1175000000H111------------,170.0,0.0,170.0,168.0,170.0,0.0,2751300,465097700,319,29.6,170,1632400,169,124300,10365854185,10365854185,3592805061,1210300,0,522662300,141731396007,20
2022-12-12,DILD,Intiland Development Tbk.,--M-1175000000H111------------,170.0,0.0,173.0,168.0,170.0,0.0,3577900,608099100,401,29.6,170,801500,169,446300,10365854185,10365854185,3592805061,13000,12400,18583200,4248983195,6
2022-12-09,DILD,Intiland Development Tbk.,--M-1175000000H111------------,170.0,0.0,170.0,168.0,170.0,0.0,4986400,845143500,355,29.6,171,440400,170,148000,10365854185,10365854185,3592805061,104700,8600,156824408,80348660308,32
2022-12-08,DILD,Intiland Development Tbk.,--M-1175000000H111------------,170.0,0.0,171.0,166.0,170.0,0.0,7713800,1298329700,559,29.6,170,831800,169,124400,10365854185,10365854185,3592805061,2061700,7200,0,0,0
2022-12-07,DILD,Intiland Development Tbk.,--M-1175000000H111------------,169.0,0.0,171.0,167.0,170.0,1.0,6774600,1149587300,418,29.6,171,107300,170,90100,10365854185,10365854185,3592805061,769000,3900,0,0,0
2022-12-06,DILD,Intiland Development Tbk.,--M-1175000000H111------------,172.0,0.0,173.0,168.0,169.0,-3.0,8976700,1520447600,879,29.4,170,336800,169,12900,10365854185,10365854185,3592805061,2640200,15400,0,0,0
2022-12-05,DILD,Intiland Development Tbk.,--M-1175000000H111------------,175.0,0.0,175.0,171.0,172.0,-3.0,10620200,1831478300,900,30.0,172,211400,171,2401100,10365854185,10365854185,3592805061,1825600,15800,0,0,0
2022-12-02,DILD,Intiland Development Tbk.,--M-1175000000H111------------,177.0,0.0,178.0,174.0,175.0,-2.0,8269600,1450587800,673,30.5,175,28800,174,1047600,10365854185,10365854185,3592805061,998200,0,30222130,6633127774,12
2022-12-01,DILD,Intiland Development Tbk.,--M-1175000000H111------------,178.0,0.0,190.0,174.0,177.0,-1.0,32073300,5749142700,1766,30.8,177,895800,176,582900,10365854185,10365854185,3592805061,3269300,185200,69409717,14992498872,12
2022-11-30,DILD,Intiland Development Tbk.,--M-1175000000H111------------,181.0,0.0,182.0,177.0,178.0,-3.0,14486700,2604362600,875,31.0,179,7500,178,8300,10365854185,10365854185,3592805061,2826600,156300,0,0,0
2022-11-29,DILD,Intiland Development Tbk.,--M-1175000000H111------------,181.0,0.0,182.0,177.0,181.0,0.0,6143000,1101040400,496,31.5,181,820400,180,14100,10365854185,10365854185,3592805061,1012100,1024100,0,0,0
2022-11-28,DILD,Intiland Development Tbk.,--M-1175000000H111------------,182.0,0.0,183.0,177.0,181.0,-1.0,9820200,1767081100,907,31.5,181,81300,180,11000,10365854185,10365854185,3592805061,28200,1434300,0,0,0
2022-11-25,DILD,Intiland Development Tbk.,--M-1175000000H111------------,183.0,0.0,185.0,180.0,182.0,-1.0,7737900,1409121700,683,31.7,182,1124000,181,147300,10365854185,10365854185,3592805061,121300,492900,0,0,0
2022-11-24,DILD,Intiland Development Tbk.,--M-1175000000H111------------,177.0,0.0,185.0,176.0,183.0,6.0,30292400,5486587400,2170,31.9,183,631800,182,251300,10365854185,10365854185,3592805061,47900,1007500,0,0,0
2022-11-23,DILD,Intiland Development Tbk.,--M-1175000000H111------------,177.0,0.0,179.0,175.0,177.0,0.0,8573500,1516797100,490,30.8,177,387300,175,378000,10365854185,10365854185,3592805061,862900,232400,0,0,0
2022-11-22,DILD,Intiland Development Tbk.,--M-1175000000H111------------,176.0,0.0,177.0,173.0,177.0,1.0,5026000,882030000,335,30.8,177,796400,176,140400,10365854185,10365854185,3592805061,1671600,5000,0,0,0
2022-11-21,DILD,Intiland Development Tbk.,--M-1175000000H111------------,176.0,0.0,177.0,174.0,176.0,0.0,3411800,598852500,304,30.7,177,480500,176,35800,10365854185,10365854185,3592805061,448000,0,0,0,0
2022-11-18,DILD,Intiland Development Tbk.,--M-1175000000H111------------,176.0,0.0,176.0,174.0,176.0,0.0,5181000,909594100,368,30.7,177,908800,176,378500,10365854185,10365854185,3592805061,315600,0,0,0,0
2022-11-17,DILD,Intiland Development Tbk.,--M-1175000000H111------------,175.0,0.0,176.0,173.0,176.0,1.0,2847800,495785600,474,30.7,176,165100,175,14200,10365854185,10365854185,3592805061,242700,0,0,0,0
2022-11-16,DILD,Intiland Development Tbk.,--M-1175000000H111------------,177.0,0.0,177.0,174.0,175.0,-2.0,4021600,704424600,479,30.5,175,281700,174,631900,10365854185,10365854185,3592805061,1831700,16600,0,0,0
2022-11-15,DILD,Intiland Development Tbk.,--M-1175000000H111------------,177.0,0.0,180.0,175.0,177.0,0.0,10834600,1918908900,1127,30.8,177,82700,176,127000,10365854185,10365854185,3592805061,1496000,304800,0,0,0
2022-11-14,DILD,Intiland Development Tbk.,--M-1175000000H111------------,177.0,0.0,178.0,176.0,177.0,0.0,4767800,845342100,473,30.8,178,2485400,177,80200,10365854185,10365854185,3592805061,369100,0,200,40000,1
2022-11-11,DILD,Intiland Development Tbk.,--M-1175000000H111------------,175.0,0.0,177.0,172.0,177.0,2.0,5194800,906326900,569,30.8,177,926300,176,159900,10365854185,10365854185,3592805061,835700,219200,0,0,0
2022-11-10,DILD,Intiland Development Tbk.,--M-1175000000H111------------,175.0,0.0,176.0,172.0,175.0,0.0,4983600,867486300,360,30.5,175,597800,174,67900,10365854185,10365854185,3592805061,728400,31500,0,0,0
2022-11-09,DILD,Intiland Development Tbk.,--M-1175000000H111------------,175.0,0.0,177.0,171.0,175.0,0.0,7915100,1376082100,831,30.5,175,82300,173,187800,10365854185,10365854185,3592805061,2579500,294400,0,0,0
2022-11-08,DILD,Intiland Development Tbk.,--M-1175000000H111------------,172.0,0.0,175.0,171.0,175.0,3.0,4721100,819754200,622,30.5,176,332900,175,753600,10365854185,10365854185,3592805061,1374900,380800,0,0,0
2022-11-07,DILD,Intiland Development Tbk.,--M-1175000000H111------------,176.0,0.0,178.0,170.0,172.0,-4.0,15005900,2571441800,1249,30.0,172,183000,171,1484500,10365854185,10365854185,3592805061,2357600,476300,0,0,0
2022-11-04,DILD,Intiland Development Tbk.,--M-1175000000H111------------,181.0,0.0,182.0,172.0,176.0,-5.0,13891000,2436395900,1366,30.7,176,196900,175,893800,10365854185,10365854185,3592805061,2798200,63400,0,0,0
2022-11-03,DILD,Intiland Development Tbk.,--M-1175000000H111------------,183.0,0.0,182.0,180.0,181.0,-2.0,3624700,655046900,583,31.5,181,341500,180,1204000,10365854185,10365854185,3592805061,1408300,24400,0,0,0
2022-11-02,DILD,Intiland Development Tbk.,--M-1175000000H111------------,186.0,0.0,190.0,180.0,183.0,-3.0,9737300,1776072000,1116,31.9,183,336300,182,125100,10365854185,10365854185,3592805061,1833600,504500,90,16920,1
2022-11-01,DILD,Intiland Development Tbk.,--M-1175000000H111------------,185.0,0.0,192.0,183.0,186.0,1.0,21621400,4053318900,1542,32.4,186,2957100,185,1199200,10365854185,10365854185,3592805061,1615900,3451800,0,0,0
2022-10-31,DILD,Intiland Development Tbk.,--M-1175000000H111------------,188.0,0.0,190.0,185.0,185.0,-3.0,15842200,2964010600,1262,32.2,186,32500,185,2723700,10365854185,10365854185,3592805061,1693800,262400,0,0,0
2022-10-28,DILD,Intiland Development Tbk.,--M-1175000000H111------------,181.0,0.0,189.0,181.0,188.0,7.0,29294400,5430930400,2302,32.8,189,581400,188,81700,10365854185,10365854185,3592805061,37600,4323700,0,0,0
2022-10-27,DILD,Intiland Development Tbk.,--M-1175000000H111------------,182.0,0.0,183.0,178.0,181.0,-1.0,10524800,1898599700,823,31.5,182,126800,181,1049200,10365854185,10365854185,3592805061,154300,1521900,0,0,0
2022-10-26,DILD,Intiland Development Tbk.,--M-1175000000H111------------,187.0,0.0,194.0,182.0,182.0,-5.0,28450900,5302614700,1776,31.7,184,2000,182,411200,10365854185,10365854185,3592805061,5725000,1482400,0,0,0
2022-10-25,DILD,Intiland Development Tbk.,--M-1175000000H111------------,182.0,0.0,188.0,180.0,187.0,5.0,23596400,4359746100,1726,32.6,187,249200,186,43000,10365854185,10365854185,3592805061,1608000,4180900,0,0,0
2022-10-24,DILD,Intiland Development Tbk.,--M-1175000000H111------------,180.0,0.0,183.0,177.0,182.0,2.0,16008000,2902273900,994,31.7,182,193300,181,10100,10365854185,10365854185,3592805061,1265600,1022600,0,0,0
2022-10-21,DILD,Intiland Development Tbk.,--M-1175000000H111------------,179.0,0.0,182.0,177.0,180.0,1.0,20121200,3627269600,1552,31.4,181,172200,180,758400,10365854185,10365854185,3592805061,5267400,1145200,18527314,3798099370,4
2022-10-20,DILD,Intiland Development Tbk.,--M-1175000000H111------------,169.0,0.0,180.0,170.0,179.0,10.0,22050700,3877378600,1760,31.2,179,188500,178,59400,10365854185,10365854185,3592805061,3304200,2479000,0,0,0
2022-10-19,DILD,Intiland Development Tbk.,--M-1175000000H111------------,166.0,0.0,171.0,166.0,169.0,3.0,5591500,948476100,609,29.4,170,104100,169,100200,10365854185,10365854185,3592805061,280800,1109100,0,0,0
2022-10-18,DILD,Intiland Development Tbk.,--M-1175000000H111------------,168.0,0.0,167.0,165.0,166.0,-2.0,7484600,1243003800,514,28.9,167,1733400,166,355000,10365854185,10365854185,3592805061,1357800,679700,0,0,0
2022-10-17,DILD,Intiland Development Tbk.,--M-1175000000H111------------,170.0,0.0,177.0,165.0,168.0,-2.0,10173300,1692653900,739,29.3,169,126800,168,35300,10365854185,10365854185,3592805061,2704200,140300,0,0,0
2022-10-14,DILD,Intiland Development Tbk.,--M-1175000000H111------------,169.0,0.0,172.0,169.0,170.0,1.0,4463300,759834100,476,29.6,170,1118100,169,1030800,10365854185,10365854185,3592805061,434300,128500,29187079,6010636143,8
2022-10-13,DILD,Intiland Development Tbk.,--M-1175000000H111------------,169.0,0.0,171.0,167.0,169.0,0.0,4029400,679919300,509,29.4,169,469300,168,127000,10365854185,10365854185,3592805061,451900,167900,0,0,0
2022-10-12,DILD,Intiland Development Tbk.,--M-1175000000H111------------,172.0,0.0,173.0,166.0,169.0,-3.0,10493200,1767618800,1152,29.4,169,170500,168,218500,10365854185,10365854185,3592805061,4754300,198100,0,0,0
2022-10-11,DILD,Intiland Development Tbk.,--M-1175000000H111------------,173.0,0.0,174.0,171.0,172.0,-1.0,4027500,694260300,596,30.0,172,747600,171,1929500,10365854185,10365854185,3592805061,798200,54000,0,0,0
2022-10-10,DILD,Intiland Development Tbk.,--M-1175000000H111------------,174.0,0.0,175.0,171.0,173.0,-1.0,5006500,864549000,661,30.1,173,153100,172,842500,10365854185,10365854185,3592805061,940400,722300,0,0,0
2022-10-07,DILD,Intiland Development Tbk.,--M-1175000000H111------------,176.0,0.0,177.0,174.0,174.0,-2.0,5453500,952042800,615,30.3,175,86400,174,145700,10365854185,10365854185,3592805061,2800000,81100,23573111,4997499532,6
2022-10-06,DILD,Intiland Development Tbk.,--M-1175000000H111------------,174.0,0.0,176.0,173.0,176.0,2.0,5158900,901012600,732,30.7,176,334700,175,19500,10365854185,10365854185,3592805061,2350100,150800,0,0,0
2022-10-05,DILD,Intiland Development Tbk.,--M-1175000000H111------------,182.0,0.0,183.0,173.0,174.0,-8.0,28838800,5127376500,23478,30.3,175,78500,174,71500,10365854185,10365854185,3592805061,10125500,403400,0,0,0
2022-10-04,DILD,Intiland Development Tbk.,--M-1175000000H111------------,172.0,0.0,182.0,172.0,182.0,10.0,9698200,1726397400,1283,31.7,182,347100,181,249700,10365854185,10365854185,3592805061,2216300,717100,28000,5180000,1
2022-10-03,DILD,Intiland Development Tbk.,--M-1175000000H111------------,174.0,0.0,175.0,171.0,172.0,-2.0,3591900,622273000,566,30.0,173,300,172,336000,10365854185,10365854185,3592805061,1723200,85100,30066,5561352,2
2022-09-30,DILD,Intiland Development Tbk.,--M-1175000000H111------------,171.0,0.0,175.0,165.0,174.0,3.0,13478100,2265358900,1109,30.3,175,159000,174,64500,10365854185,10365854185,4006402643,2451300,2870100,0,0,0
2022-09-29,DILD,Intiland Development Tbk.,--M-1175000000H111------------,175.0,0.0,177.0,170.0,171.0,-4.0,15538700,2669661500,1272,29.8,171,194500,170,2764500,10365854185,10365854185,4006402643,5597700,132300,0,0,0
2022-09-28,DILD,Intiland Development Tbk.,--M-1175000000H111------------,180.0,0.0,180.0,175.0,175.0,-5.0,14736200,2598478300,1300,30.5,177,115900,175,908200,10365854185,10365854185,4006402643,4535000,223600,262869808,52348998143,60
2022-09-27,DILD,Intiland Development Tbk.,--M-1175000000H111------------,179.0,0.0,182.0,179.0,180.0,1.0,11365600,2043413100,789,31.4,180,488900,179,296500,10365854185,10365854185,4006402643,1487300,2659100,0,0,0
2022-09-26,DILD,Intiland Development Tbk.,--M-1175000000H111------------,183.0,0.0,184.0,177.0,179.0,-4.0,21259900,3823282700,1372,31.2,179,12000,178,191600,10365854185,10365854185,4006402643,1860000,4241500,0,0,0
2022-09-23,DILD,Intiland Development Tbk.,--M-1175000000H111------------,183.0,0.0,191.0,179.0,183.0,0.0,38419000,7119296700,1715,31.9,183,532900,182,200,10365854185,10365854185,4006402643,75100,11058000,175017100,35053669533,48
2022-09-22,DILD,Intiland Development Tbk.,--M-1175000000H111------------,181.0,0.0,185.0,180.0,183.0,2.0,9040800,1651423700,672,31.9,183,638400,182,1012400,10365854185,10365854185,4006402643,253900,697300,105577810,21222567167,15
2022-09-21,DILD,Intiland Development Tbk.,--M-1175000000H111------------,184.0,0.0,184.0,181.0,181.0,-3.0,7446000,1353746500,722,31.5,181,818600,180,1971000,10365854185,10365854185,4006402643,916100,1274000,302517500,61334205895,42
2022-09-20,DILD,Intiland Development Tbk.,--M-1175000000H111------------,184.0,0.0,188.0,179.0,184.0,0.0,19879600,3634333000,1001,32.1,184,172400,183,684400,10365854185,10365854185,4006402643,1090000,1783100,149728100,31153768474,37
2022-09-19,DILD,Intiland Development Tbk.,--M-1175000000H111------------,194.0,0.0,194.0,181.0,184.0,-10.0,22357100,4132859900,1550,32.1,185,91100,184,1614200,10365854185,10365854185,4006402643,2392000,383200,0,0,0
2022-09-16,DILD,Intiland Development Tbk.,--M-1175000000H111------------,194.0,0.0,204.0,192.0,194.0,0.0,48287400,9509927200,2768,33.8,194,288900,193,602900,10365854185,10365854185,4006402643,1977800,4777200,96590200,19295907548,17
2022-09-15,DILD,Intiland Development Tbk.,--M-1175000000H111------------,187.0,0.0,194.0,187.0,194.0,7.0,26699700,5117286100,5119,33.8,194,1998300,193,762000,10365854185,10365854185,4006402643,1990700,3064600,0,0,0
2022-09-14,DILD,Intiland Development Tbk.,--M-1175000000H111------------,190.0,0.0,192.0,185.0,187.0,-3.0,13712000,2560891600,1302,32.6,187,90900,186,317500,10365854185,10365854185,4006402643,1010000,869100,0,0,0
2022-09-13,DILD,Intiland Development Tbk.,--M-1175000000H111------------,195.0,0.0,197.0,190.0,190.0,-5.0,21009700,4047443800,1775,33.1,191,195900,190,349200,10365854185,10365854185,4006402643,1923900,279100,0,0,0
2022-09-12,DILD,Intiland Development Tbk.,--M-1175000000H111------------,188.0,0.0,195.0,188.0,195.0,7.0,38115200,7309297100,2595,34.0,196,1257000,195,19700,10365854185,10365854185,4006402643,1567100,3859100,9900,2059200,1
2022-09-09,DILD,Intiland Development Tbk.,--M-1175000000H111------------,186.0,0.0,189.0,185.0,188.0,2.0,18655000,3496960200,1420,32.8,188,649600,187,435800,10365854185,10365854185,4006402643,1515000,2325000,130563396,25416683417,41
2022-09-08,DILD,Intiland Development Tbk.,--M-1175000000H111------------,181.0,0.0,192.0,179.0,186.0,5.0,62358200,11592509800,3971,32.4,186,837000,185,812600,10365854185,10365854185,4006402643,2377200,4123000,0,0,0
2022-09-07,DILD,Intiland Development Tbk.,--M-1175000000H111------------,181.0,0.0,182.0,178.0,181.0,0.0,12029500,2165693300,881,31.5,181,1665300,180,5900,10365854185,10365854185,4006402643,1211500,0,0,0,0
2022-09-06,DILD,Intiland Development Tbk.,--M-1175000000H111------------,175.0,0.0,185.0,165.0,181.0,6.0,45243300,8064517300,3088,31.5,182,207900,181,162900,10365854185,10365854185,4006402643,1955100,133900,0,0,0
2022-09-05,DILD,Intiland Development Tbk.,--M-1175000000H111------------,175.0,0.0,175.0,171.0,175.0,0.0,15089500,2628027300,1107,30.5,175,883500,174,608500,10365854185,10365854185,4006402643,1038400,35500,0,0,0
2022-09-02,DILD,Intiland Development Tbk.,--M-1175000000H111------------,175.0,0.0,176.0,172.0,175.0,0.0,13170000,2292245200,1054,30.5,175,1916700,174,296700,10365854185,10365854185,4006402643,24400,130000,0,0,0
2022-09-01,DILD,Intiland Development Tbk.,--M-1175000000H111------------,180.0,0.0,180.0,172.0,175.0,-5.0,23376900,4104056200,2150,30.5,175,407000,174,2156000,10365854185,10365854185,4006402643,91000,24400,0,0,0
2022-08-31,DILD,Intiland Development Tbk.,--M-1175000000H111------------,180.0,0.0,182.0,178.0,180.0,0.0,14540200,2602987100,1151,31.4,180,500400,179,20200,10365854185,10365854185,4006402643,29800,37200,0,0,0
2022-08-30,DILD,Intiland Development Tbk.,--M-1175000000H111------------,179.0,0.0,183.0,178.0,180.0,1.0,12318900,2224177400,1192,31.4,180,1600,179,1741700,10365854185,10365854185,4006402643,7700,29800,0,0,0
2022-08-29,DILD,Intiland Development Tbk.,--M-1175000000H111------------,179.0,0.0,183.0,178.0,179.0,0.0,17943100,3217864800,1273,31.2,180,2004700,179,285400,10365854185,10365854185,4006402643,9100,7700,99925317,19985063400,1
2022-08-26,DILD,Intiland Development Tbk.,--M-1175000000H111------------,182.0,0.0,184.0,179.0,179.0,-3.0,15817200,2862164400,1486,31.2,180,569700,179,1069000,10365854185,10365854185,4006402643,122200,9100,0,0,0
2022-08-25,DILD,Intiland Development Tbk.,--M-1175000000H111------------,178.0,0.0,182.0,177.0,182.0,4.0,33849600,6086977900,2162,31.7,182,965000,181,511000,10365854185,10365854185,4006402643,28200,123500,2313657,499749912,1
2022-08-24,DILD,Intiland Development Tbk.,--M-1175000000H111------------,177.0,0.0,181.0,170.0,178.0,1.0,21169500,3783090200,1751,31.0,178,3801800,177,1235600,10365854185,10365854185,4006402643,164100,28200,0,0,0
2022-08-23,DILD,Intiland Development Tbk.,--M-1175000000H111------------,185.0,0.0,187.0,176.0,177.0,-8.0,63038300,11341073000,3565,30.8,177,864000,176,2016700,10365854185,10365854185,4006402643,138700,1161100,2099789,499749782,1
2022-08-22,DILD,Intiland Development Tbk.,--M-1175000000H111------------,197.0,0.0,199.0,185.0,185.0,-12.0,42822900,8074844300,3527,32.2,185,910700,184,9510700,10365854185,10365854185,4006402643,54200,138700,88298879,17819359802,3
2022-08-19,DILD,Intiland Development Tbk.,--M-1175000000H111------------,202.0,0.0,208.0,195.0,197.0,-5.0,47482800,9443686100,3536,34.3,197,305800,196,1701300,10365854185,10365854185,4006402643,167200,55200,0,0,0
2022-08-18,DILD,Intiland Development Tbk.,--M-1175000000H111------------,206.0,0.0,214.0,200.0,202.0,-4.0,68260700,14048466000,4992,35.2,204,1249600,202,404500,10365854185,10365854185,4006402643,161400,214000,0,0,0
2022-08-16,DILD,Intiland Development Tbk.,--M-1175000000H111------------,200.0,0.0,226.0,202.0,206.0,6.0,371894500,79496282000,19603,35.9,208,1356400,206,366800,10365854185,10365854185,4006402643,5641700,207900,0,0,0
2022-08-15,DILD,Intiland Development Tbk.,--M-1175000000H111------------,189.0,0.0,208.0,189.0,200.0,11.0,94111100,18902156000,4564,34.9,202,856300,200,24605200,10365854185,10365854185,4006402643,0,73900,271234500,53254244134,41
2022-08-12,DILD,Intiland Development Tbk.,--M-1175000000H111------------,195.0,0.0,204.0,182.0,189.0,-6.0,52621600,9866632100,3837,32.9,190,381400,189,458400,10365854185,10365854185,4006402643,0,0,260045600,46116599822,16
2022-08-11,DILD,Intiland Development Tbk.,--M-1175000000H111------------,149.0,0.0,198.0,148.0,195.0,46.0,133479900,23374611000,6656,34.0,195,6459000,194,101600,10365854185,10365854185,4006402643,1602400,335300,0,0,0
2022-08-10,DILD,Intiland Development Tbk.,--M-1175000000H111------------,148.0,0.0,150.0,147.0,149.0,1.0,4900400,726472300,119,26.0,149,446100,148,111700,10365854185,10365854185,4006402643,0,806200,508470023,76503039158,20
2022-08-09,DILD,Intiland Development Tbk.,--M-1175000000H111------------,149.0,0.0,151.0,147.0,148.0,-1.0,3833300,566684100,133,25.8,148,480800,147,997800,10365854185,10365854185,4006402643,1214600,0,451855000,105771000000,2
2022-08-08,DILD,Intiland Development Tbk.,--M-1175000000H111------------,148.0,0.0,150.0,147.0,149.0,1.0,6223000,922432500,198,26.0,149,767700,148,681200,10365854185,10365854185,4006402643,0,135000,0,0,0
2022-08-05,DILD,Intiland Development Tbk.,--M-1175000000H111------------,148.0,0.0,148.0,146.0,148.0,0.0,1426400,210528800,62,25.8,148,1509700,147,402700,10365854185,10365854185,4006402643,0,0,0,0,0
2022-08-04,DILD,Intiland Development Tbk.,--M-1175000000H111------------,148.0,0.0,148.0,146.0,148.0,0.0,1433800,211319500,76,25.8,148,1869700,147,200000,10365854185,10365854185,4006402643,0,0,0,0,0
2022-08-03,DILD,Intiland Development Tbk.,--M-1175000000H111------------,148.0,0.0,148.0,146.0,148.0,0.0,2213000,325185600,91,25.8,148,2045700,147,72700,10365854185,10365854185,4006402643,0,0,0,0,0
2022-08-02,DILD,Intiland Development Tbk.,--M-1175000000H111------------,148.0,0.0,148.0,147.0,148.0,0.0,1117500,165310800,46,25.8,148,962000,147,431900,10365854185,10365854185,4006402643,0,0,0,0,0
2022-08-01,DILD,Intiland Development Tbk.,--M-1175000000H111------------,148.0,0.0,149.0,147.0,148.0,0.0,3690300,545824400,94,25.8,149,1184200,148,287400,10365854185,10365854185,4006402643,0,1000000,0,0,0
2022-07-29,DILD,Intiland Development Tbk.,--M-1135000000H111------------,148.0,0.0,148.0,145.0,148.0,0.0,3644200,533158600,149,25.8,148,1226800,147,100400,10365854185,10365854185,4006402643,0,0,0,0,0
2022-07-28,DILD,Intiland Development Tbk.,--M-1135000000H111------------,148.0,0.0,148.0,145.0,148.0,0.0,1831300,268504000,124,25.8,148,105300,147,115300,10365854185,10365854185,4006402643,0,0,0,0,0
2022-07-27,DILD,Intiland Development Tbk.,--M-1135000000H111------------,145.0,0.0,148.0,145.0,148.0,3.0,1421700,207789100,65,25.8,148,511800,147,10000,10365854185,10365854185,4006402643,0,0,0,0,0
2022-07-26,DILD,Intiland Development Tbk.,--M-1135000000H111------------,149.0,0.0,149.0,145.0,145.0,-4.0,1368700,200617400,114,25.3,148,338000,145,458800,10365854185,10365854185,4006402643,0,0,0,0,0
2022-07-25,DILD,Intiland Development Tbk.,--M-1135000000H111------------,149.0,0.0,149.0,145.0,149.0,0.0,855800,125946600,84,26.0,149,241900,148,5000,10365854185,10365854185,4006402643,0,0,0,0,0
2022-07-22,DILD,Intiland Development Tbk.,--M-1135000000H111------------,149.0,0.0,149.0,147.0,149.0,0.0,1219300,180398900,68,26.0,149,792600,148,20000,10365854185,10365854185,4006402643,0,274700,0,0,0
2022-07-21,DILD,Intiland Development Tbk.,--M-1135000000H111------------,148.0,0.0,149.0,146.0,149.0,1.0,1908600,280286200,94,26.0,149,828200,148,130000,10365854185,10365854185,4006402643,0,0,0,0,0
2022-07-20,DILD,Intiland Development Tbk.,--M-1135000000H111------------,147.0,0.0,148.0,145.0,148.0,1.0,2343800,342658300,117,25.8,148,210300,147,10000,10365854185,10365854185,4006402643,1860100,0,0,0,0
2022-07-19,DILD,Intiland Development Tbk.,--M-1135000000H111------------,148.0,0.0,148.0,146.0,147.0,-1.0,2574200,376753600,76,25.6,147,1000100,146,211400,10365854185,10365854185,4006402643,1539900,0,0,0,0
2022-07-18,DILD,Intiland Development Tbk.,--M-1135000000H111------------,148.0,0.0,148.0,145.0,148.0,0.0,1679800,245193400,88,25.8,148,14900,147,53000,10365854185,10365854185,4006402643,0,0,0,0,0
2022-07-15,DILD,Intiland Development Tbk.,--M-1135000000H111------------,147.0,0.0,148.0,145.0,148.0,1.0,7010200,1018732800,98,25.8,148,133700,147,52700,10365854185,10365854185,4006402643,4770700,0,0,0,0
2022-07-14,DILD,Intiland Development Tbk.,--M-1135000000H111------------,145.0,0.0,147.0,145.0,147.0,2.0,7521000,1093073900,95,25.6,147,105000,146,478800,10365854185,10365854185,4006402643,4648700,600000,0,0,0
2022-07-13,DILD,Intiland Development Tbk.,--M-1135000000H111------------,147.0,0.0,148.0,145.0,145.0,-2.0,6877800,998763900,87,25.3,147,243000,145,830800,10365854185,10365854185,4006402643,4926500,0,0,0,0
2022-07-12,DILD,Intiland Development Tbk.,--M-1135000000H111------------,146.0,0.0,147.0,144.0,147.0,1.0,5936700,861200900,236,25.6,147,463800,146,71000,10365854185,10365854185,4006402643,4681000,149800,20000,5360000,1
2022-07-11,DILD,Intiland Development Tbk.,--M-1135000000H111------------,146.0,0.0,146.0,143.0,146.0,0.0,2018700,291230400,116,25.4,146,411400,145,20000,10365854185,10365854185,4006402643,0,274300,0,0,0
2022-07-08,DILD,Intiland Development Tbk.,--M-1135000000H111------------,145.0,0.0,146.0,143.0,146.0,1.0,1047600,151122700,65,25.4,146,312300,145,20000,10365854185,10365854185,4006402643,0,0,0,0,0
2022-07-07,DILD,Intiland Development Tbk.,--M-1135000000H111------------,145.0,0.0,146.0,144.0,145.0,0.0,13517900,1947703100,102,25.3,145,319900,144,7000,10365854185,10365854185,4006402643,3664400,0,0,0,0
2022-07-06,DILD,Intiland Development Tbk.,--M-1135000000H111------------,146.0,0.0,146.0,144.0,145.0,-1.0,4419800,636838800,70,25.3,145,1396600,144,10000,10365854185,10365854185,4006402643,4192600,0,0,0,0
2022-07-05,DILD,Intiland Development Tbk.,--M-1135000000H111------------,144.0,0.0,146.0,143.0,146.0,2.0,1399200,202910400,113,25.4,146,218500,145,30000,10365854185,10365854185,4006402643,0,0,0,0,0
2022-07-04,DILD,Intiland Development Tbk.,--M-1135000000H111------------,144.0,0.0,145.0,141.0,144.0,0.0,3204800,458774800,308,25.1,144,52300,143,58700,10365854185,10365854185,4006402643,0,0,0,0,0
2022-07-01,DILD,Intiland Development Tbk.,--M-1135000000H111------------,143.0,0.0,145.0,142.0,144.0,1.0,2716400,388867100,183,25.1,144,831200,143,45900,10365854185,10365854185,4006402643,0,400000,0,0,0
2022-06-30,DILD,Intiland Development Tbk.,--M-1135000000H111------------,148.0,0.0,148.0,141.0,143.0,-5.0,11124000,1597391100,635,24.9,144,201300,143,227900,10365854185,10365854185,4003292886,1031300,1200000,0,0,0
2022-06-29,DILD,Intiland Development Tbk.,--M-1135000000H111------------,151.0,0.0,151.0,146.0,148.0,-3.0,5336200,786684000,412,25.8,148,290600,147,139300,10365854185,10365854185,4003292886,0,300000,0,0,0
2022-06-28,DILD,Intiland Development Tbk.,--M-1135000000H111------------,151.0,0.0,152.0,150.0,151.0,0.0,2089700,314653400,154,26.3,151,30000,150,371100,10365854185,10365854185,4003292886,895700,600000,283182126,50816453128,53
2022-06-27,DILD,Intiland Development Tbk.,--M-1135000000H111------------,151.0,0.0,153.0,149.0,151.0,0.0,2758300,415542300,225,26.3,151,43800,150,50500,10365854185,10365854185,4003292886,0,0,0,0,0
2022-06-24,DILD,Intiland Development Tbk.,--M-1135000000H111------------,152.0,0.0,152.0,150.0,151.0,-1.0,3248100,489334600,168,26.3,151,1173100,150,518100,10365854185,10365854185,4003292886,1333300,500000,0,0,0
2022-06-23,DILD,Intiland Development Tbk.,--M-1135000000H111------------,150.0,0.0,152.0,149.0,152.0,2.0,5192300,779895800,208,26.5,152,488600,151,53800,10365854185,10365854185,4003292886,22100,0,191770700,33535242500,42
2022-06-22,DILD,Intiland Development Tbk.,--M-1135000000H111------------,151.0,0.0,152.0,149.0,150.0,-1.0,5390800,812952600,266,26.1,151,35000,150,1572600,10365854185,10365854185,4003292886,1691900,0,113831940,20198785025,13
2022-06-21,DILD,Intiland Development Tbk.,--M-1135000000H111------------,152.0,0.0,153.0,149.0,151.0,-1.0,6815100,1023025800,245,26.3,151,180700,150,27600,10365854185,10365854185,4003292886,0,0,337318300,60293887924,38
2022-06-20,DILD,Intiland Development Tbk.,--M-1135000000H111------------,152.0,0.0,154.0,149.0,152.0,0.0,4777100,721774200,349,26.5,153,125100,151,20000,10365854185,10365854185,4003292886,1719600,22100,170390800,30447382591,36
2022-06-17,DILD,Intiland Development Tbk.,--M-1135000000H111------------,155.0,0.0,155.0,151.0,152.0,-3.0,2209200,336466000,243,26.5,152,63000,151,721500,10365854185,10365854185,4003292886,0,0,0,0,0
2022-06-16,DILD,Intiland Development Tbk.,--M-1135000000H111------------,152.0,0.0,155.0,150.0,155.0,3.0,6339800,967339900,443,27.0,155,584100,154,96900,10365854185,10365854185,4003292886,1597600,0,150379500,27224404606,14
2022-06-15,DILD,Intiland Development Tbk.,--M-1135000000H111------------,158.0,0.0,159.0,150.0,152.0,-6.0,11072600,1688621400,863,26.5,152,38000,151,36600,10365854185,10365854185,4003292886,2141200,1351000,0,0,0
2022-06-14,DILD,Intiland Development Tbk.,--M-1135000000H111------------,146.0,0.0,159.0,146.0,158.0,12.0,25322800,3929444300,2046,27.5,158,2185200,157,200,10365854185,10365854185,4003292886,1271000,0,0,0,0
2022-06-13,DILD,Intiland Development Tbk.,--M-1135000000H111------------,147.0,0.0,147.0,145.0,146.0,-1.0,7642100,1115724000,108,25.4,147,182900,146,203800,10365854185,10365854185,4003292886,300000,0,0,0,0
2022-06-10,DILD,Intiland Development Tbk.,--M-1135000000H111------------,147.0,0.0,147.0,146.0,147.0,0.0,3623800,531863300,105,25.6,147,698800,146,550700,10365854185,10365854185,4003292886,1991400,0,0,0,0
2022-06-09,DILD,Intiland Development Tbk.,--M-1135000000H111------------,147.0,0.0,148.0,146.0,147.0,0.0,4903500,720112300,776,25.6,148,525400,147,200000,10365854185,10365854185,4003292886,0,0,148276068,25778339835,45
2022-06-08,DILD,Intiland Development Tbk.,--M-1135000000H111------------,148.0,0.0,148.0,146.0,147.0,-1.0,1591300,233666500,79,25.6,147,950400,146,218500,10365854185,10365854185,4003292886,840600,0,0,0,0
2022-06-07,DILD,Intiland Development Tbk.,--M-1135000000H111------------,148.0,0.0,148.0,146.0,148.0,0.0,3604200,528000300,114,25.8,148,1332100,147,219200,10365854185,10365854185,4003292886,1274500,200000,0,0,0
2022-06-06,DILD,Intiland Development Tbk.,--M-1135000000H111------------,147.0,0.0,148.0,145.0,148.0,1.0,5747000,843052400,149,25.8,148,1238700,147,600000,10365854185,10365854185,4003292886,1848800,0,0,0,0
2022-06-03,DILD,Intiland Development Tbk.,--M-1135000000H111------------,145.0,0.0,147.0,143.0,147.0,2.0,2451500,355248500,110,25.6,147,1002500,146,10000,10365854185,10365854185,4003292886,0,45700,386300,56786100,1
2022-06-02,DILD,Intiland Development Tbk.,--M-1135000000H111------------,147.0,0.0,147.0,144.0,145.0,-2.0,5427000,788954300,166,25.3,146,12500,145,17800,10365854185,10365854185,4003292886,0,1600000,422800,61306000,1
2022-05-31,DILD,Intiland Development Tbk.,--M-1135000000H111------------,146.0,0.0,147.0,144.0,147.0,1.0,2061300,300332900,101,25.6,147,432800,146,10000,10365854185,10365854185,4003292886,0,628700,0,0,0
2022-05-30,DILD,Intiland Development Tbk.,--M-1135000000H111------------,148.0,0.0,149.0,142.0,146.0,-2.0,3223200,467599600,233,25.4,146,190600,145,110000,10365854185,10365854185,4003292886,0,0,516700,75438200,1
2022-05-27,DILD,Intiland Development Tbk.,--M-1135000000H111------------,143.0,0.0,150.0,141.0,148.0,5.0,8419800,1232872900,295,25.8,148,374200,147,10000,10365854185,10365854185,4003292886,1252300,6349100,0,0,0
2022-05-25,DILD,Intiland Development Tbk.,--M-1135000000H111------------,143.0,0.0,143.0,142.0,143.0,0.0,990900,141558400,79,24.9,143,13900,142,42400,10365854185,10365854185,4003292886,0,0,621600,88888800,1
2022-05-24,DILD,Intiland Development Tbk.,--M-1135000000H111------------,144.0,0.0,144.0,139.0,143.0,-1.0,3246200,459596900,187,24.9,144,622200,143,30000,10365854185,10365854185,4003292886,0,1000000,0,0,0
2022-05-23,DILD,Intiland Development Tbk.,--M-1135000000H111------------,145.0,0.0,145.0,141.0,144.0,-1.0,2839400,405328500,203,25.1,144,146700,141,6000,10365854185,10365854185,4003292886,0,300000,0,0,0
2022-05-20,DILD,Intiland Development Tbk.,--M-1135000000H111------------,145.0,0.0,145.0,143.0,145.0,0.0,4614500,666500100,126,25.3,145,452900,144,88500,10365854185,10365854185,4003292886,1227800,1100000,1002600,145377000,1
2022-05-19,DILD,Intiland Development Tbk.,--M-1135000000H111------------,145.0,0.0,145.0,142.0,145.0,0.0,4027100,578384800,116,25.3,145,619400,144,10000,10365854185,10365854185,4003292886,0,2200000,378400,54868000,1
2022-05-18,DILD,Intiland Development Tbk.,--M-1135000000H111------------,145.0,0.0,145.0,143.0,145.0,0.0,490900,70719100,62,25.3,145,1023000,144,10000,10365854185,10365854185,4003292886,0,0,0,0,0
2022-05-17,DILD,Intiland Development Tbk.,--M-1135000000H111------------,144.0,0.0,145.0,142.0,145.0,1.0,1869200,268680600,100,25.3,145,565200,144,100,10365854185,10365854185,4003292886,0,838400,61223400,6673350600,1
2022-05-13,DILD,Intiland Development Tbk.,--M-1135000000H111------------,140.0,0.0,144.0,139.0,144.0,4.0,1630300,231267700,115,25.1,144,400800,143,63400,10365854185,10365854185,4003292886,0,685400,1252800,180403200,1
2022-05-12,DILD,Intiland Development Tbk.,--M-1135000000H111------------,141.0,0.0,144.0,140.0,140.0,-1.0,988900,138924700,124,24.4,142,416100,140,61600,10365854185,10365854185,4003292886,0,0,0,0,0
2022-05-11,DILD,Intiland Development Tbk.,--M-1135000000H111------------,145.0,0.0,145.0,140.0,141.0,-4.0,4745600,673010400,268,24.6,141,302900,140,180800,10365854185,10365854185,4003292886,0,0,0,0,0
2022-05-10,DILD,Intiland Development Tbk.,--M-1135000000H111------------,146.0,0.0,146.0,142.0,145.0,-1.0,1669000,238827200,109,25.3,145,38800,144,7700,10365854185,10365854185,4003292886,0,0,0,0,0
2022-05-09,DILD,Intiland Development Tbk.,--M-1135000000H111------------,146.0,0.0,146.0,140.0,146.0,0.0,1960100,281057400,114,25.4,146,170100,145,10000,10365854185,10365854185,4003292886,0,0,0,0,0
2022-04-28,DILD,Intiland Development Tbk.,--M-1135000000H111------------,145.0,0.0,146.0,144.0,146.0,1.0,470400,68364500,69,25.4,146,411700,145,206800,10365854185,10365854185,4003292886,0,0,0,0,0
2022-04-27,DILD,Intiland Development Tbk.,--M-1135000000H111------------,145.0,0.0,146.0,143.0,145.0,0.0,1295900,187751800,62,25.3,146,250300,145,19700,10365854185,10365854185,4003292886,574100,0,0,0,0
2022-04-26,DILD,Intiland Development Tbk.,--M-1135000000H111------------,143.0,0.0,145.0,143.0,145.0,2.0,755000,108577600,86,25.3,145,46000,143,229200,10365854185,10365854185,4003292886,0,0,0,0,0
2022-04-25,DILD,Intiland Development Tbk.,--M-1135000000H111------------,143.0,0.0,145.0,138.0,143.0,0.0,3070800,432783700,246,24.9,143,391900,142,3300,10365854185,10365854185,4003292886,0,548200,0,0,0
2022-04-22,DILD,Intiland Development Tbk.,--M-1135000000H111------------,145.0,0.0,147.0,143.0,143.0,-2.0,1275000,182724700,99,24.9,144,5000,143,239800,10365854185,10365854185,4003292886,0,0,0,0,0
2022-04-21,DILD,Intiland Development Tbk.,--M-1135000000H111------------,143.0,0.0,149.0,142.0,145.0,2.0,5219500,762717800,269,25.3,146,2000,145,21400,10365854185,10365854185,4003292886,200000,0,310837244,54480072420,25
2022-04-20,DILD,Intiland Development Tbk.,--M-1135000000H111------------,145.0,0.0,145.0,143.0,143.0,-2.0,1008900,144630300,134,24.9,144,16200,143,691900,10365854185,10365854185,4003292886,393100,0,0,0,0
2022-04-19,DILD,Intiland Development Tbk.,--M-1135000000H111------------,146.0,0.0,145.0,143.0,145.0,-1.0,850000,122669500,84,25.3,146,166300,144,89300,10365854185,10365854185,4003292886,0,0,0,0,0
2022-04-18,DILD,Intiland Development Tbk.,--M-1135000000H111------------,146.0,0.0,147.0,144.0,146.0,0.0,672300,97516800,75,25.4,146,186100,145,245100,10365854185,10365854185,4003292886,0,0,0,0,0
2022-04-14,DILD,Intiland Development Tbk.,--M-1135000000H111------------,146.0,0.0,147.0,144.0,146.0,0.0,5692200,827653200,150,25.4,146,231200,145,180000,10365854185,10365854185,4003292886,0,0,0,0,0
2022-04-13,DILD,Intiland Development Tbk.,--M-1135000000H111------------,147.0,0.0,147.0,144.0,146.0,-1.0,1751500,253869000,149,25.4,147,225400,146,27600,10365854185,10365854185,4003292886,0,0,279465000,52065950127,62
2022-04-12,DILD,Intiland Development Tbk.,--M-1135000000H111------------,148.0,0.0,147.0,143.0,147.0,-1.0,1359200,196898200,114,25.6,147,658100,146,91100,10365854185,10365854185,4003292886,228100,0,0,0,0
2022-04-11,DILD,Intiland Development Tbk.,--M-1135000000H111------------,148.0,0.0,148.0,144.0,148.0,0.0,2435000,355004800,174,25.8,148,710100,147,15000,10365854185,10365854185,4003292886,0,0,0,0,0
2022-04-08,DILD,Intiland Development Tbk.,--M-1135000000H111------------,148.0,0.0,149.0,146.0,148.0,0.0,3200700,472229400,254,25.8,148,658900,147,28700,10365854185,10365854185,4003292886,0,0,0,0,0
2022-04-07,DILD,Intiland Development Tbk.,--M-1135000000H111------------,145.0,0.0,148.0,145.0,148.0,3.0,4979900,734242900,386,25.8,148,884500,147,135000,10365854185,10365854185,4003292886,0,0,0,0,0
2022-04-06,DILD,Intiland Development Tbk.,--M-1135000000H111------------,145.0,0.0,146.0,142.0,145.0,0.0,2128600,307204600,119,25.3,146,797000,145,77000,10365854185,10365854185,4003292886,0,0,0,0,0
2022-04-05,DILD,Intiland Development Tbk.,--M-1135000000H111------------,146.0,0.0,146.0,143.0,145.0,-1.0,2274400,326784400,116,25.3,145,59800,144,262900,10365854185,10365854185,4003292886,1164100,562100,3071800,420836600,1
2022-04-04,DILD,Intiland Development Tbk.,--M-1135000000H111------------,145.0,0.0,146.0,144.0,146.0,1.0,506700,73325800,74,25.4,146,278300,145,10000,10365854185,10365854185,4003292886,0,0,0,0,0
2022-04-01,DILD,Intiland Development Tbk.,--M-1135000000H111------------,145.0,0.0,146.0,142.0,145.0,0.0,1549700,222459900,99,25.3,145,92600,144,61700,10365854185,10365854185,4003292886,0,250000,0,0,0
2022-03-31,DILD,Intiland Development Tbk.,--M-1135000000H111------------,145.0,0.0,146.0,144.0,145.0,0.0,2574700,373384400,127,25.3,146,229400,145,146400,10365854185,10365854185,6723293024,588600,0,0,0,0
2022-03-30,DILD,Intiland Development Tbk.,--M-1135000000H111------------,145.0,0.0,145.0,143.0,145.0,0.0,1470200,211280400,111,25.3,145,90100,144,15000,10365854185,10365854185,6723293024,588600,0,0,0,0
2022-03-29,DILD,Intiland Development Tbk.,--M-1135000000H111------------,145.0,0.0,145.0,143.0,145.0,0.0,2032000,292633100,80,25.3,145,739300,144,152700,10365854185,10365854185,6723293024,863300,200000,0,0,0
2022-03-28,DILD,Intiland Development Tbk.,--M-1135000000H111------------,144.0,0.0,145.0,142.0,145.0,1.0,3270400,471800500,163,25.3,145,129800,144,23000,10365854185,10365854185,6723293024,588600,200000,319222019,58868141422,74
2022-03-25,DILD,Intiland Development Tbk.,--M-1135000000H111------------,145.0,0.0,144.0,142.0,144.0,-1.0,1122200,160214700,114,25.1,144,332600,143,95900,10365854185,10365854185,6723293024,0,0,0,0,0
2022-03-24,DILD,Intiland Development Tbk.,--M-1135000000H111------------,145.0,0.0,145.0,142.0,145.0,0.0,5060100,728005400,241,25.3,145,498900,144,97600,10365854185,10365854185,6723293024,1907500,200000,0,0,0
2022-03-23,DILD,Intiland Development Tbk.,--M-1135000000H111------------,144.0,0.0,145.0,142.0,145.0,1.0,1963400,281234800,149,25.3,145,1661100,144,10000,10365854185,10365854185,6723293024,576900,242000,404892910,73852182748,33
2022-03-22,DILD,Intiland Development Tbk.,--M-1135000000H111------------,144.0,0.0,145.0,142.0,144.0,0.0,4363500,623770500,172,25.1,144,663400,143,10800,10365854185,10365854185,6723293024,201000,1309700,260116600,47505120311,37
2022-03-21,DILD,Intiland Development Tbk.,--M-1135000000H111------------,146.0,0.0,147.0,143.0,144.0,-2.0,3557200,513025600,215,25.1,146,56700,144,110100,10365854185,10365854185,6723293024,2218200,1831300,118472300,21645282085,33
2022-03-18,DILD,Intiland Development Tbk.,--M-1135000000H111------------,144.0,0.0,146.0,140.0,146.0,2.0,1187100,169443900,149,25.4,146,1054600,145,10000,10365854185,10365854185,6723293024,0,350000,193542500,34782103334,43
2022-03-17,DILD,Intiland Development Tbk.,--M-1135000000H111------------,141.0,0.0,147.0,141.0,144.0,3.0,4058200,582511800,207,25.1,144,95000,143,79400,10365854185,10365854185,6723293024,0,223100,10000000,1430000000,1
2022-03-16,DILD,Intiland Development Tbk.,--M-1135000000H111------------,143.0,0.0,144.0,140.0,141.0,-2.0,1894000,268210100,153,24.6,142,194900,141,428700,10365854185,10365854185,6723293024,0,0,0,0,0
2022-03-15,DILD,Intiland Development Tbk.,--M-1135000000H111------------,143.0,0.0,144.0,141.0,143.0,0.0,2154800,306591000,174,24.9,144,179000,143,10000,10365854185,10365854185,6723293024,0,754600,0,0,0
2022-03-14,DILD,Intiland Development Tbk.,--M-1135000000H111------------,144.0,0.0,146.0,141.0,143.0,-1.0,2505600,358118100,215,24.9,144,115000,143,42400,10365854185,10365854185,6723293024,101900,300000,0,0,0
2022-03-11,DILD,Intiland Development Tbk.,--M-1135000000H111------------,145.0,0.0,145.0,143.0,144.0,-1.0,3336900,480564500,129,25.1,145,2411700,144,84600,10365854185,10365854185,6723293024,0,0,0,0,0
2022-03-10,DILD,Intiland Development Tbk.,--M-1135000000H111------------,145.0,0.0,148.0,145.0,145.0,0.0,5596900,815562800,227,25.3,146,635600,145,648600,10365854185,10365854185,6723293024,1799300,0,114463313,20756250560,32
2022-03-09,DILD,Intiland Development Tbk.,--M-1135000000H111------------,144.0,0.0,147.0,143.0,145.0,1.0,8334300,1210110900,508,25.3,146,2371300,145,31800,10365854185,10365854185,6723293024,3524900,0,0,0,0
2022-03-08,DILD,Intiland Development Tbk.,--M-1135000000H111------------,143.0,0.0,148.0,142.0,144.0,1.0,3856300,552753700,152,25.1,144,347000,143,104900,10365854185,10365854185,6723293024,2334000,0,0,0,0
2022-03-07,DILD,Intiland Development Tbk.,--M-1135000000H111------------,146.0,0.0,144.0,141.0,143.0,-3.0,1587500,225640500,153,24.9,143,596100,142,17600,10365854185,10365854185,6723293024,301900,0,0,0,0
2022-03-04,DILD,Intiland Development Tbk.,--M-1135000000H111------------,143.0,0.0,146.0,141.0,146.0,3.0,4059800,577460600,141,25.4,146,351900,145,64000,10365854185,10365854185,6723293024,0,0,0,0,0
2022-03-02,DILD,Intiland Development Tbk.,--M-1135000000H111------------,144.0,0.0,144.0,142.0,143.0,-1.0,2017500,287990400,120,24.9,143,1389400,142,358400,10365854185,10365854185,6723293024,0,0,0,0,0
2022-03-01,DILD,Intiland Development Tbk.,--M-1135000000H111------------,145.0,0.0,145.0,142.0,144.0,-1.0,2606800,375249600,104,25.1,145,2840500,143,142300,10365854185,10365854185,6723293024,0,0,0,0,0
2022-02-25,DILD,Intiland Development Tbk.,--M-1135000000H111------------,146.0,0.0,146.0,141.0,145.0,-1.0,1578200,228759700,102,25.3,146,7152500,145,108000,10365854185,10365854185,6723293024,0,0,0,0,0
2022-02-24,DILD,Intiland Development Tbk.,--M-1135000000H111------------,150.0,0.0,151.0,142.0,146.0,-4.0,6476500,939963200,398,25.4,146,128500,145,30200,10365854185,10365854185,6723293024,0,0,0,0,0
2022-02-23,DILD,Intiland Development Tbk.,--M-1135000000H111------------,149.0,0.0,150.0,147.0,150.0,1.0,13415200,1988248800,220,26.1,150,2649100,149,75000,10365854185,10365854185,6723293024,0,0,0,0,0
2022-02-22,DILD,Intiland Development Tbk.,--M-1135000000H111------------,149.0,0.0,150.0,147.0,149.0,0.0,744200,110200500,96,26.0,149,235300,148,125000,10365854185,10365854185,6723293024,0,0,0,0,0
2022-02-21,DILD,Intiland Development Tbk.,--M-1135000000H111------------,151.0,0.0,152.0,148.0,149.0,-2.0,5875700,875873000,224,26.0,149,34800,148,102100,10365854185,10365854185,6723293024,1147200,3490000,1954100,291160900,1
2022-02-18,DILD,Intiland Development Tbk.,--M-1135000000H111------------,149.0,0.0,151.0,148.0,151.0,2.0,7200700,1073527100,119,26.3,151,863000,150,24000,10365854185,10365854185,6723293024,0,0,0,0,0
2022-02-17,DILD,Intiland Development Tbk.,--M-1135000000H111------------,150.0,0.0,151.0,149.0,149.0,-1.0,2739000,408571100,118,26.0,150,433200,149,217100,10365854185,10365854185,6723293024,0,0,0,0,0
2022-02-16,DILD,Intiland Development Tbk.,--M-1135000000H111------------,148.0,0.0,151.0,148.0,150.0,2.0,7731400,1154960600,178,26.1,150,912200,149,579500,10365854185,10365854185,6723293024,1522100,0,0,0,0
2022-02-15,DILD,Intiland Development Tbk.,--M-1135000000H111------------,148.0,0.0,149.0,148.0,148.0,0.0,1091800,161818700,85,25.8,149,958600,148,271200,10365854185,10365854185,6723293024,583500,0,0,0,0
2022-02-14,DILD,Intiland Development Tbk.,--M-1135000000H111------------,150.0,0.0,150.0,148.0,148.0,-2.0,1279400,189514900,97,25.8,149,1897800,148,143500,10365854185,10365854185,6723293024,216500,0,0,0,0
2022-02-11,DILD,Intiland Development Tbk.,--M-1135000000H111------------,150.0,0.0,151.0,147.0,150.0,0.0,816600,121676000,121,26.1,150,270400,149,103400,10365854185,10365854185,6723293024,0,0,0,0,0
2022-02-10,DILD,Intiland Development Tbk.,--M-1135000000H111------------,149.0,0.0,152.0,147.0,150.0,1.0,4836500,720356900,214,26.1,150,305700,149,50000,10365854185,10365854185,6723293024,1284100,0,0,0,0
2022-02-09,DILD,Intiland Development Tbk.,--M-1135000000H111------------,148.0,0.0,149.0,148.0,149.0,1.0,1034700,153294500,87,26.0,149,814600,148,148100,10365854185,10365854185,6723293024,343300,0,0,0,0
2022-02-08,DILD,Intiland Development Tbk.,--M-1135000000H111------------,149.0,0.0,151.0,148.0,148.0,-1.0,2784500,414289200,125,25.8,149,696400,148,109600,10365854185,10365854185,6723293024,1256900,0,0,0,0
2022-02-07,DILD,Intiland Development Tbk.,--M-1135000000H111------------,150.0,0.0,151.0,148.0,149.0,-1.0,3317000,495882000,121,26.0,150,1012400,149,63600,10365854185,10365854185,6723293024,2066700,1600000,0,0,0
2022-02-04,DILD,Intiland Development Tbk.,--M-1135000000H111------------,149.0,0.0,152.0,146.0,150.0,1.0,4059900,604401600,265,26.1,150,426700,149,10000,10365854185,10365854185,6723293024,1387700,0,0,0,0
2022-02-03,DILD,Intiland Development Tbk.,--M-1135000000H111------------,148.0,0.0,149.0,146.0,149.0,1.0,1616400,238913100,116,26.0,150,6400,148,10100,10365854185,10365854185,6723293024,0,0,0,0,0
2022-02-02,DILD,Intiland Development Tbk.,--M-1135000000H111------------,147.0,0.0,149.0,146.0,148.0,1.0,1195900,175935600,155,25.8,148,187100,147,62500,10365854185,10365854185,6723293024,0,0,0,0,0
2022-01-31,DILD,Intiland Development Tbk.,--M-1135000000H111------------,147.0,0.0,149.0,146.0,147.0,0.0,2228100,327930200,155,25.6,147,2879700,146,1155800,10365854185,10365854185,6723293024,0,0,0,0,0
2022-01-28,DILD,Intiland Development Tbk.,--M-1135000000H111------------,143.0,0.0,147.0,142.0,147.0,4.0,2421500,349613500,131,25.6,147,176000,146,17700,10365854185,10365854185,6723293024,0,1053900,0,0,0
2022-01-27,DILD,Intiland Development Tbk.,--M-1135000000H111------------,143.0,0.0,147.0,140.0,143.0,0.0,2153300,307301100,162,24.9,143,242800,142,10100,10365854185,10365854185,6723293024,0,0,0,0,0
2022-01-26,DILD,Intiland Development Tbk.,--M-1135000000H111------------,142.0,0.0,145.0,141.0,143.0,1.0,474100,67659500,84,24.9,144,30900,143,286100,10365854185,10365854185,6723293024,0,0,0,0,0
2022-01-25,DILD,Intiland Development Tbk.,--M-1135000000H111------------,145.0,0.0,149.0,142.0,142.0,-3.0,2793900,400705000,256,24.7,142,276100,141,317100,10365854185,10365854185,6723293024,0,0,0,0,0
2022-01-24,DILD,Intiland Development Tbk.,--M-1135000000H111------------,145.0,0.0,147.0,142.0,145.0,0.0,597500,86179500,144,25.3,145,445500,144,177500,10365854185,10365854185,6723293024,0,0,0,0,0
2022-01-21,DILD,Intiland Development Tbk.,--M-1135000000H111------------,149.0,0.0,149.0,145.0,145.0,-4.0,1621400,236152500,146,25.3,147,1000,145,1194200,10365854185,10365854185,6723293024,0,500000,309347775,58825362303,15
2022-01-20,DILD,Intiland Development Tbk.,--M-1135000000H111------------,148.0,0.0,149.0,144.0,149.0,1.0,1499000,220356200,134,26.0,149,509400,148,10000,10365854185,10365854185,6723293024,0,350000,0,0,0
2022-01-19,DILD,Intiland Development Tbk.,--M-1135000000H111------------,149.0,0.0,149.0,145.0,148.0,-1.0,1567300,229631400,141,25.8,148,1184600,146,3500,10365854185,10365854185,6723293024,0,490900,0,0,0
2022-01-18,DILD,Intiland Development Tbk.,--M-1135000000H111------------,147.0,0.0,149.0,145.0,149.0,2.0,948800,139548100,134,26.0,149,2405200,148,10000,10365854185,10365854185,6723293024,0,0,25000,3675000,1
2022-01-17,DILD,Intiland Development Tbk.,--M-1135000000H111------------,147.0,0.0,149.0,142.0,147.0,0.0,1815700,263091500,281,25.6,147,61300,146,10200,10365854185,10365854185,6723293024,0,0,0,0,0
2022-01-14,DILD,Intiland Development Tbk.,--M-1135000000H111------------,149.0,0.0,150.0,142.0,147.0,-2.0,4512600,660040400,284,25.6,147,24600,146,58200,10365854185,10365854185,6723293024,0,0,0,0,0
2022-01-13,DILD,Intiland Development Tbk.,--M-1135000000H111------------,150.0,0.0,150.0,148.0,149.0,-1.0,5728600,850127500,116,26.0,150,731900,149,14200,10365854185,10365854185,6723293024,0,0,0,0,0
2022-01-12,DILD,Intiland Development Tbk.,--M-1135000000H111------------,149.0,0.0,150.0,148.0,150.0,1.0,2169000,323492500,102,26.1,150,1631400,149,1058100,10365854185,10365854185,6723293024,0,0,4000000,592000000,1
2022-01-11,DILD,Intiland Development Tbk.,--M-1135000000H111------------,150.0,0.0,150.0,148.0,149.0,-1.0,2307600,343968900,126,26.0,149,1400,148,2070500,10365854185,10365854185,6723293024,0,0,0,0,0
2022-01-10,DILD,Intiland Development Tbk.,--M-1135000000H111------------,150.0,0.0,151.0,149.0,150.0,0.0,1706500,255051200,130,26.1,150,200000,149,80200,10365854185,10365854185,6723293024,0,0,0,0,0
2022-01-07,DILD,Intiland Development Tbk.,--M-1135000000H111------------,151.0,0.0,151.0,149.0,150.0,-1.0,5079100,761533900,123,26.1,150,687400,149,861300,10365854185,10365854185,6723293024,0,0,0,0,0
2022-01-06,DILD,Intiland Development Tbk.,--M-1135000000H111------------,151.0,0.0,151.0,149.0,151.0,0.0,2973100,445745900,156,26.3,151,291600,150,94500,10365854185,10365854185,6723293024,0,0,0,0,0
2022-01-05,DILD,Intiland Development Tbk.,--M-1135000000H111------------,150.0,0.0,152.0,147.0,151.0,1.0,5040000,754915500,368,26.3,151,814900,150,2100,10365854185,10365854185,6723293024,0,550000,0,0,0
2022-01-04,DILD,Intiland Development Tbk.,--M-1135000000H111------------,154.0,0.0,153.0,149.0,150.0,-4.0,6027000,906129700,345,26.1,151,65400,150,36800,10365854185,10365854185,6723293024,0,0,0,0,0
2022-01-03,DILD,Intiland Development Tbk.,--M-1135000000H111------------,156.0,0.0,158.0,149.0,154.0,-2.0,8518800,1285529000,378,26.8,154,1233600,152,100,10365854185,10365854185,6723293024,0,0,0,0,0
2021-12-30,DILD,Intiland Development Tbk.,--M-1135000000H111------------,154.0,0.0,156.0,150.0,156.0,2.0,10380400,1583222600,327,27.2,156,1125500,151,268800,10365854185,10365854185,8544573605,0,0,0,0,0
2021-12-29,DILD,Intiland Development Tbk.,--M-1135000000H111------------,152.0,0.0,154.0,150.0,154.0,2.0,2553200,389277200,180,26.8,154,211200,153,53800,10365854185,10365854185,8544573605,0,550000,2200000,595600000,2
2021-12-28,DILD,Intiland Development Tbk.,--M-1135000000H111------------,150.0,0.0,152.0,149.0,152.0,2.0,23667300,3550614300,530,26.5,152,140400,151,200,10365854185,10365854185,8544573605,150000,0,601662630,143497816358,88
2021-12-27,DILD,Intiland Development Tbk.,--M-1135000000H111------------,157.0,0.0,157.0,150.0,150.0,-7.0,24360600,3689024500,785,26.1,151,100400,150,530000,10365854185,10365854185,8544573605,0,2600000,0,0,0
2021-12-24,DILD,Intiland Development Tbk.,--M-1135000000H111------------,157.0,0.0,157.0,154.0,157.0,0.0,1319400,206317500,104,27.4,157,2591200,156,7300,10365854185,10365854185,8544573605,0,0,0,0,0
2021-12-23,DILD,Intiland Development Tbk.,--M-1135000000H111------------,159.0,0.0,159.0,155.0,157.0,-2.0,1714500,268485100,169,27.4,158,775100,157,72500,10365854185,10365854185,8544573605,0,0,695944611,211118247290,32
2021-12-22,DILD,Intiland Development Tbk.,--M-1135000000H111------------,164.0,0.0,163.0,159.0,159.0,-5.0,1287400,206648400,157,27.7,159,274500,158,182400,10365854185,10365854185,8544573605,0,0,0,0,0
2021-12-21,DILD,Intiland Development Tbk.,--M-1135000000H111------------,164.0,0.0,164.0,161.0,164.0,0.0,3234500,524661000,133,28.6,164,1229900,163,52400,10365854185,10365854185,8544573605,0,900000,580305500,166681052322,45
2021-12-20,DILD,Intiland Development Tbk.,--M-1135000000H111------------,166.0,0.0,166.0,162.0,164.0,-2.0,1294500,211576700,112,28.6,164,394400,163,10100,10365854185,10365854185,8544573605,0,0,290184200,97251887469,36
2021-12-17,DILD,Intiland Development Tbk.,--M-1135000000H111------------,167.0,0.0,167.0,164.0,166.0,-1.0,589100,97559700,75,28.9,166,653800,165,10000,10365854185,10365854185,8544573605,0,0,344201700,92213478108,49
2021-12-16,DILD,Intiland Development Tbk.,--M-1135000000H111------------,167.0,0.0,168.0,163.0,167.0,0.0,659000,108316300,112,29.1,167,403700,164,2000,10365854185,10365854185,8544573605,0,0,0,0,0
2021-12-15,DILD,Intiland Development Tbk.,--M-1135000000H111------------,164.0,0.0,168.0,163.0,167.0,3.0,1934700,320394200,103,29.1,167,607300,166,200,10365854185,10365854185,8544573605,400000,0,1718000,283470000,1
2021-12-14,DILD,Intiland Development Tbk.,--M-1135000000H111------------,164.0,0.0,166.0,164.0,164.0,0.0,1038500,171118000,74,28.6,166,311500,164,285400,10365854185,10365854185,8544573605,0,0,0,0,0
2021-12-13,DILD,Intiland Development Tbk.,--M-1135000000H111------------,164.0,0.0,166.0,163.0,164.0,0.0,944100,155485600,119,28.6,166,864700,164,1129400,10365854185,10365854185,8544573605,0,0,562901120,150313655372,73
2021-12-10,DILD,Intiland Development Tbk.,--M-1135000000H111------------,166.0,0.0,166.0,163.0,164.0,-2.0,841300,138084300,105,28.6,164,1140900,163,262000,10365854185,10365854185,8544573605,0,0,118190171,22250808001,33
2021-12-09,DILD,Intiland Development Tbk.,--M-1135000000H111------------,166.0,0.0,166.0,163.0,166.0,0.0,2562100,420372700,66,28.9,166,1817900,165,10000,10365854185,10365854185,8544573605,0,0,0,0,0
2021-12-08,DILD,Intiland Development Tbk.,--M-1135000000H111------------,166.0,0.0,167.0,163.0,166.0,0.0,1514400,248367600,163,28.9,166,1234500,165,10000,10365854185,10365854185,8544573605,0,0,0,0,0
2021-12-07,DILD,Intiland Development Tbk.,--M-1135000000H111------------,165.0,0.0,166.0,163.0,166.0,1.0,1167600,192020200,121,28.9,166,359400,165,20000,10365854185,10365854185,8544573605,7700,0,0,0,0
2021-12-06,DILD,Intiland Development Tbk.,--M-1135000000H111------------,169.0,0.0,169.0,163.0,165.0,-4.0,1195200,197538100,145,28.8,165,1978900,164,369200,10365854185,10365854185,8544573605,1400,0,0,0,0
2021-12-03,DILD,Intiland Development Tbk.,--M-1135000000H111------------,166.0,0.0,169.0,163.0,169.0,3.0,868300,143096600,91,29.4,169,354100,168,13000,10365854185,10365854185,8544573605,0,9100,50000,7850000,1
2021-12-02,DILD,Intiland Development Tbk.,--M-1135000000H111------------,164.0,0.0,166.0,163.0,166.0,2.0,970200,158797300,82,28.9,166,252200,165,13400,10365854185,10365854185,8544573605,0,0,0,0,0
2021-12-01,DILD,Intiland Development Tbk.,--M-1135000000H111------------,166.0,0.0,167.0,159.0,164.0,-2.0,3692100,601039400,269,28.6,164,336000,163,500,10365854185,10365854185,8544573605,0,0,0,0,0
2021-11-30,DILD,Intiland Development Tbk.,--M-1135000000H111------------,170.0,0.0,170.0,166.0,166.0,-4.0,1963700,327483900,156,28.9,167,888400,166,36000,10365854185,10365854185,8544573605,36300,1000,0,0,0
2021-11-29,DILD,Intiland Development Tbk.,--M-1135000000H111------------,168.0,0.0,170.0,165.0,170.0,2.0,2730700,458529400,199,29.6,170,277500,169,10000,10365854185,10365854185,8544573605,71200,0,0,0,0
2021-11-26,DILD,Intiland Development Tbk.,--M-1135000000H111------------,172.0,0.0,172.0,168.0,168.0,-4.0,2797100,474126000,166,29.3,169,8600,168,658900,10365854185,10365854185,8544573605,132500,0,0,0,0
2021-11-25,DILD,Intiland Development Tbk.,--M-1135000000H111------------,172.0,0.0,173.0,169.0,172.0,0.0,2673700,457222800,169,30.0,172,168500,171,181000,10365854185,10365854185,8544573605,3200,0,0,0,0
2021-11-24,DILD,Intiland Development Tbk.,--M-1135000000H111------------,172.0,0.0,174.0,170.0,172.0,0.0,2642400,455353000,177,30.0,172,174900,171,53400,10365854185,10365854185,8544573605,49600,0,0,0,0
2021-11-23,DILD,Intiland Development Tbk.,--M-1135000000H111------------,170.0,0.0,173.0,170.0,172.0,2.0,1987100,341246200,161,30.0,172,2000,171,118900,10365854185,10365854185,8544573605,90800,0,0,0,0
2021-11-22,DILD,Intiland Development Tbk.,--M-1135000000H111------------,175.0,0.0,174.0,168.0,170.0,-5.0,11637100,1978709600,431,29.6,170,309300,169,935500,10365854185,10365854185,8544573605,803800,2000,0,0,0
2021-11-19,DILD,Intiland Development Tbk.,--M-1135000000H111------------,175.0,0.0,176.0,172.0,175.0,0.0,822100,142867200,147,30.5,175,38800,174,58700,10365854185,10365854185,8544573605,111300,0,0,0,0
2021-11-18,DILD,Intiland Development Tbk.,--M-1135000000H111------------,176.0,0.0,176.0,173.0,175.0,-1.0,1342900,233799200,158,30.5,176,1035300,175,88900,10365854185,10365854185,8544573605,186600,700,0,0,0
2021-11-17,DILD,Intiland Development Tbk.,--M-1135000000H111------------,176.0,0.0,178.0,175.0,176.0,0.0,3444100,607430500,206,30.7,176,1555000,175,125700,10365854185,10365854185,8544573605,422600,75600,160573247,30981073410,47
2021-11-16,DILD,Intiland Development Tbk.,--M-1135000000H111------------,176.0,0.0,178.0,175.0,176.0,0.0,1298200,228876500,131,30.7,177,242900,176,125600,10365854185,10365854185,8544573605,223300,25000,0,0,0
2021-11-15,DILD,Intiland Development Tbk.,--M-1135000000H111------------,178.0,0.0,180.0,176.0,176.0,-2.0,2442500,432544200,172,30.7,177,80700,176,1400,10365854185,10365854185,8544573605,327100,0,0,0,0
2021-11-12,DILD,Intiland Development Tbk.,--M-1135000000H111------------,178.0,0.0,181.0,177.0,178.0,0.0,1272800,227358000,128,31.0,179,223600,178,41400,10365854185,10365854185,8544573605,168800,23700,0,0,0
2021-11-11,DILD,Intiland Development Tbk.,--M-1135000000H111------------,179.0,0.0,179.0,176.0,178.0,-1.0,7340400,1305546200,123,31.0,179,45600,178,118600,10365854185,10365854185,8544573605,287500,57700,0,0,0
2021-11-10,DILD,Intiland Development Tbk.,--M-1135000000H111------------,176.0,0.0,179.0,174.0,179.0,3.0,2636000,466351200,212,31.2,180,765600,179,500,10365854185,10365854185,8544573605,193200,54200,0,0,0
2021-11-09,DILD,Intiland Development Tbk.,--M-1135000000H111------------,177.0,0.0,181.0,176.0,176.0,-1.0,4277700,762888500,267,30.7,176,54700,175,345600,10365854185,10365854185,8544573605,0,20400,0,0,0
2021-11-08,DILD,Intiland Development Tbk.,--M-1135000000H111------------,178.0,0.0,178.0,168.0,177.0,-1.0,612600,108046800,110,30.8,178,144800,177,242400,10365854185,10365854185,8544573605,10100,37100,0,0,0
2021-11-05,DILD,Intiland Development Tbk.,--M-1135000000H111------------,178.0,0.0,179.0,174.0,178.0,0.0,1937400,341923500,166,31.0,179,220200,178,1000,10365854185,10365854185,8544573605,124000,5600,0,0,0
2021-11-04,DILD,Intiland Development Tbk.,--M-1135000000H111------------,174.0,0.0,178.0,174.0,178.0,4.0,1860800,329078000,185,31.0,178,45600,177,526500,10365854185,10365854185,8544573605,6900,132000,0,0,0
2021-11-03,DILD,Intiland Development Tbk.,--M-1135000000H111------------,176.0,0.0,178.0,173.0,174.0,-2.0,6282400,1097854500,578,30.3,176,221200,174,69800,10365854185,10365854185,8544573605,1601500,43300,0,0,0
2021-11-02,DILD,Intiland Development Tbk.,--M-1135000000H111------------,178.0,0.0,179.0,175.0,176.0,-2.0,1253700,220918000,202,30.7,177,1320700,176,15100,10365854185,10365854185,8544573605,277800,10900,0,0,0
2021-11-01,DILD,Intiland Development Tbk.,--M-1135000000H111------------,173.0,0.0,178.0,174.0,178.0,5.0,2102800,371667200,172,31.0,178,150500,177,12800,10365854185,10365854185,8544573605,52900,357200,0,0,0
2021-10-29,DILD,Intiland Development Tbk.,--M-1135000000H111------------,173.0,0.0,176.0,172.0,173.0,0.0,5605400,970994700,274,30.1,175,41100,173,257200,10365854185,10365854185,8544573605,30700,189500,0,0,0
2021-10-28,DILD,Intiland Development Tbk.,--M-1135000000H111------------,183.0,0.0,183.0,171.0,173.0,-10.0,9929300,1729261500,571,30.1,173,46500,172,426900,10365854185,10365854185,8544573605,763000,8700,0,0,0
2021-10-27,DILD,Intiland Development Tbk.,--M-1135000000H111------------,182.0,0.0,184.0,179.0,183.0,1.0,3467400,631311400,228,31.9,183,584500,180,43000,10365854185,10365854185,8544573605,367400,0,51855000,9230190000,2
2021-10-26,DILD,Intiland Development Tbk.,--M-1135000000H111------------,183.0,0.0,184.0,180.0,182.0,-1.0,4300000,777816700,212,31.7,182,407600,181,130100,10365854185,10365854185,8544573605,655400,480100,15000000,2670000000,1
2021-10-25,DILD,Intiland Development Tbk.,--M-1135000000H111------------,184.0,0.0,186.0,176.0,183.0,-1.0,7340300,1330758400,393,31.9,183,281700,182,10500,10365854185,10365854185,8544573605,73000,288200,25355000,4513190000,1
2021-10-22,DILD,Intiland Development Tbk.,--M-1135000000H111------------,185.0,0.0,186.0,183.0,184.0,-1.0,2844100,523615900,235,32.1,185,72900,184,51600,10365854185,10365854185,8544573605,180000,26200,41500000,7387000000,2
2021-10-21,DILD,Intiland Development Tbk.,--M-1135000000H111------------,187.0,0.0,189.0,181.0,185.0,-2.0,7913600,1461084400,360,32.2,185,207400,184,303700,10365854185,10365854185,8544573605,659600,241800,66855000,11900190000,1
2021-10-19,DILD,Intiland Development Tbk.,--M-1135000000H111------------,189.0,0.0,191.0,186.0,187.0,-2.0,5066000,952111700,268,32.6,188,500,187,262800,10365854185,10365854185,8544573605,1291400,73400,0,0,0
2021-10-18,DILD,Intiland Development Tbk.,--M-1135000000H111------------,188.0,0.0,191.0,186.0,189.0,1.0,2865800,539604700,221,32.9,190,425600,189,39400,10365854185,10365854185,8544573605,0,61600,175086600,41300083299,55
2021-10-15,DILD,Intiland Development Tbk.,--M-1135000000H111------------,189.0,0.0,189.0,184.0,188.0,-1.0,4887200,912020700,275,32.8,189,349100,187,500,10365854185,10365854185,8544573605,2800,2100,0,0,0
2021-10-14,DILD,Intiland Development Tbk.,--M-1135000000H111------------,188.0,0.0,189.0,181.0,189.0,1.0,8608300,1600678300,537,32.9,189,83900,188,3900,10365854185,10365854185,8544573605,336700,27600,167778529,35812880904,41
2021-10-13,DILD,Intiland Development Tbk.,--M-1135000000H111------------,187.0,0.0,191.0,184.0,188.0,1.0,12232100,2308966100,421,32.8,188,286300,185,86800,10365854185,10365854185,8544573605,334100,199700,0,0,0
2021-10-12,DILD,Intiland Development Tbk.,--M-1135000000H111------------,193.0,0.0,195.0,186.0,187.0,-6.0,25721000,4904712800,1138,32.6,187,3446300,186,640900,10365854185,10365854185,8544573605,1158700,1987500,0,0,0
2021-10-11,DILD,Intiland Development Tbk.,--M-1135000000H111------------,183.0,0.0,194.0,184.0,193.0,10.0,23243000,4385721300,1184,33.6,193,432800,192,479800,10365854185,10365854185,8544573605,0,3132600,0,0,0
2021-10-08,DILD,Intiland Development Tbk.,--M-1135000000H111------------,181.0,0.0,185.0,180.0,183.0,2.0,13403800,2459776600,323,31.9,183,74800,182,640100,10365854185,10365854185,8544573605,0,0,0,0,0
2021-10-07,DILD,Intiland Development Tbk.,--M-1135000000H111------------,183.0,0.0,183.0,179.0,181.0,-2.0,16125400,2920450700,571,31.5,181,524300,180,315100,10365854185,10365854185,8544573605,0,0,0,0,0
2021-10-06,DILD,Intiland Development Tbk.,--M-1135000000H111------------,179.0,0.0,185.0,179.0,183.0,4.0,11322600,2065558000,634,31.9,183,1696100,182,398500,10365854185,10365854185,8544573605,0,0,0,0,0
2021-10-05,DILD,Intiland Development Tbk.,--M-1135000000H111------------,178.0,0.0,183.0,175.0,179.0,1.0,32265100,5779442000,913,31.2,180,476100,179,122500,10365854185,10365854185,8544573605,1363800,0,100000,18900000,1
2021-10-04,DILD,Intiland Development Tbk.,--M-1135000000H111------------,171.0,0.0,180.0,171.0,178.0,7.0,34151400,6021846600,1260,31.0,179,932100,178,338100,10365854185,10365854185,8544573605,100000,0,0,0,0
2021-10-01,DILD,Intiland Development Tbk.,--M-1135000000H111------------,165.0,0.0,172.0,163.0,171.0,6.0,14182900,2406461300,481,29.8,171,1074900,170,1188500,10365854185,10365854185,8544573605,0,1000,0,0,0
2021-09-30,DILD,Intiland Development Tbk.,--M-1135000000H111------------,166.0,0.0,167.0,164.0,165.0,-1.0,5706500,942097700,253,28.8,166,43700,165,400100,10365854185,10365854185,10365854185,2000,1000,0,0,0
2021-09-29,DILD,Intiland Development Tbk.,--M-1135000000H111------------,168.0,0.0,168.0,166.0,166.0,-2.0,5071900,845179500,155,28.9,167,640100,166,320600,10365854185,10365854185,10365854185,938700,0,0,0,0
2021-09-28,DILD,Intiland Development Tbk.,--M-1135000000H111------------,169.0,0.0,170.0,167.0,168.0,-1.0,4594100,772265800,179,29.3,169,1339000,168,57700,10365854185,10365854185,10365854185,0,0,100,41000,1
2021-09-27,DILD,Intiland Development Tbk.,--M-1135000000H111------------,168.0,0.0,170.0,167.0,169.0,1.0,4705400,788489100,162,29.4,169,710900,168,118900,10365854185,10365854185,10365854185,0,0,0,0,0
2021-09-24,DILD,Intiland Development Tbk.,--M-1135000000H111------------,169.0,0.0,171.0,168.0,168.0,-1.0,9334500,1581904800,296,29.3,168,64700,167,1195200,10365854185,10365854185,10365854185,0,0,0,0,0
2021-09-23,DILD,Intiland Development Tbk.,--M-1135000000H111------------,167.0,0.0,170.0,164.0,169.0,2.0,10148500,1705686200,388,29.4,169,861600,168,206500,10365854185,10365854185,10365854185,545900,0,0,0,0
2021-09-22,DILD,Intiland Development Tbk.,--M-1135000000H111------------,165.0,0.0,171.0,164.0,167.0,2.0,5764500,955685700,337,29.1,167,150100,166,10000,10365854185,10365854185,10365854185,0,0,0,0,0
2021-09-21,DILD,Intiland Development Tbk.,--M-1135000000H111------------,168.0,0.0,167.0,158.0,165.0,-3.0,10045800,1631183000,392,28.8,166,407100,165,72400,10365854185,10365854185,10365854185,0,11000,0,0,0
2021-09-20,DILD,Intiland Development Tbk.,--M-1135000000H111------------,169.0,0.0,169.0,167.0,168.0,-1.0,7376900,1233763400,248,29.3,168,703500,167,992000,10365854185,10365854185,10365854185,0,200000,0,0,0
2021-09-17,DILD,Intiland Development Tbk.,--M-1135000000H111------------,170.0,0.0,174.0,168.0,169.0,-1.0,31418900,5377732500,949,29.4,170,229900,169,18800,10365854185,10365854185,10365854185,2036400,1000,0,0,0
2021-09-16,DILD,Intiland Development Tbk.,--M-1135000000H111------------,163.0,0.0,170.0,162.0,170.0,7.0,43875300,7313512100,1193,29.6,171,1846900,170,5274900,10365854185,10365854185,10365854185,0,1000,0,0,0
2021-09-15,DILD,Intiland Development Tbk.,--M-1135000000H111------------,159.0,0.0,163.0,158.0,163.0,4.0,25082100,4046966100,769,28.4,164,757500,163,15700,10365854185,10365854185,10365854185,0,101000,174222880,35512806153,56
2021-09-14,DILD,Intiland Development Tbk.,--M-1135000000H111------------,158.0,0.0,165.0,158.0,159.0,1.0,24340700,3913477200,1195,27.7,160,501000,159,1163400,10365854185,10365854185,10365854185,0,0,0,0,0
2021-09-13,DILD,Intiland Development Tbk.,--M-1135000000H111------------,158.0,0.0,159.0,156.0,158.0,0.0,6978500,1101701400,307,27.5,158,2757800,157,627000,10365854185,10365854185,10365854185,0,0,0,0,0
2021-09-10,DILD,Intiland Development Tbk.,--M-1135000000H111------------,157.0,0.0,158.0,156.0,158.0,1.0,2736300,430897200,163,27.5,159,1462800,158,58000,10365854185,10365854185,10365854185,0,5900,50223613,10118605551,18
2021-09-09,DILD,Intiland Development Tbk.,--M-1135000000H111------------,158.0,0.0,158.0,155.0,157.0,-1.0,8409900,1312262400,391,27.4,157,477900,156,223200,10365854185,10365854185,10365854185,0,0,0,0,0
2021-09-08,DILD,Intiland Development Tbk.,--M-1135000000H111------------,160.0,0.0,163.0,157.0,158.0,-2.0,16164000,2573752900,965,27.5,159,233300,158,114800,10365854185,10365854185,10365854185,0,0,0,0,0
2021-09-07,DILD,Intiland Development Tbk.,--M-1135000000H111------------,156.0,0.0,160.0,156.0,160.0,4.0,19817400,3147799400,783,27.9,161,1049700,160,10109100,10365854185,10365854185,10365854185,0,0,0,0,0
2021-09-06,DILD,Intiland Development Tbk.,--M-1135000000H111------------,155.0,0.0,159.0,155.0,156.0,1.0,21161400,3309821700,1048,27.2,157,318100,156,786200,10365854185,10365854185,10365854185,0,0,0,0,0
2021-09-03,DILD,Intiland Development Tbk.,--M-1135000000H111------------,153.0,0.0,158.0,153.0,155.0,2.0,35437400,5508379000,1649,27.0,155,891800,154,419200,10365854185,10365854185,10365854185,100000,100000,0,0,0
2021-09-02,DILD,Intiland Development Tbk.,--M-1135000000H111------------,152.0,0.0,155.0,151.0,153.0,1.0,9889000,1511051500,286,26.7,154,729300,153,13800,10365854185,10365854185,10365854185,100000,0,0,0,0
2021-09-01,DILD,Intiland Development Tbk.,--M-1135000000H111------------,152.0,0.0,153.0,151.0,152.0,0.0,3071700,465829800,177,26.5,152,131800,151,164500,10365854185,10365854185,10365854185,0,0,0,0,0
2021-08-31,DILD,Intiland Development Tbk.,--M-1135000000H111------------,150.0,0.0,154.0,150.0,152.0,2.0,5369300,815364300,278,26.5,152,269700,151,628900,10365854185,10365854185,10365854185,0,954600,0,0,0
2021-08-30,DILD,Intiland Development Tbk.,--M-1135000000H111------------,151.0,0.0,152.0,149.0,150.0,-1.0,11311000,1696755800,373,26.1,150,175200,149,1051400,10365854185,10365854185,10365854185,2300,1300000,30000000,4560000000,1
2021-08-27,DILD,Intiland Development Tbk.,--M-1135000000H111------------,152.0,0.0,153.0,149.0,151.0,-1.0,5995900,900136100,234,26.3,151,426400,150,416500,10365854185,10365854185,10365854185,0,2140000,45000,6840000,1
2021-08-26,DILD,Intiland Development Tbk.,--M-1135000000H111------------,153.0,0.0,154.0,150.0,152.0,-1.0,4964000,751524100,264,26.5,152,133800,150,564600,10365854185,10365854185,10365854185,0,1313100,0,0,0
2021-08-25,DILD,Intiland Development Tbk.,--M-1135000000H111------------,153.0,0.0,154.0,151.0,153.0,0.0,3198600,488944600,240,26.7,153,738200,152,774800,10365854185,10365854185,10365854185,0,0,0,0,0
2021-08-24,DILD,Intiland Development Tbk.,--M-1135000000H111------------,154.0,0.0,155.0,152.0,153.0,-1.0,6307400,968121200,237,26.7,154,32700,153,235500,10365854185,10365854185,10365854185,0,0,0,0,0
2021-08-23,DILD,Intiland Development Tbk.,--M-1135000000H111------------,150.0,0.0,156.0,149.0,154.0,4.0,5183200,795857000,320,26.8,155,24300,154,644000,10365854185,10365854185,10365854185,0,100000,0,0,0
2021-08-20,DILD,Intiland Development Tbk.,--M-1135000000H111------------,150.0,0.0,151.0,145.0,150.0,0.0,7478100,1105828400,461,26.1,150,880000,149,50000,10365854185,10365854185,10365854185,100,60000,168978321,32803980644,54
2021-08-19,DILD,Intiland Development Tbk.,--M-1135000000H111------------,156.0,0.0,158.0,149.0,150.0,-6.0,9495500,1439242300,543,26.1,151,106000,150,130200,10365854185,10365854185,10365854185,1900,100,0,0,0
2021-08-18,DILD,Intiland Development Tbk.,--M-1135000000H111------------,156.0,0.0,159.0,156.0,156.0,0.0,4268600,669661200,354,27.2,158,287000,156,600200,10365854185,10365854185,10365854185,26800,10000,0,0,0
2021-08-16,DILD,Intiland Development Tbk.,--M-1135000000H111------------,161.0,0.0,161.0,156.0,156.0,-5.0,10817900,1693470000,375,27.2,157,10500,156,8000,10365854185,10365854185,10365854185,75100,0,0,0,0
2021-08-13,DILD,Intiland Development Tbk.,--M-1135000000H111------------,160.0,0.0,161.0,159.0,161.0,1.0,2171100,347878200,186,28.1,161,226000,160,33200,10365854185,10365854185,10365854185,0,57600,0,0,0
2021-08-12,DILD,Intiland Development Tbk.,--M-1135000000H111------------,161.0,0.0,162.0,159.0,160.0,-1.0,4977500,799049300,269,27.9,161,51000,160,85300,10365854185,10365854185,10365854185,44100,39000,299980700,63649505515,77
2021-08-10,DILD,Intiland Development Tbk.,--M-1135000000H111------------,162.0,0.0,163.0,160.0,161.0,-1.0,1793000,288591100,154,28.1,162,23000,161,68600,10365854185,10365854185,10365854185,104400,0,0,0,0
2021-08-09,DILD,Intiland Development Tbk.,--M-1135000000H111------------,163.0,0.0,164.0,160.0,162.0,-1.0,5018300,812847900,287,28.2,162,1400,161,202500,10365854185,10365854185,10365854185,53400,16300,0,0,0
2021-08-06,DILD,Intiland Development Tbk.,--M-1135000000H111------------,167.0,0.0,169.0,160.0,163.0,-4.0,6477200,1050110500,424,28.4,163,321100,162,150000,10365854185,10365854185,10365854185,7300,35500,0,0,0
2021-08-05,DILD,Intiland Development Tbk.,--M-1135000000H111------------,166.0,0.0,167.0,163.0,167.0,1.0,3678400,605418000,330,29.1,167,613700,166,11600,10365854185,10365854185,10365854185,0,43300,0,0,0
2021-08-04,DILD,Intiland Development Tbk.,--M-1135000000H111------------,163.0,0.0,167.0,164.0,166.0,3.0,2136600,352285500,236,28.9,166,214100,165,10000,10365854185,10365854185,10365854185,0,145800,0,0,0
2021-08-03,DILD,Intiland Development Tbk.,--M-1135000000H111------------,162.0,0.0,163.0,160.0,163.0,1.0,3663900,591131800,348,28.4,164,12100,163,137700,10365854185,10365854185,10365854185,0,238000,0,0,0
2021-08-02,DILD,Intiland Development Tbk.,--M-1135000000H111------------,163.0,0.0,163.0,160.0,162.0,-1.0,1991200,320871400,224,28.2,162,35200,161,198800,10365854185,10365854185,10365854185,24600,0,0,0,0
2021-07-30,DILD,Intiland Development Tbk.,--M-1135000000H111------------,163.0,0.0,165.0,162.0,163.0,0.0,2091800,341524700,218,28.4,163,149500,162,325700,10365854185,10365854185,10365854185,137100,0,0,0,0
2021-07-29,DILD,Intiland Development Tbk.,--M-1135000000H111------------,163.0,0.0,164.0,161.0,163.0,0.0,3428000,557188200,251,28.4,164,131300,163,314000,10365854185,10365854185,10365854185,0,3800,0,0,0
2021-07-28,DILD,Intiland Development Tbk.,--M-1135000000H111------------,167.0,0.0,167.0,162.0,163.0,-4.0,6161400,1009723900,388,28.4,163,485800,162,619600,10365854185,10365854185,10365854185,41300,30000,0,0,0
2021-07-27,DILD,Intiland Development Tbk.,--M-1135000000H111------------,168.0,0.0,169.0,166.0,167.0,-1.0,2695600,451362600,195,29.1,168,61200,167,35300,10365854185,10365854185,10365854185,53300,0,0,0,0
2021-07-26,DILD,Intiland Development Tbk.,--M-1135000000H111------------,171.0,0.0,172.0,168.0,168.0,-3.0,1844700,310854500,193,29.3,169,45800,168,361200,10365854185,10365854185,10365854185,160400,0,0,0,0
2021-07-23,DILD,Intiland Development Tbk.,--M-1135000000H111------------,171.0,0.0,171.0,169.0,171.0,0.0,1459400,247416900,167,29.8,171,537200,170,41200,10365854185,10365854185,10365854185,11200,0,0,0,0
2021-07-22,DILD,Intiland Development Tbk.,--M-1135000000H111------------,168.0,0.0,171.0,168.0,171.0,3.0,2604200,442342800,207,29.8,171,32200,170,221600,10365854185,10365854185,10365854185,0,113500,7038732,1537209925,6
2021-07-21,DILD,Intiland Development Tbk.,--M-1135000000H111------------,168.0,0.0,170.0,166.0,168.0,0.0,3478100,585164300,224,29.3,169,188700,168,34900,10365854185,10365854185,10365854185,800,24000,0,0,0
2021-07-19,DILD,Intiland Development Tbk.,--M-1135000000H111------------,170.0,0.0,170.0,166.0,168.0,-2.0,748400,125755700,105,29.3,168,475700,167,439000,10365854185,10365854185,10365854185,200,0,0,0,0
2021-07-16,DILD,Intiland Development Tbk.,--M-1135000000H111------------,170.0,0.0,171.0,166.0,170.0,0.0,4711300,792736500,270,29.6,170,101900,169,10400,10365854185,10365854185,10365854185,0,13500,0,0,0
2021-07-15,DILD,Intiland Development Tbk.,--M-1135000000H111------------,169.0,0.0,170.0,161.0,170.0,1.0,7441400,1226652900,346,29.6,170,13500,168,50600,10365854185,10365854185,10365854185,0,0,0,0,0
2021-07-14,DILD,Intiland Development Tbk.,--M-1135000000H111------------,172.0,0.0,172.0,166.0,169.0,-3.0,4515300,760974400,307,29.4,169,186600,168,22300,10365854185,10365854185,10365854185,1400,0,167728047,37277533744,48
2021-07-13,DILD,Intiland Development Tbk.,--M-1135000000H111------------,172.0,0.0,175.0,171.0,172.0,0.0,10069500,1741089100,296,30.0,172,27200,171,164400,10365854185,10365854185,10365854185,197700,875100,0,0,0
2021-07-12,DILD,Intiland Development Tbk.,--M-1135000000H111------------,174.0,0.0,174.0,172.0,172.0,-2.0,3746500,647085300,171,30.0,173,72700,172,297000,10365854185,10365854185,10365854185,83800,0,0,0,0
2021-07-09,DILD,Intiland Development Tbk.,--M-1135000000H111------------,174.0,0.0,175.0,173.0,174.0,0.0,2365600,411096200,150,30.3,175,280400,174,20300,10365854185,10365854185,10365854185,120400,0,0,0,0
2021-07-08,DILD,Intiland Development Tbk.,--M-1135000000H111------------,173.0,0.0,175.0,173.0,174.0,1.0,3834600,666771800,288,30.3,175,285800,174,905900,10365854185,10365854185,10365854185,0,25600,0,0,0
2021-07-07,DILD,Intiland Development Tbk.,--M-1135000000H111------------,178.0,0.0,178.0,172.0,173.0,-5.0,9901100,1720701100,524,30.1,174,242500,173,816200,10365854185,10365854185,10365854185,1115200,73300,0,0,0
2021-07-06,DILD,Intiland Development Tbk.,--M-1135000000H111------------,176.0,0.0,178.0,175.0,178.0,2.0,1949600,344356500,206,31.0,179,133100,178,5400,10365854185,10365854185,10365854185,0,12200,0,0,0
2021-07-05,DILD,Intiland Development Tbk.,--M-1135000000H111------------,179.0,0.0,183.0,175.0,176.0,-3.0,6137200,1088230300,427,30.7,178,145700,176,330900,10365854185,10365854185,10365854185,57300,125300,0,0,0
2021-07-02,DILD,Intiland Development Tbk.,--M-1135000000H111------------,178.0,0.0,181.0,176.0,179.0,1.0,1749100,312362300,187,31.2,180,451200,179,155500,10365854185,10365854185,10365854185,13500,76000,0,0,0
2021-07-01,DILD,Intiland Development Tbk.,--M-1135000000H111------------,179.0,0.0,180.0,176.0,178.0,-1.0,2194200,390415900,253,31.0,178,555000,177,230800,10365854185,10365854185,10365854185,0,114800,4596100,808913600,1
2021-06-30,DILD,Intiland Development Tbk.,--M-1135000000H111------------,178.0,0.0,181.0,175.0,179.0,1.0,2805700,498689600,340,31.2,179,98500,178,30100,10365854185,10365854185,10365854185,959900,34100,0,0,0
2021-06-29,DILD,Intiland Development Tbk.,--M-1135000000H111------------,176.0,0.0,186.0,175.0,178.0,2.0,14169600,2559989300,665,31.0,179,40300,178,33300,10365854185,10365854185,10365854185,903800,61600,0,0,0
2021-06-28,DILD,Intiland Development Tbk.,--M-1135000000H111------------,184.0,0.0,188.0,172.0,176.0,-8.0,9581400,1696843600,700,30.7,176,1129100,175,417800,10365854185,10365854185,10365854185,28000,0,22,4114,1
2021-06-25,DILD,Intiland Development Tbk.,--M-1135000000H111------------,188.0,0.0,191.0,183.0,184.0,-4.0,4440400,824531700,315,32.1,186,254600,184,103600,10365854185,10365854185,10365854185,796400,28000,0,0,0
2021-06-24,DILD,Intiland Development Tbk.,--M-1135000000H111------------,185.0,0.0,193.0,183.0,188.0,3.0,9018400,1700504400,628,32.8,189,193300,188,243600,10365854185,10365854185,10365854185,1093800,77300,0,0,0
2021-06-23,DILD,Intiland Development Tbk.,--M-1135000000H111------------,188.0,0.0,191.0,183.0,185.0,-3.0,8811300,1651603700,502,32.2,188,52000,185,35100,10365854185,10365854185,10365854185,149500,183200,0,0,0
2021-06-22,DILD,Intiland Development Tbk.,--M-1135000000H111------------,183.0,0.0,189.0,184.0,188.0,5.0,4949700,925465500,322,32.8,189,243500,188,110100,10365854185,10365854185,10365854185,999300,64300,0,0,0
2021-06-21,DILD,Intiland Development Tbk.,--M-1135000000H111------------,185.0,0.0,185.0,180.0,183.0,-2.0,9488900,1721105600,454,31.9,184,312300,183,303200,10365854185,10365854185,10365854185,0,122500,0,0,0
2021-06-18,DILD,Intiland Development Tbk.,--M-1135000000H111------------,193.0,0.0,194.0,183.0,185.0,-8.0,14939500,2802608000,790,32.2,186,20000,185,291300,10365854185,10365854185,10365854185,601600,59200,0,0,0
2021-06-17,DILD,Intiland Development Tbk.,--M-1135000000H111------------,192.0,0.0,193.0,190.0,193.0,1.0,5386600,1030501300,336,33.6,193,700900,192,35400,10365854185,10365854185,10365854185,284500,0,0,0,0
2021-06-16,DILD,Intiland Development Tbk.,--M-1135000000H111------------,193.0,0.0,195.0,190.0,192.0,-1.0,8117800,1558651500,591,33.5,194,143700,192,104700,10365854185,10365854185,10365854185,278400,28800,0,0,0
2021-06-15,DILD,Intiland Development Tbk.,--M-1135000000H111------------,192.0,0.0,198.0,192.0,193.0,1.0,13450400,2619701500,1003,33.6,194,164500,193,3000,10365854185,10365854185,10365854185,1043900,24900,170276367,40447201273,68
2021-06-14,DILD,Intiland Development Tbk.,--M-1135000000H111------------,199.0,0.0,210.0,192.0,192.0,-7.0,81427900,16398141400,3802,33.5,194,32500,192,1135100,10365854185,10365854185,10365854185,3578400,863500,0,0,0
2021-06-11,DILD,Intiland Development Tbk.,--M-1135000000H111------------,196.0,0.0,199.0,196.0,199.0,3.0,6977200,1381001700,658,34.7,200,554700,199,16800,10365854185,10365854185,10365854185,50100,570100,0,0,0
2021-06-10,DILD,Intiland Development Tbk.,--M-1135000000H111------------,194.0,0.0,204.0,194.0,196.0,2.0,16466000,3273203700,1149,34.2,197,2300,196,693200,10365854185,10365854185,10365854185,104400,1468500,251771240,62520200257,58
2021-06-09,DILD,Intiland Development Tbk.,--M-1135000000H111------------,193.0,0.0,195.0,193.0,194.0,1.0,4750400,922595800,387,33.8,194,502400,193,1717800,10365854185,10365854185,10365854185,3000,644400,0,0,0
2021-06-08,DILD,Intiland Development Tbk.,--M-1135000000H111------------,193.0,0.0,195.0,192.0,193.0,0.0,7267200,1402471600,467,33.6,193,349500,192,1405600,10365854185,10365854185,10365854185,182000,893400,193875500,38775100000,2
2021-06-07,DILD,Intiland Development Tbk.,--M-1135000000H111------------,194.0,0.0,196.0,192.0,193.0,-1.0,4240900,819567000,444,33.6,194,105300,193,139300,10365854185,10365854185,10365854185,120500,328200,233124500,48094900000,8
2021-06-04,DILD,Intiland Development Tbk.,--M-1135000000H111------------,196.0,0.0,197.0,191.0,194.0,-2.0,7390300,1432393100,546,33.8,195,102000,193,429900,10365854185,10365854185,10365854185,48900,167600,0,0,0
2021-06-03,DILD,Intiland Development Tbk.,--M-1135000000H111------------,194.0,0.0,198.0,193.0,196.0,2.0,9597400,1879458800,671,34.2,196,168200,195,1352800,10365854185,10365854185,10365854185,77500,306000,0,0,0
2021-06-02,DILD,Intiland Development Tbk.,--M-1135000000H111------------,193.0,0.0,206.0,193.0,194.0,1.0,49426900,9843980900,2810,33.8,195,99600,194,660300,10365854185,10365854185,10365854185,47500,105800,84000000,17640000000,2
2021-05-31,DILD,Intiland Development Tbk.,--M-1135000000H111------------,191.0,0.0,193.0,189.0,193.0,2.0,9831900,1880240700,455,33.6,193,977200,192,41300,10365854185,10365854185,10365854185,870100,244000,0,0,0
2021-05-28,DILD,Intiland Development Tbk.,--M-1135000000H111------------,190.0,0.0,193.0,188.0,191.0,1.0,6022200,1143053500,357,33.3,192,589400,191,150200,10365854185,10365854185,10365854185,169900,119100,0,0,0
2021-05-27,DILD,Intiland Development Tbk.,--M-1135000000H111------------,188.0,0.0,193.0,186.0,190.0,2.0,10092200,1919511200,794,33.1,190,16600,189,356200,10365854185,10365854185,10365854185,0,470200,0,0,0
2021-05-25,DILD,Intiland Development Tbk.,--M-1135000000H111------------,189.0,0.0,192.0,188.0,188.0,-1.0,9055700,1715760600,471,32.8,189,90000,188,385500,10365854185,10365854185,10365854185,90800,0,95633300,24607688698,29
2021-05-24,DILD,Intiland Development Tbk.,--M-1135000000H111------------,185.0,0.0,192.0,187.0,189.0,4.0,24659500,4680437500,1046,32.9,190,1055300,189,401700,10365854185,10365854185,10365854185,78200,294700,0,0,0
2021-05-22,DILD,Intiland Development Tbk.,--M-1135000000H111------------,185.0,0.0,194.0,184.0,194.0,9.0,29500,5697100,17,33.8,0,0,0,0,10365854185,10365854185,10365854185,0,0,2400,732000,2
2021-05-21,DILD,Intiland Development Tbk.,--M-1135000000H111------------,184.0,0.0,192.0,181.0,185.0,1.0,13304600,2476575000,1102,32.2,185,864900,184,551300,10365854185,10365854185,10365854185,621800,0,0,0,0
2021-05-20,DILD,Intiland Development Tbk.,--M-1135000000H111------------,189.0,0.0,208.0,179.0,184.0,-5.0,140613600,27165261700,6878,32.1,185,71500,184,343000,10365854185,10365854185,10365854185,421400,116200,138215153,31022141701,53
2021-05-19,DILD,Intiland Development Tbk.,--M-1135000000H111------------,179.0,0.0,192.0,175.0,189.0,10.0,22794000,4233464300,997,32.9,189,33900,188,23800,10365854185,10365854185,10365854185,594500,146500,0,0,0
2021-05-18,DILD,Intiland Development Tbk.,--M-1135000000H111------------,180.0,0.0,180.0,174.0,179.0,-1.0,2291300,407745100,254,31.2,180,368700,179,102600,10365854185,10365854185,10365854185,96500,2100,0,0,0
2021-05-17,DILD,Intiland Development Tbk.,--M-1135000000H111------------,185.0,0.0,185.0,179.0,180.0,-5.0,2982600,539044200,306,31.4,180,548100,179,713600,10365854185,10365854185,10365854185,271200,0,0,0,0
2021-05-11,DILD,Intiland Development Tbk.,--M-1135000000H111------------,185.0,0.0,186.0,182.0,185.0,0.0,7958400,1458777000,236,32.2,185,115300,184,357100,10365854185,10365854185,10365854185,11500,41400,0,0,0
2021-05-10,DILD,Intiland Development Tbk.,--M-1135000000H111------------,184.0,0.0,187.0,184.0,185.0,1.0,3143300,584392000,394,32.2,186,73100,185,368400,10365854185,10365854185,10365854185,42800,152600,0,0,0
2021-05-07,DILD,Intiland Development Tbk.,--M-1135000000H111------------,187.0,0.0,189.0,183.0,184.0,-3.0,2336600,431683700,255,32.1,184,21600,183,721700,10365854185,10365854185,10365854185,26500,0,0,0,0
2021-05-06,DILD,Intiland Development Tbk.,--M-1135000000H111------------,187.0,0.0,189.0,183.0,187.0,0.0,7312700,1353579100,419,32.6,187,107300,186,111600,10365854185,10365854185,10365854185,0,237000,0,0,0
2021-05-05,DILD,Intiland Development Tbk.,--M-1135000000H111------------,190.0,0.0,191.0,187.0,187.0,-3.0,7628000,1440739400,347,32.6,187,451000,186,213600,10365854185,10365854185,10365854185,1750600,0,0,0,0
2021-05-04,DILD,Intiland Development Tbk.,--M-1135000000H111------------,190.0,0.0,193.0,188.0,190.0,0.0,5024000,953993900,485,33.1,191,79600,190,129900,10365854185,10365854185,10365854185,199200,0,2082291,512481050,2
2021-05-03,DILD,Intiland Development Tbk.,--M-1135000000H111------------,183.0,0.0,193.0,181.0,190.0,7.0,18319300,3441950800,1035,33.1,191,716200,190,203300,10365854185,10365854185,10365854185,35800,76600,11357953,3076367976,4
2021-04-30,DILD,Intiland Development Tbk.,--M-1135000000H111------------,179.0,0.0,186.0,180.0,183.0,4.0,9748500,1775317600,630,31.9,184,17000,183,508300,10365854185,10365854185,10365854185,0,274800,0,0,0
2021-04-29,DILD,Intiland Development Tbk.,--M-1135000000H111------------,176.0,0.0,180.0,176.0,179.0,3.0,6880700,1226881000,379,31.2,180,812800,179,1727200,10365854185,10365854185,10365854185,0,395100,0,0,0
2021-04-28,DILD,Intiland Development Tbk.,--M-1135000000H111------------,176.0,0.0,178.0,175.0,176.0,0.0,4439500,780705900,290,30.7,176,1132400,175,760700,10365854185,10365854185,10365854185,0,349600,0,0,0
2021-04-27,DILD,Intiland Development Tbk.,--M-1135000000H111------------,179.0,0.0,180.0,173.0,176.0,-3.0,15019100,2627287400,620,30.7,176,2800,175,310000,10365854185,10365854185,10365854185,2075500,70000,0,0,0
2021-04-26,DILD,Intiland Development Tbk.,--M-1135000000H111------------,182.0,0.0,183.0,178.0,179.0,-3.0,6414400,1154310900,459,31.2,180,869400,179,152300,10365854185,10365854185,10365854185,1992300,0,0,0,0
2021-04-23,DILD,Intiland Development Tbk.,--M-1135000000H111------------,185.0,0.0,186.0,181.0,182.0,-3.0,8297700,1514051600,489,31.7,183,18600,182,313700,10365854185,10365854185,10365854185,2230900,0,0,0,0
2021-04-22,DILD,Intiland Development Tbk.,--M-1135000000H111------------,187.0,0.0,190.0,184.0,185.0,-2.0,5834200,1084404400,303,32.2,186,776100,185,49800,10365854185,10365854185,10365854185,2147300,0,16423708,3498249804,7
2021-04-21,DILD,Intiland Development Tbk.,--M-1135000000H111------------,188.0,0.0,188.0,185.0,187.0,-1.0,2230200,415358000,242,32.6,187,490500,186,70000,10365854185,10365854185,10365854185,211600,0,0,0,0
2021-04-20,DILD,Intiland Development Tbk.,--M-1135000000H111------------,187.0,0.0,189.0,184.0,188.0,1.0,3422600,638390000,280,32.8,188,171100,187,600,10365854185,10365854185,10365854185,1912500,0,0,0,0
2021-04-19,DILD,Intiland Development Tbk.,--M-1135000000H111------------,186.0,0.0,189.0,185.0,187.0,1.0,2001800,373917000,187,32.6,188,247800,187,200200,10365854185,10365854185,10365854185,76300,0,0,0,0
2021-04-16,DILD,Intiland Development Tbk.,--M-1135000000H111------------,187.0,0.0,190.0,184.0,186.0,-1.0,1941700,363356400,241,32.4,187,580700,186,358600,10365854185,10365854185,10365854185,85700,0,0,0,0
2021-04-15,DILD,Intiland Development Tbk.,--M-1135000000H111------------,187.0,0.0,189.0,186.0,187.0,0.0,2156600,402951500,175,32.6,188,76700,187,33300,10365854185,10365854185,10365854185,52800,0,1601762,511987159,2
2021-04-14,DILD,Intiland Development Tbk.,--M-1135000000H111------------,184.0,0.0,189.0,185.0,187.0,3.0,2979000,556536600,298,32.6,188,118000,187,10200,10365854185,10365854185,10365854185,214800,0,0,0,0
2021-04-13,DILD,Intiland Development Tbk.,--M-1135000000H111------------,191.0,0.0,192.0,181.0,184.0,-7.0,8279700,1532501500,568,32.1,184,41900,183,578100,10365854185,10365854185,10365854185,1756500,0,0,0,0
2021-04-12,DILD,Intiland Development Tbk.,--M-1135000000H111------------,194.0,0.0,194.0,188.0,191.0,-3.0,5036600,959324500,334,33.3,191,182700,190,49500,10365854185,10365854185,10365854185,490200,0,80500548,20247227441,3
2021-04-09,DILD,Intiland Development Tbk.,--M-1135000000H111------------,196.0,0.0,197.0,193.0,194.0,-2.0,4364300,850922500,319,33.8,194,591600,193,686400,10365854185,10365854185,10365854185,541000,216200,0,0,0
2021-04-08,DILD,Intiland Development Tbk.,--M-1135000000H111------------,192.0,0.0,197.0,191.0,196.0,4.0,3955200,770518500,370,34.2,196,393300,195,67600,10365854185,10365854185,10365854185,794200,0,0,0,0
2021-04-07,DILD,Intiland Development Tbk.,--M-1135000000H111------------,190.0,0.0,194.0,187.0,192.0,2.0,3882600,733921900,341,33.5,192,163500,191,152400,10365854185,10365854185,10365854185,4500,482500,0,0,0
2021-04-06,DILD,Intiland Development Tbk.,--M-1135000000H111------------,187.0,0.0,192.0,183.0,190.0,3.0,8101900,1518260900,611,33.1,191,203800,190,2700,10365854185,10365854185,10365854185,2407600,1428000,100000,19300000,1
2021-04-05,DILD,Intiland Development Tbk.,--M-1135000000H111------------,189.0,0.0,193.0,186.0,187.0,-2.0,6534400,1228923300,393,32.6,188,761600,186,1299300,10365854185,10365854185,10365854185,934700,341700,90800253,22533443683,52
2021-04-01,DILD,Intiland Development Tbk.,--M-1135000000H111------------,192.0,0.0,198.0,186.0,189.0,-3.0,11506300,2170457100,623,32.9,189,401500,188,395400,10365854185,10365854185,10365854185,4757700,292600,0,0,0
2021-03-31,DILD,Intiland Development Tbk.,--M-1135000000H111------------,196.0,0.0,198.0,189.0,192.0,-4.0,9252200,1777529300,731,33.5,193,137400,192,35900,10365854185,10365854185,10365854185,361300,204400,0,0,0
2021-03-30,DILD,Intiland Development Tbk.,--M-1135000000H111------------,202.0,0.0,202.0,196.0,196.0,-6.0,5524500,1092042800,472,34.2,197,12500,196,68300,10365854185,10365854185,10365854185,374700,157900,75598533,19871588224,39
2021-03-29,DILD,Intiland Development Tbk.,--M-1135000000H111------------,200.0,0.0,204.0,200.0,202.0,2.0,2520600,508076400,257,35.2,202,155000,200,284700,10365854185,10365854185,10365854185,127400,31800,0,0,0
2021-03-26,DILD,Intiland Development Tbk.,--M-1135000000H111------------,200.0,0.0,202.0,199.0,200.0,0.0,4786400,957656600,344,34.9,202,83800,200,261500,10365854185,10365854185,10365854185,1106400,100000,0,0,0
2021-03-25,DILD,Intiland Development Tbk.,--M-1135000000H111------------,202.0,0.0,204.0,196.0,200.0,-2.0,11778800,2333189000,746,34.9,202,331200,200,203400,10365854185,10365854185,10365854185,1554300,100,60069116,15811919280,23
2021-03-24,DILD,Intiland Development Tbk.,--M-1135000000H111------------,206.0,0.0,206.0,200.0,202.0,-4.0,8139000,1649887800,504,35.2,202,353000,200,3920500,10365854185,10365854185,10365854185,1854200,100,0,0,0
2021-03-23,DILD,Intiland Development Tbk.,--M-1135000000H111------------,210.0,0.0,212.0,206.0,206.0,-4.0,9851000,2039783200,451,35.9,206,786600,204,1010900,10365854185,10365854185,10365854185,819800,36000,0,0,0
2021-03-22,DILD,Intiland Development Tbk.,--M-1135000000H111------------,206.0,0.0,212.0,206.0,210.0,4.0,9368200,1950540600,624,36.6,210,2352900,208,103600,10365854185,10365854185,10365854185,3233100,958200,107168000,28079525108,43
2021-03-19,DILD,Intiland Development Tbk.,--M-1135000000H111------------,208.0,0.0,210.0,206.0,206.0,-2.0,2921900,607067400,184,35.9,208,1125000,206,2568100,10365854185,10365854185,10365854185,276200,103200,800000,160000000,1
2021-03-18,DILD,Intiland Development Tbk.,--M-1135000000H111------------,206.0,0.0,210.0,206.0,208.0,2.0,3304200,685933200,236,36.2,208,2059600,206,4849300,10365854185,10365854185,10365854185,50000,326700,0,0,0
2021-03-17,DILD,Intiland Development Tbk.,--M-1135000000H111------------,208.0,0.0,210.0,204.0,206.0,-2.0,6412700,1326477800,265,35.9,208,325800,206,1300100,10365854185,10365854185,10365854185,39700,389200,63686000,16731716581,31
2021-03-16,DILD,Intiland Development Tbk.,--M-1135000000H111------------,210.0,0.0,212.0,206.0,208.0,-2.0,5204900,1085021800,327,36.2,208,163000,206,1462700,10365854185,10365854185,10365854185,909000,286000,0,0,0
2021-03-15,DILD,Intiland Development Tbk.,--M-1135000000H111------------,210.0,0.0,214.0,206.0,210.0,0.0,8136400,1696186400,535,36.6,210,1218700,208,599500,10365854185,10365854185,10365854185,1904800,1087900,117443800,30412426598,37
2021-03-12,DILD,Intiland Development Tbk.,--M-1135000000H111------------,204.0,0.0,212.0,204.0,210.0,6.0,14187700,2967063200,800,36.6,212,945700,210,466400,10365854185,10365854185,10365854185,10100,217500,194637100,50070705518,62
2021-03-10,DILD,Intiland Development Tbk.,--M-1135000000H111------------,202.0,0.0,208.0,200.0,204.0,2.0,7934400,1629482400,512,35.5,204,228400,202,459500,10365854185,10365854185,10365854185,1475500,100,0,0,0
2021-03-09,DILD,Intiland Development Tbk.,--M-1135000000H111------------,204.0,0.0,206.0,200.0,202.0,-2.0,6982100,1414571000,311,35.2,204,81300,202,10500,10365854185,10365854185,10365854185,1313000,537000,0,0,0
2021-03-08,DILD,Intiland Development Tbk.,--M-1135000000H111------------,202.0,0.0,206.0,200.0,204.0,2.0,6204300,1255566800,451,35.5,204,1006100,202,290500,10365854185,10365854185,10365854185,1381200,295400,137986503,35639200763,59
2021-03-05,DILD,Intiland Development Tbk.,--M-1135000000H111------------,204.0,0.0,204.0,200.0,202.0,-2.0,9710500,1957011800,526,35.2,204,880000,202,1159700,10365854185,10365854185,10365854185,355500,1276700,0,0,0
2021-03-04,DILD,Intiland Development Tbk.,--M-1135000000H111------------,208.0,0.0,208.0,202.0,204.0,-4.0,11444100,2341676000,698,35.5,206,106200,204,1627300,10365854185,10365854185,10365854185,1132100,1248600,0,0,0
2021-03-03,DILD,Intiland Development Tbk.,--M-1135000000H111------------,210.0,0.0,214.0,208.0,208.0,-2.0,8536200,1784759000,569,36.2,210,533400,208,589100,10365854185,10365854185,10365854185,1552800,4700,0,0,0
2021-03-02,DILD,Intiland Development Tbk.,--M-1135000000H111------------,214.0,0.0,220.0,210.0,210.0,-4.0,16754600,3584563200,935,36.6,212,467000,210,859000,10365854185,10365854185,10365854185,929900,738500,0,0,0
2021-03-01,DILD,Intiland Development Tbk.,--M-1135000000H111------------,206.0,0.0,224.0,204.0,214.0,8.0,57938200,12586143800,2160,37.3,216,473300,214,3519500,10365854185,10365854185,10365854185,5457800,1976400,0,0,0
2021-02-26,DILD,Intiland Development Tbk.,--M-1135000000H111------------,208.0,0.0,210.0,202.0,206.0,-2.0,13932300,2854703400,827,35.9,208,1409400,206,515900,10365854185,10365854185,10365854185,3987300,1818500,0,0,0
2021-02-25,DILD,Intiland Development Tbk.,--M-1135000000H111------------,210.0,0.0,212.0,206.0,208.0,-2.0,10604700,2217704800,636,36.2,210,1437400,208,1038600,10365854185,10365854185,10365854185,1526300,291000,0,0,0
2021-02-24,DILD,Intiland Development Tbk.,--M-1135000000H111------------,212.0,0.0,214.0,206.0,210.0,-2.0,24510000,5125350600,1298,36.6,210,153500,208,679300,10365854185,10365854185,10365854185,3856100,2281600,0,0,0
2021-02-23,DILD,Intiland Development Tbk.,--M-1135000000H111------------,218.0,0.0,220.0,212.0,212.0,-6.0,13514900,2914962600,683,36.9,214,315500,212,2762200,10365854185,10365854185,10365854185,2331900,0,0,0,0
2021-02-22,DILD,Intiland Development Tbk.,--M-1135000000H111------------,220.0,0.0,226.0,216.0,218.0,-2.0,12602400,2770198200,806,38.0,220,480200,218,292100,10365854185,10365854185,10365854185,1074000,1342500,0,0,0
2021-02-19,DILD,Intiland Development Tbk.,--M-1135000000H111------------,220.0,0.0,226.0,212.0,220.0,0.0,27703700,6125664000,1014,38.3,222,818700,220,431000,10365854185,10365854185,10365854185,3592300,2932600,0,0,0
2021-02-18,DILD,Intiland Development Tbk.,--M-1135000000H111------------,222.0,0.0,228.0,218.0,220.0,-2.0,23716200,5269389400,957,38.3,222,1528900,220,1179000,10365854185,10365854185,10365854185,4845200,1566500,0,0,0
2021-02-17,DILD,Intiland Development Tbk.,--M-1135000000H111------------,226.0,0.0,234.0,218.0,222.0,-4.0,44968800,10183310000,2130,38.7,224,1143700,222,376100,10365854185,10365854185,10365854185,7004800,2495100,0,0,0
2021-02-16,DILD,Intiland Development Tbk.,--M-1135000000H111------------,222.0,0.0,230.0,222.0,226.0,4.0,33611000,7604040800,1610,39.4,228,2802700,226,1308300,10365854185,10365854185,10365854185,2106400,1502000,0,0,0
2021-02-15,DILD,Intiland Development Tbk.,--M-1135000000H111------------,212.0,0.0,226.0,212.0,222.0,10.0,38826500,8576313800,1868,38.7,224,2646000,222,865700,10365854185,10365854185,10365854185,4378600,2690900,0,0,0
2021-02-11,DILD,Intiland Development Tbk.,--M-1135000000H111------------,214.0,0.0,216.0,210.0,212.0,-2.0,8694900,1849444800,626,36.9,214,485100,212,429900,10365854185,10365854185,10365854185,803600,375600,0,0,0
2021-02-10,DILD,Intiland Development Tbk.,--M-1135000000H111------------,212.0,0.0,220.0,210.0,214.0,2.0,13455700,2874604800,686,37.3,214,1197000,212,520500,10365854185,10365854185,10365854185,1613100,1196700,0,0,0
2021-02-09,DILD,Intiland Development Tbk.,--M-1135000000H111------------,216.0,0.0,228.0,210.0,212.0,-4.0,50796900,11185598200,3078,36.9,214,1000,212,578900,10365854185,10365854185,10365854185,5666900,2481400,0,0,0
2021-02-08,DILD,Intiland Development Tbk.,--M-1135000000H111------------,208.0,0.0,218.0,208.0,216.0,8.0,24160000,5145386800,1129,37.6,216,1069700,214,1308000,10365854185,10365854185,10365854185,2601100,5066300,0,0,0
2021-02-05,DILD,Intiland Development Tbk.,--M-1135000000H111------------,204.0,0.0,212.0,204.0,208.0,4.0,14431500,2998494000,684,36.2,210,684400,208,48400,10365854185,10365854185,10365854185,1787900,1191600,0,0,0
2021-02-04,DILD,Intiland Development Tbk.,--M-1135000000H111------------,212.0,0.0,216.0,200.0,204.0,-8.0,21391800,4434261800,1106,35.5,206,1471600,204,158800,10365854185,10365854185,10365854185,3543400,1818700,0,0,0
2021-02-03,DILD,Intiland Development Tbk.,--M-1135000000H111------------,208.0,0.0,216.0,206.0,212.0,4.0,23765800,5017677600,1032,36.9,214,514600,212,163900,10365854185,10365854185,10365854185,2957500,3095600,2082291,499749840,1
2021-02-02,DILD,Intiland Development Tbk.,--M-1135000000H111------------,210.0,0.0,220.0,204.0,208.0,-2.0,44611400,9471245800,2284,36.2,210,648900,206,437900,10365854185,10365854185,10365854185,8593300,3150600,0,0,0
2021-02-01,DILD,Intiland Development Tbk.,--M-1135000000H111------------,204.0,0.0,212.0,194.0,210.0,6.0,63654300,13022353200,2506,36.6,212,1905800,210,678300,10365854185,10365854185,10365854185,20766500,9825500,0,0,0
2021-01-29,DILD,Intiland Development Tbk.,--U-1135000000H111------------,195.0,0.0,206.0,188.0,204.0,9.0,33160700,6519900900,1452,35.5,206,1204100,204,3623000,10365854185,10365854185,10365854185,3752600,3639900,0,0,0
2021-01-28,DILD,Intiland Development Tbk.,--U-1135000000H111------------,204.0,0.0,208.0,190.0,195.0,-9.0,30935100,6036296200,1358,34.0,195,13400,194,21400,10365854185,10365854185,10365854185,5082400,12794000,0,0,0
2021-01-27,DILD,Intiland Development Tbk.,--U-1135000000H111------------,208.0,0.0,208.0,194.0,204.0,-4.0,42047500,8416291700,1498,35.5,206,246600,204,166800,10365854185,10365854185,10365854185,5371900,13073300,0,0,0
2021-01-26,DILD,Intiland Development Tbk.,--U-1135000000H111------------,218.0,0.0,222.0,204.0,208.0,-10.0,36561700,7692638200,1434,36.2,208,610600,206,1557900,10365854185,10365854185,10365854185,2704100,2600900,11357953,2998499592,2
2021-01-25,DILD,Intiland Development Tbk.,--U-1135000000H111------------,228.0,0.0,228.0,214.0,218.0,-10.0,49364300,10775035000,1488,38.0,220,964000,218,1194000,10365854185,10365854185,10365854185,12558400,6033700,3532100,854768200,1
2021-01-22,DILD,Intiland Development Tbk.,--U-113500000061--------------,238.0,0.0,240.0,224.0,228.0,-10.0,37364700,8552642800,1461,39.7,230,608100,228,638300,10365854185,10365854185,10365854185,5922400,3190900,0,0,0
2021-01-21,DILD,Intiland Development Tbk.,--U-113500000061--------------,234.0,0.0,248.0,236.0,238.0,4.0,40675400,9795006000,1778,41.5,240,1870500,238,542400,10365854185,10365854185,10365854185,3015800,7057200,0,0,0
2021-01-20,DILD,Intiland Development Tbk.,--U-113500000061--------------,228.0,0.0,236.0,222.0,234.0,6.0,30725500,7131870000,1346,40.8,236,1887300,234,5766000,10365854185,10365854185,10365854185,8709000,6225000,0,0,0
2021-01-19,DILD,Intiland Development Tbk.,--U-113500000061--------------,238.0,0.0,242.0,222.0,228.0,-10.0,60415400,13745345200,2884,39.7,230,1345300,228,5777400,10365854185,10365854185,10365854185,6349800,5983300,0,0,0
2021-01-18,DILD,Intiland Development Tbk.,--U-113500000061--------------,248.0,0.0,256.0,234.0,238.0,-10.0,56434900,13797536600,2622,41.5,240,1336600,238,496500,10365854185,10365854185,10365854185,7294700,5466900,0,0,0
2021-01-15,DILD,Intiland Development Tbk.,--U-113500000061--------------,256.0,0.0,262.0,246.0,248.0,-8.0,38791300,9715159600,2461,43.2,250,234300,248,3304300,10365854185,10365854185,10365854185,1389600,1593200,500000,141000000,1
2021-01-14,DILD,Intiland Development Tbk.,--U-113500000061--------------,260.0,0.0,268.0,254.0,256.0,-4.0,45172400,11745616800,2632,44.6,256,1190400,254,3789000,10365854185,10365854185,10365854185,2721100,1860400,4524276,1012601213,3
2021-01-13,DILD,Intiland Development Tbk.,--U-113500000061--------------,270.0,0.0,274.0,254.0,260.0,-10.0,64096300,16847739200,3751,45.3,260,1743100,258,4986900,10365854185,10365854185,10365854185,2869400,2637600,0,0,0
2021-01-12,DILD,Intiland Development Tbk.,--U-113500000061--------------,280.0,0.0,294.0,266.0,270.0,-10.0,166857800,46356354200,9914,47.0,272,3132400,270,4227800,10365854185,10365854185,10365854185,6361200,7215100,0,0,0
2021-01-11,DILD,Intiland Development Tbk.,--U-113500000061--------------,236.0,0.0,280.0,234.0,280.0,44.0,492229000,131000558800,18979,48.8,282,4484500,280,16115900,10365854185,10365854185,10365854185,13464500,13433700,94300539,20275900551,3
2021-01-08,DILD,Intiland Development Tbk.,--U-113500000061--------------,246.0,0.0,256.0,232.0,236.0,-10.0,104659000,25228361000,4518,41.1,236,508900,234,2081700,10365854185,10365854185,10365854185,12634600,1502200,3889104,999499728,2
2021-01-07,DILD,Intiland Development Tbk.,--U-113500000061--------------,222.0,0.0,260.0,224.0,246.0,24.0,384074700,94584472600,9657,42.9,248,2457000,246,14345700,10365854185,10365854185,10365854185,16286300,19167200,0,0,0
2021-01-06,DILD,Intiland Development Tbk.,--U-113500000061--------------,226.0,0.0,232.0,214.0,222.0,-4.0,22670200,5054128800,1202,38.7,222,227700,220,1439800,10365854185,10365854185,10365854185,4450700,1289000,29556608,6279659426,15
2021-01-05,DILD,Intiland Development Tbk.,--U-113500000061--------------,222.0,0.0,234.0,222.0,226.0,4.0,45033200,10299201200,1190,39.4,228,451600,226,887200,10365854185,10365854185,10365854185,6355400,14211800,0,0,0
2021-01-04,DILD,Intiland Development Tbk.,--U-113500000061--------------,220.0,0.0,230.0,210.0,222.0,2.0,29359300,6478325000,1392,38.7,224,758600,222,2569400,10365854185,10365854185,10365854185,2849500,2984600,59329087,13875886254,31
2020-12-30,DILD,Intiland Development Tbk.,--U-113500000061--------------,232.0,0.0,236.0,220.0,220.0,-12.0,47399900,10645487800,1656,38.3,222,560000,220,17300,10365854185,10365854185,10365854185,3858200,994900,0,0,0
2020-12-29,DILD,Intiland Development Tbk.,--U-113500000061--------------,244.0,0.0,248.0,230.0,232.0,-12.0,52362700,12438517200,2166,40.4,234,217500,232,1734500,10365854185,10365854185,10365854185,6705800,1037900,0,0,0
2020-12-28,DILD,Intiland Development Tbk.,--U-113500000061--------------,246.0,0.0,256.0,238.0,244.0,-2.0,33370100,8140112000,1538,42.5,246,1673300,244,129800,10365854185,10365854185,10365854185,228100,1171200,0,0,0
2020-12-23,DILD,Intiland Development Tbk.,--U-113500000061--------------,246.0,0.0,262.0,230.0,246.0,0.0,96330300,23548874600,3264,42.9,248,214700,246,1396000,10365854185,10365854185,10365854185,5538400,4512500,53176464,13662724674,22
2020-12-22,DILD,Intiland Development Tbk.,--U-113500000061--------------,250.0,0.0,282.0,242.0,246.0,-4.0,287027400,75181160000,11405,42.9,248,326100,246,2329100,10365854185,10365854185,10365854185,10489700,17539600,65941463,15759414487,18
2020-12-21,DILD,Intiland Development Tbk.,--U-113500000061--------------,228.0,0.0,262.0,228.0,250.0,22.0,241056800,59695727200,8541,43.6,250,1088100,248,3069000,10365854185,10365854185,10365854185,10753400,10957000,254497000,94345647800,26
2020-12-18,DILD,Intiland Development Tbk.,--U-113500000061--------------,224.0,0.0,232.0,224.0,228.0,4.0,78628300,17961335600,2411,39.7,230,6058500,228,3714000,10365854185,10365854185,10365854185,1032000,2367100,0,0,0
2020-12-17,DILD,Intiland Development Tbk.,--U-113500000061--------------,220.0,0.0,232.0,218.0,224.0,4.0,95411100,21519758600,2666,39.0,224,3160300,222,683400,10365854185,10365854185,10365854185,7672700,4148700,235208200,67098017314,28
2020-12-16,DILD,Intiland Development Tbk.,--U-113500000061--------------,222.0,0.0,228.0,220.0,220.0,-2.0,39350700,8754403800,1632,38.3,222,1327800,220,3392400,10365854185,10365854185,10365854185,4003800,1694600,172206200,64911733100,5
2020-12-15,DILD,Intiland Development Tbk.,--U-113500000061--------------,224.0,0.0,228.0,212.0,222.0,-2.0,43343400,9548344000,1886,38.7,222,1529300,220,836700,10365854185,10365854185,10365854185,4295400,2319700,355717450,108946875912,56
2020-12-14,DILD,Intiland Development Tbk.,--U-113500000061--------------,224.0,0.0,230.0,222.0,224.0,0.0,28951000,6514429200,1111,39.0,226,5848100,224,609300,10365854185,10365854185,10365854185,2083000,161300,111260000,37184572100,5
2020-12-11,DILD,Intiland Development Tbk.,--U-113500000061--------------,228.0,0.0,238.0,222.0,224.0,-4.0,51931400,11760225200,1932,39.0,226,883100,224,680700,10365854185,10365854185,10365854185,2645400,1496400,471283699,145500058899,71
2020-12-10,DILD,Intiland Development Tbk.,--U-113500000061--------------,222.0,0.0,240.0,222.0,228.0,6.0,159116700,36282096200,4716,39.7,230,3427200,228,4344300,10365854185,10365854185,10365854185,14464200,3117400,410537491,129751984608,43
2020-12-08,DILD,Intiland Development Tbk.,--U-113500000061--------------,226.0,0.0,228.0,222.0,222.0,-4.0,31362900,7018770600,1260,38.7,224,1221800,222,1322400,10365854185,10365854185,10365854185,1278800,3162600,177925043,41773343508,62
2020-12-07,DILD,Intiland Development Tbk.,--U-113500000061--------------,220.0,0.0,236.0,224.0,226.0,6.0,77305400,17605611400,2269,39.4,228,4384100,226,226200,10365854185,10365854185,10365854185,2263000,6435700,0,0,0
2020-12-04,DILD,Intiland Development Tbk.,--U-113500000061--------------,228.0,0.0,228.0,218.0,220.0,-8.0,40188000,8906251000,1946,38.3,222,1994500,220,1069900,10365854185,10365854185,10365854185,2121900,15000,0,0,0
2020-12-03,DILD,Intiland Development Tbk.,--U-113500000061--------------,220.0,0.0,236.0,218.0,228.0,8.0,114928000,26178913000,4595,39.7,228,8540300,226,1168700,10365854185,10365854185,10365854185,1991300,3070800,0,0,0
2020-12-02,DILD,Intiland Development Tbk.,--U-113500000061--------------,214.0,0.0,224.0,214.0,220.0,6.0,55449200,12179110800,2539,38.3,220,2443000,218,2412800,10365854185,10365854185,10365854185,2929100,5296100,0,0,0
2020-12-01,DILD,Intiland Development Tbk.,--U-113500000061--------------,212.0,0.0,218.0,200.0,214.0,2.0,43663500,9142209600,2010,37.3,216,1825200,214,601400,10365854185,10365854185,10365854185,2726700,1590300,0,0,0
2020-11-30,DILD,Intiland Development Tbk.,--U-113500000061--------------,224.0,0.0,228.0,210.0,212.0,-12.0,57873300,12516976600,2540,36.9,212,343800,210,1175000,10365854185,10365854185,10365854185,1823900,3263600,0,0,0
2020-11-27,DILD,Intiland Development Tbk.,--U-113500000061--------------,226.0,0.0,230.0,218.0,224.0,-2.0,70496500,15800791600,3273,39.0,224,6084800,222,3256000,10365854185,10365854185,10365854185,843300,693300,0,0,0
2020-11-26,DILD,Intiland Development Tbk.,--U-113500000061--------------,210.0,0.0,228.0,208.0,226.0,16.0,102862300,22721140800,4145,39.4,226,4598700,224,3296700,10365854185,10365854185,10365854185,5562600,1472300,0,0,0
2020-11-25,DILD,Intiland Development Tbk.,--U-113500000061--------------,218.0,0.0,226.0,208.0,210.0,-8.0,86235800,18661850000,3014,36.6,212,753200,210,239100,10365854185,10365854185,10365854185,23419000,217600,98551700,33028450579,35
2020-11-24,DILD,Intiland Development Tbk.,--U-113500000061--------------,214.0,0.0,228.0,210.0,218.0,4.0,160023400,35454259800,6030,38.0,220,2082100,218,4593800,10365854185,10365854185,10365854185,27580000,13283500,0,0,0
2020-11-23,DILD,Intiland Development Tbk.,--U-113500000061--------------,202.0,0.0,240.0,198.0,214.0,12.0,338618800,73765384200,12016,37.3,216,183700,214,5914700,10365854185,10365854185,10365854185,64109100,4090400,9550200,1910040000,1
2020-11-20,DILD,Intiland Development Tbk.,--U-113500000061--------------,189.0,0.0,216.0,184.0,202.0,13.0,169682100,33914228300,6967,35.2,204,1455200,202,2664700,10365854185,10365854185,10365854185,1634600,2520000,0,0,0
2020-11-19,DILD,Intiland Development Tbk.,--U-113500000061--------------,165.0,0.0,191.0,165.0,189.0,24.0,201547900,36612126200,5571,32.9,189,809400,188,728500,10365854185,10365854185,10365854185,44594400,7937400,500000,87500000,1
2020-11-18,DILD,Intiland Development Tbk.,--U-113500000061--------------,163.0,0.0,170.0,162.0,165.0,2.0,36147400,5978401100,1349,28.8,166,131700,165,678300,10365854185,10365854185,10365854185,13785000,7723200,0,0,0
2020-11-17,DILD,Intiland Development Tbk.,--U-113500000061--------------,162.0,0.0,168.0,155.0,163.0,1.0,41836600,6888466400,1684,28.4,163,308600,162,1741500,10365854185,10365854185,10365854185,17312800,9848300,0,0,0
2020-11-16,DILD,Intiland Development Tbk.,--U-113500000061--------------,155.0,0.0,166.0,146.0,162.0,7.0,60531800,9776142500,2383,28.2,162,1158900,161,1473600,10365854185,10365854185,10365854185,30708400,3167000,0,0,0
2020-11-13,DILD,Intiland Development Tbk.,--U-113500000061--------------,155.0,0.0,156.0,153.0,155.0,0.0,48062000,7447065400,469,27.0,156,164100,155,2806100,10365854185,10365854185,10365854185,41730900,0,0,0,0
2020-11-12,DILD,Intiland Development Tbk.,--U-113500000061--------------,158.0,0.0,159.0,153.0,155.0,-3.0,16139600,2500788100,855,27.0,155,4545200,154,450800,10365854185,10365854185,10365854185,4157800,269400,0,0,0
2020-11-11,DILD,Intiland Development Tbk.,--U-113500000061--------------,160.0,0.0,160.0,157.0,158.0,-2.0,9246000,1464790000,606,27.5,158,1305000,157,762800,10365854185,10365854185,10365854185,1107900,834600,0,0,0
2020-11-10,DILD,Intiland Development Tbk.,--U-113500000061--------------,155.0,0.0,163.0,154.0,160.0,5.0,33417700,5261328100,1099,27.9,160,7076800,159,281400,10365854185,10365854185,10365854185,12084100,1381000,0,0,0
2020-11-09,DILD,Intiland Development Tbk.,--U-113500000061--------------,155.0,0.0,155.0,154.0,155.0,0.0,25140800,3894926900,517,27.0,155,8133600,154,1887000,10365854185,10365854185,10365854185,22396200,224000,0,0,0
2020-11-06,DILD,Intiland Development Tbk.,--U-113500000061--------------,157.0,0.0,155.0,154.0,155.0,-2.0,23947800,3709713400,561,27.0,155,3283700,154,1385100,10365854185,10365854185,10365854185,21255300,79900,0,0,0
2020-11-05,DILD,Intiland Development Tbk.,--U-113500000061--------------,156.0,0.0,157.0,154.0,157.0,1.0,3507900,546929100,325,27.4,157,1345900,156,100700,10365854185,10365854185,10365854185,416900,87300,11500000,2001000000,1
2020-11-04,DILD,Intiland Development Tbk.,--U-113500000061--------------,158.0,0.0,159.0,153.0,156.0,-2.0,4910200,762127200,430,27.2,156,1240300,154,40000,10365854185,10365854185,10365854185,178800,361300,0,0,0
2020-11-03,DILD,Intiland Development Tbk.,--U-113500000061--------------,158.0,0.0,159.0,157.0,158.0,0.0,2768500,437118000,261,27.5,158,2600,157,159000,10365854185,10365854185,10365854185,140000,165100,0,0,0
2020-11-02,DILD,Intiland Development Tbk.,--U-113500000061--------------,159.0,0.0,159.0,156.0,158.0,-1.0,4796300,753012600,245,27.5,159,270500,158,364000,10365854185,10365854185,10365854185,1306400,51000,0,0,0
2020-10-27,DILD,Intiland Development Tbk.,--U-113500000061--------------,159.0,0.0,161.0,156.0,159.0,0.0,10834400,1722483300,544,27.7,159,216100,158,228500,10365854185,10365854185,10365854185,1668000,6408200,0,0,0
2020-10-26,DILD,Intiland Development Tbk.,--U-113500000061--------------,156.0,0.0,162.0,147.0,159.0,3.0,10729600,1702426600,739,27.7,159,6516800,158,211300,10365854185,10365854185,10365854185,1624200,803900,0,0,0
2020-10-23,DILD,Intiland Development Tbk.,--U-113500000061--------------,158.0,0.0,161.0,152.0,156.0,-2.0,18340100,2866599400,758,27.2,157,141000,156,191700,10365854185,10365854185,10365854185,196900,5251900,0,0,0
2020-10-22,DILD,Intiland Development Tbk.,--U-113500000061--------------,155.0,0.0,167.0,154.0,158.0,3.0,73461200,11900836400,2908,27.5,158,1409300,157,527200,10365854185,10365854185,10365854185,16573900,1352200,21548200,8885009685,14
2020-10-21,DILD,Intiland Development Tbk.,--U-113500000061--------------,155.0,0.0,157.0,152.0,155.0,0.0,6729500,1041692800,452,27.0,155,217200,154,22100,10365854185,10365854185,10365854185,65000,1635000,0,0,0
2020-10-20,DILD,Intiland Development Tbk.,--U-113500000061--------------,155.0,0.0,157.0,153.0,155.0,0.0,10091700,1565293400,440,27.0,156,840400,155,599700,10365854185,10365854185,10365854185,24300,4157100,247813800,54715912820,28
2020-10-19,DILD,Intiland Development Tbk.,--U-113500000061--------------,154.0,0.0,159.0,153.0,155.0,1.0,27197700,4220109800,884,27.0,155,3000,154,220000,10365854185,10365854185,10365854185,15821300,10240900,0,0,0
2020-10-16,DILD,Intiland Development Tbk.,--U-113500000061--------------,154.0,0.0,154.0,151.0,154.0,0.0,4376200,667581100,314,26.8,154,109300,153,161000,10365854185,10365854185,10365854185,0,0,0,0,0
2020-10-15,DILD,Intiland Development Tbk.,--U-113500000061--------------,152.0,0.0,157.0,149.0,154.0,2.0,10964700,1686381400,687,26.8,154,918300,153,40900,10365854185,10365854185,10365854185,117600,0,0,0,0
2020-10-14,DILD,Intiland Development Tbk.,--U-113500000061--------------,152.0,0.0,154.0,149.0,152.0,0.0,13649700,2055746700,694,26.5,152,232900,151,100,10365854185,10365854185,10365854185,1487900,0,0,0,0
2020-10-13,DILD,Intiland Development Tbk.,--U-113500000061--------------,156.0,0.0,158.0,147.0,152.0,-4.0,21424200,3240320800,1863,26.5,153,344700,152,282300,10365854185,10365854185,10365854185,106400,10000,0,0,0
2020-10-12,DILD,Intiland Development Tbk.,--U-113500000061--------------,154.0,0.0,158.0,154.0,156.0,2.0,12575100,1953519000,1571,27.2,156,166600,155,1479200,10365854185,10365854185,10365854185,5615200,0,0,0,0
2020-10-09,DILD,Intiland Development Tbk.,--U-113500000061--------------,155.0,0.0,156.0,151.0,154.0,-1.0,13587700,2093002200,7118,26.8,154,446900,153,26000,10365854185,10365854185,10365854185,3131200,0,0,0,0
2020-10-08,DILD,Intiland Development Tbk.,--U-113500000061--------------,150.0,0.0,158.0,148.0,155.0,5.0,44540300,6836156300,18614,27.0,156,442100,155,30100,10365854185,10365854185,10365854185,17526800,10000,50851753,8695649763,2
2020-10-07,DILD,Intiland Development Tbk.,--U-113500000061--------------,150.0,0.0,150.0,148.0,150.0,0.0,3923600,585598500,308,26.1,150,6028200,149,55100,10365854185,10365854185,10365854185,921900,0,0,0,0
2020-10-06,DILD,Intiland Development Tbk.,--U-113500000061--------------,147.0,0.0,150.0,148.0,150.0,3.0,9727200,1456506600,991,26.1,151,556500,150,7100,10365854185,10365854185,10365854185,5524800,365000,0,0,0
2020-10-05,DILD,Intiland Development Tbk.,--U-113500000061--------------,148.0,0.0,150.0,138.0,147.0,-1.0,2611700,385650200,186,25.6,148,158600,147,272200,10365854185,10365854185,10365854185,0,0,0,0,0
2020-10-02,DILD,Intiland Development Tbk.,--U-113500000061--------------,148.0,0.0,150.0,147.0,148.0,0.0,3714400,551595100,411,25.8,148,297600,147,1176500,10365854185,10365854185,10365854185,324800,0,0,0,0
2020-10-01,DILD,Intiland Development Tbk.,--U-113500000061--------------,147.0,0.0,150.0,147.0,148.0,1.0,3620100,538092200,748,25.8,149,17500,148,370000,10365854185,10365854185,10365854185,637000,0,102000308,20252440886,3
2020-09-30,DILD,Intiland Development Tbk.,--U-113500000061--------------,151.0,0.0,153.0,145.0,147.0,-4.0,8737700,1284398300,746,25.6,147,261100,146,35900,10365854185,10365854185,10365854185,0,810000,0,0,0
2020-09-29,DILD,Intiland Development Tbk.,--U-113500000061--------------,158.0,0.0,162.0,151.0,151.0,-7.0,42493500,6656892800,2626,26.3,151,249900,150,339900,10365854185,10365854185,10365854185,15715600,1075000,0,0,0
2020-09-28,DILD,Intiland Development Tbk.,--U-113500000061--------------,162.0,0.0,162.0,155.0,158.0,-4.0,4237400,669035900,382,27.5,158,248300,156,300600,10365854185,10365854185,10365854185,903700,15000,32257649,6531245136,17
2020-09-25,DILD,Intiland Development Tbk.,--U-113500000061--------------,155.0,0.0,163.0,153.0,162.0,7.0,6204500,981851000,4827,28.2,162,1012500,160,200,10365854185,10365854185,10365854185,0,0,0,0,0
2020-09-24,DILD,Intiland Development Tbk.,--U-113500000061--------------,160.0,0.0,160.0,151.0,155.0,-5.0,10618200,1639550400,4177,27.0,155,95400,154,4400,10365854185,10365854185,10365854185,1178100,1550000,64354747,13559436083,30
2020-09-23,DILD,Intiland Development Tbk.,--U-113500000061--------------,165.0,0.0,166.0,157.0,160.0,-5.0,12902100,2091781700,3028,27.9,162,150500,160,133400,10365854185,10365854185,10365854185,3028400,8000,28517849,6179539485,14
2020-09-22,DILD,Intiland Development Tbk.,--U-113500000061--------------,171.0,0.0,173.0,163.0,165.0,-6.0,12564200,2081739200,2807,28.8,165,252800,164,73900,10365854185,10365854185,10365854185,8589200,1260000,55765636,12144500121,10
2020-09-21,DILD,Intiland Development Tbk.,--U-113500000061--------------,175.0,0.0,177.0,169.0,171.0,-4.0,5816900,1010296100,455,29.8,171,78300,170,67000,10365854185,10365854185,10365854185,1046900,0,0,0,0
2020-09-18,DILD,Intiland Development Tbk.,--U-113500000061--------------,170.0,0.0,177.0,168.0,175.0,5.0,5263100,920072100,396,30.5,175,216600,173,10200,10365854185,10365854185,10365854185,0,0,7439491,1618976917,3
2020-09-17,DILD,Intiland Development Tbk.,--U-113500000061--------------,173.0,0.0,177.0,169.0,170.0,-3.0,5461700,944168700,497,29.6,171,133000,169,92200,10365854185,10365854185,10365854185,170600,100000,1400,238000,1
2020-09-16,DILD,Intiland Development Tbk.,--U-113500000061--------------,170.0,0.0,174.0,167.0,173.0,3.0,5341100,909223200,477,30.1,173,123800,171,3000,10365854185,10365854185,10365854185,1666600,0,0,0,0
2020-09-15,DILD,Intiland Development Tbk.,--U-113500000061--------------,177.0,0.0,179.0,169.0,170.0,-7.0,3949000,677952700,430,29.6,172,100,170,621500,10365854185,10365854185,10365854185,804300,0,72687393,15785024991,27
2020-09-14,DILD,Intiland Development Tbk.,--U-113500000061--------------,166.0,0.0,178.0,168.0,177.0,11.0,7552300,1311548900,577,30.8,178,371500,177,60700,10365854185,10365854185,10365854185,100000,0,0,0,0
2020-09-11,DILD,Intiland Development Tbk.,--U-113500000061--------------,168.0,0.0,172.0,157.0,166.0,-2.0,22174000,3637460800,1087,28.9,168,90000,166,61600,10365854185,10365854185,10365854185,8280900,1980000,0,0,0
2020-09-10,DILD,Intiland Development Tbk.,--U-113500000061--------------,180.0,0.0,180.0,168.0,168.0,-12.0,26419700,4456115400,765,29.3,168,8550800,0,0,10365854185,10365854185,10365854185,2057600,0,0,0,0
2020-09-09,DILD,Intiland Development Tbk.,--U-113500000061--------------,184.0,0.0,185.0,178.0,180.0,-4.0,19501000,3518346300,1011,31.4,180,383100,179,232700,10365854185,10365854185,10365854185,5143700,0,0,0,0
2020-09-08,DILD,Intiland Development Tbk.,--U-113500000061--------------,181.0,0.0,185.0,181.0,184.0,3.0,15324200,2812592100,1094,32.1,185,578000,184,1799600,10365854185,10365854185,10365854185,5595700,0,177807044,41770392963,66
2020-09-07,DILD,Intiland Development Tbk.,--U-113500000061--------------,179.0,0.0,181.0,178.0,181.0,2.0,6726000,1209620900,440,31.5,181,536600,180,2390700,10365854185,10365854185,10365854185,1729900,0,0,0,0
2020-09-04,DILD,Intiland Development Tbk.,--U-113500000061--------------,181.0,0.0,182.0,177.0,179.0,-2.0,8869900,1594939700,537,31.2,180,144200,179,476400,10365854185,10365854185,10365854185,2986000,0,0,0,0
2020-09-03,DILD,Intiland Development Tbk.,--U-113500000061--------------,182.0,0.0,185.0,179.0,181.0,-1.0,13540900,2459630100,870,31.5,182,527600,181,683200,10365854185,10365854185,10365854185,4606600,0,0,0,0
2020-09-02,DILD,Intiland Development Tbk.,--U-113500000061--------------,179.0,0.0,185.0,181.0,182.0,3.0,27747400,5083425200,1746,31.7,183,111500,182,600,10365854185,10365854185,10365854185,10147700,0,0,0,0
2020-09-01,DILD,Intiland Development Tbk.,--U-113500000061--------------,178.0,0.0,183.0,176.0,179.0,1.0,18886500,3380471700,794,31.2,180,502000,179,1074600,10365854185,10365854185,10365854185,4323000,100000,13500000,2025000000,1
2020-08-31,DILD,Intiland Development Tbk.,--U-113500000061--------------,183.0,0.0,190.0,176.0,178.0,-5.0,34776900,6377571100,1864,31.0,178,4300,177,317700,10365854185,10365854185,10365854185,15632000,200000,0,0,0
2020-08-28,DILD,Intiland Development Tbk.,--U-113500000061--------------,183.0,0.0,190.0,179.0,183.0,0.0,21463000,3891554000,1143,31.9,183,1444600,182,107000,10365854185,10365854185,10365854185,9528600,0,2031504,511987158,4
2020-08-27,DILD,Intiland Development Tbk.,--U-113500000061--------------,180.0,0.0,195.0,179.0,183.0,3.0,64229300,12009787900,3110,31.9,184,70000,183,1092300,10365854185,10365854185,10365854185,16764800,20000,0,0,0
2020-08-26,DILD,Intiland Development Tbk.,--U-113500000061--------------,179.0,0.0,184.0,177.0,180.0,1.0,11091200,2000905700,737,31.4,180,1119300,179,276200,10365854185,10365854185,10365854185,4065400,0,0,0,0
2020-08-25,DILD,Intiland Development Tbk.,--U-113500000061--------------,175.0,0.0,181.0,176.0,179.0,4.0,9083700,1625622300,556,31.2,180,359800,179,722800,10365854185,10365854185,10365854185,3786000,0,0,0,0
2020-08-24,DILD,Intiland Development Tbk.,--U-113500000061--------------,177.0,0.0,178.0,174.0,175.0,-2.0,2727600,478964800,292,30.5,176,110100,175,2110500,10365854185,10365854185,10365854185,287700,9100,9876481,2563022616,4
2020-08-19,DILD,Intiland Development Tbk.,--U-113500000061--------------,178.0,0.0,180.0,177.0,177.0,-1.0,2772900,492717200,217,30.8,178,31200,177,34700,10365854185,10365854185,10365854185,152000,400000,0,0,0
2020-08-18,DILD,Intiland Development Tbk.,--U-113500000061--------------,179.0,0.0,179.0,176.0,178.0,-1.0,3363000,596723700,361,31.0,178,101900,177,136900,10365854185,10365854185,10365854185,108200,172500,0,0,0
2020-08-14,DILD,Intiland Development Tbk.,--U-113500000061--------------,181.0,0.0,183.0,178.0,179.0,-2.0,5944400,1067685000,367,31.2,179,173700,178,205000,10365854185,10365854185,10365854185,2360900,4600,0,0,0
2020-08-13,DILD,Intiland Development Tbk.,--U-113500000061--------------,182.0,0.0,187.0,180.0,181.0,-1.0,8622800,1573222200,695,31.5,181,219400,180,1072400,10365854185,10365854185,10365854185,2997800,0,0,0,0
2020-08-12,DILD,Intiland Development Tbk.,--U-113500000061--------------,180.0,0.0,190.0,179.0,182.0,2.0,44438600,8151807000,2357,31.7,182,614400,181,556100,10365854185,10365854185,10365854185,26678100,30000,49106447,11654937800,9
2020-08-11,DILD,Intiland Development Tbk.,--U-113500000061--------------,178.0,0.0,185.0,176.0,180.0,2.0,4088700,735911400,353,31.4,180,386700,179,66000,10365854185,10365854185,10365854185,1679600,0,4519569,1406558340,17
2020-08-10,DILD,Intiland Development Tbk.,--U-113500000061--------------,179.0,0.0,179.0,176.0,178.0,-1.0,2776700,491601300,191,31.0,178,441800,176,111100,10365854185,10365854185,10365854185,1478500,0,0,0,0
2020-08-07,DILD,Intiland Development Tbk.,--U-113500000061--------------,177.0,0.0,179.0,176.0,179.0,2.0,895000,159416000,93,31.2,179,218800,176,544200,10365854185,10365854185,10365854185,30100,0,0,0,0
2020-08-06,DILD,Intiland Development Tbk.,--U-113500000061--------------,178.0,0.0,178.0,176.0,177.0,-1.0,940800,167010100,90,30.8,177,245500,176,82300,10365854185,10365854185,10365854185,764800,0,0,0,0
2020-08-05,DILD,Intiland Development Tbk.,--U-113500000061--------------,177.0,0.0,178.0,174.0,178.0,1.0,1190000,210641500,173,31.0,178,149200,176,46200,10365854185,10365854185,10365854185,30000,0,0,0,0
2020-08-04,DILD,Intiland Development Tbk.,--U-113500000061--------------,176.0,0.0,177.0,173.0,177.0,1.0,1699500,298415500,181,30.8,177,201700,176,10100,10365854185,10365854185,10365854185,0,0,0,0,0
2020-08-03,DILD,Intiland Development Tbk.,--U-113500000061--------------,179.0,0.0,179.0,172.0,176.0,-3.0,2560600,451854500,154,30.7,176,543100,175,600,10365854185,10365854185,10365854185,0,0,0,0,0
2020-07-30,DILD,Intiland Development Tbk.,--U-113500000061--------------,178.0,0.0,181.0,177.0,179.0,1.0,1898200,340276600,121,31.2,179,144600,178,114600,10365854185,10365854185,10365854185,470400,0,38957435,10778822818,23
2020-07-29,DILD,Intiland Development Tbk.,--U-113500000061--------------,180.0,0.0,180.0,177.0,178.0,-2.0,3022900,538167900,178,31.0,179,509900,178,64300,10365854185,10365854185,10365854185,78800,0,0,0,0
2020-07-28,DILD,Intiland Development Tbk.,--U-113500000061--------------,180.0,0.0,180.0,178.0,180.0,0.0,1415000,253783400,117,31.4,180,853000,179,55100,10365854185,10365854185,10365854185,108000,0,12710579,4366984724,14
2020-07-27,DILD,Intiland Development Tbk.,--U-113500000061--------------,179.0,0.0,180.0,177.0,180.0,1.0,1851800,332333600,156,31.4,180,755200,179,149100,10365854185,10365854185,10365854185,1069300,0,0,0,0
2020-07-24,DILD,Intiland Development Tbk.,--U-113500000061--------------,179.0,0.0,180.0,176.0,179.0,0.0,7353800,1311212100,146,31.2,179,1426100,178,255800,10365854185,10365854185,10365854185,1286900,0,0,0,0
2020-07-23,DILD,Intiland Development Tbk.,--U-113500000061--------------,180.0,0.0,180.0,177.0,179.0,-1.0,2933700,524394500,170,31.2,179,238000,178,37500,10365854185,10365854185,10365854185,49200,0,0,0,0
2020-07-22,DILD,Intiland Development Tbk.,--U-113500000061--------------,181.0,0.0,181.0,177.0,180.0,-1.0,3586700,641518600,252,31.4,180,800000,177,12500,10365854185,10365854185,10365854185,88900,0,0,0,0
2020-07-21,DILD,Intiland Development Tbk.,--U-113500000061--------------,178.0,0.0,181.0,176.0,181.0,3.0,3996900,715417600,187,31.5,181,19200,177,24600,10365854185,10365854185,10365854185,114300,0,0,0,0
2020-07-20,DILD,Intiland Development Tbk.,--U-113500000061--------------,181.0,0.0,181.0,176.0,178.0,-3.0,3622000,646469700,218,31.0,179,10000,178,140000,10365854185,10365854185,10365854185,44400,0,5269763,1736585816,10
2020-07-17,DILD,Intiland Development Tbk.,--U-113500000061--------------,180.0,0.0,182.0,178.0,181.0,1.0,5485700,989724000,145,31.5,181,325000,180,30000,10365854185,10365854185,10365854185,1824100,0,0,0,0
2020-07-16,DILD,Intiland Development Tbk.,--U-113500000061--------------,181.0,0.0,182.0,179.0,180.0,-1.0,2409700,433895500,238,31.4,180,20000,179,393800,10365854185,10365854185,10365854185,404700,0,0,0,0
2020-07-15,DILD,Intiland Development Tbk.,--U-113500000061--------------,181.0,0.0,182.0,181.0,181.0,0.0,2387300,433729700,130,31.5,182,200000,181,106200,10365854185,10365854185,10365854185,1021500,1000000,0,0,0
2020-07-14,DILD,Intiland Development Tbk.,--U-113500000061--------------,182.0,0.0,183.0,181.0,181.0,-1.0,793500,144263600,37,31.5,182,647800,181,181400,10365854185,10365854185,10365854185,0,0,5000000,1000000000,1
2020-07-13,DILD,Intiland Development Tbk.,--U-113500000061--------------,182.0,0.0,182.0,181.0,182.0,0.0,706700,128602500,50,31.7,183,110100,182,418000,10365854185,10365854185,10365854185,0,0,26100000,4750200000,1
2020-07-10,DILD,Intiland Development Tbk.,--U-113500000061--------------,183.0,0.0,183.0,180.0,182.0,-1.0,1814800,329535000,216,31.7,182,151100,180,27300,10365854185,10365854185,10365854185,49400,0,0,0,0
2020-07-09,DILD,Intiland Development Tbk.,--U-113500000061--------------,184.0,0.0,184.0,180.0,183.0,-1.0,7874300,1433636000,295,31.9,183,355000,182,1500,10365854185,10365854185,10365854185,123000,0,0,0,0
2020-07-08,DILD,Intiland Development Tbk.,--U-113500000061--------------,183.0,0.0,185.0,181.0,184.0,1.0,3741200,686940000,163,32.1,185,158300,182,21000,10365854185,10365854185,10365854185,0,0,0,0,0
2020-07-07,DILD,Intiland Development Tbk.,--U-113500000061--------------,187.0,0.0,187.0,183.0,183.0,-4.0,1694100,311879500,223,31.9,183,108200,182,176300,10365854185,10365854185,10365854185,133000,0,260400,49215600,1
2020-07-06,DILD,Intiland Development Tbk.,--U-113500000061--------------,189.0,0.0,190.0,186.0,187.0,-2.0,1035800,193927600,114,32.6,187,184500,186,135600,10365854185,10365854185,10365854185,0,0,0,0,0
2020-07-03,DILD,Intiland Development Tbk.,--U6---1,190.0,0.0,195.0,187.0,189.0,-1.0,3510500,668510700,315,32.9,189,126000,188,70500,10365854185,10365854185,10365854185,1482300,250000,0,0,0
2020-07-02,DILD,Intiland Development Tbk.,--U6---1,189.0,0.0,190.0,186.0,190.0,1.0,2771200,522513000,257,33.1,190,100000,189,15000,10365854185,10365854185,10365854185,40600,100000,0,0,0
2020-07-01,DILD,Intiland Development Tbk.,--U6---1,188.0,0.0,189.0,186.0,189.0,1.0,1339900,252773200,102,32.9,189,740900,187,100,10365854185,10365854185,10365854185,0,0,31600000,5940800000,1
2020-06-30,DILD,Intiland Development Tbk.,--U6---1,190.0,0.0,191.0,185.0,188.0,-2.0,883000,165270600,129,32.8,188,24100,186,50000,10365854185,10365854185,10365854185,20200,0,45848623,9994999814,1
2020-06-29,DILD,Intiland Development Tbk.,--U6---1,190.0,0.0,190.0,184.0,190.0,0.0,829400,156070600,214,33.1,190,51000,187,10900,10365854185,10365854185,10365854185,40400,0,0,0,0
2020-06-26,DILD,Intiland Development Tbk.,--U6---1,191.0,0.0,193.0,187.0,190.0,-1.0,1074000,203331700,222,33.1,190,100000,189,21700,10365854185,10365854185,10365854185,19300,0,14947876,3348324224,6
2020-06-25,DILD,Intiland Development Tbk.,--U6---1,194.0,0.0,193.0,190.0,191.0,-3.0,2546300,485754000,290,33.3,192,51700,191,67200,10365854185,10365854185,10365854185,38600,2000,0,0,0
2020-06-24,DILD,Intiland Development Tbk.,--U6---1,194.0,0.0,196.0,193.0,194.0,0.0,881600,171002600,88,33.8,194,43900,193,22100,10365854185,10365854185,10365854185,0,91000,75535939,15562449074,11
2020-06-23,DILD,Intiland Development Tbk.,--U6---1,194.0,0.0,195.0,192.0,194.0,0.0,937200,180586400,153,33.8,194,84200,193,10100,10365854185,10365854185,10365854185,18000,0,32767190,6986556051,17
2020-06-22,DILD,Intiland Development Tbk.,--U6---1,198.0,0.0,198.0,194.0,194.0,-4.0,1824100,356064200,191,33.8,195,70000,194,166400,10365854185,10365854185,10365854185,0,500,53489272,11635989694,10
2020-06-19,DILD,Intiland Development Tbk.,--U6---1,198.0,0.0,204.0,196.0,198.0,0.0,3272100,647295600,153,34.5,199,66500,197,13700,10365854185,10365854185,10365854185,0,1365000,0,0,0
2020-06-18,DILD,Intiland Development Tbk.,--U6---1,202.0,0.0,202.0,196.0,198.0,-4.0,4538100,899618300,421,34.5,198,86800,197,75200,10365854185,10365854185,10365854185,1736900,1000,21490879,5251786607,4
2020-06-17,DILD,Intiland Development Tbk.,--U6---1,200.0,0.0,204.0,199.0,202.0,2.0,2391500,481897300,219,35.2,204,1659700,200,191200,10365854185,10365854185,10365854185,0,0,0,0,0
2020-06-16,DILD,Intiland Development Tbk.,--U6---1,204.0,0.0,208.0,198.0,200.0,-4.0,6723500,1354742100,686,34.9,200,54000,199,588700,10365854185,10365854185,10365854185,2891500,0,0,0,0
2020-06-15,DILD,Intiland Development Tbk.,--U6---1,212.0,0.0,234.0,204.0,204.0,-8.0,9082600,1944818000,821,35.5,204,7500,202,94100,10365854185,10365854185,10365854185,3565300,0,56526998,14707925175,23
2020-06-12,DILD,Intiland Development Tbk.,--U6---1,216.0,0.0,216.0,208.0,212.0,-4.0,319400,67524400,102,36.9,212,91600,210,3800,10365854185,10365854185,10365854185,10600,0,0,0,0
2020-06-11,DILD,Intiland Development Tbk.,--U6---1,214.0,0.0,216.0,210.0,216.0,2.0,73200,15674400,69,37.6,216,69900,212,24900,10365854185,10365854185,10365854185,2800,3500,0,0,0
2020-06-10,DILD,Intiland Development Tbk.,--U6---1,216.0,0.0,222.0,210.0,214.0,-2.0,294700,62850200,99,37.3,214,5500,212,2500,10365854185,10365854185,10365854185,4600,0,0,0,0
2020-06-09,DILD,Intiland Development Tbk.,--U6---1,230.0,0.0,226.0,216.0,216.0,-14.0,1704200,373568000,168,37.6,220,457700,216,275300,10365854185,10365854185,10365854185,834700,0,0,0,0
2020-06-08,DILD,Intiland Development Tbk.,--U6---1,222.0,0.0,230.0,220.0,230.0,8.0,1193200,265379000,140,40.1,230,2172000,228,10000,10365854185,10365854185,10365854185,887000,208300,168223383,46017441166,74
2020-06-05,DILD,Intiland Development Tbk.,--U6---1,220.0,0.0,224.0,210.0,222.0,2.0,1636300,354937000,169,38.7,224,100,222,5000,10365854185,10365854185,10365854185,1007200,149200,13500342,4387611150,1
2020-06-04,DILD,Intiland Development Tbk.,--U6---1,220.0,0.0,224.0,216.0,220.0,0.0,365200,80702400,42,38.3,220,77000,216,32000,10365854185,10365854185,10365854185,164000,0,0,0,0
2020-06-03,DILD,Intiland Development Tbk.,--U6---1,214.0,0.0,220.0,212.0,220.0,6.0,184100,40373400,36,38.3,220,90400,218,46100,10365854185,10365854185,10365854185,0,0,0,0,0
2020-06-02,DILD,Intiland Development Tbk.,--U6---1,212.0,0.0,214.0,210.0,214.0,2.0,339200,72464000,88,37.3,218,12500,212,13900,10365854185,10365854185,10365854185,7100,0,30571510,9361598564,20
2020-05-29,DILD,Intiland Development Tbk.,--U6---1,216.0,0.0,216.0,206.0,212.0,-4.0,1062900,222919000,74,36.9,212,179200,210,7700,10365854185,10365854185,10365854185,0,0,2031504,499749984,2
2020-05-28,DILD,Intiland Development Tbk.,--U6---1,216.0,0.0,216.0,202.0,216.0,0.0,1806900,380847400,152,37.6,216,5930300,208,12000,10365854185,10365854185,10365854185,533500,0,0,0,0
2020-05-27,DILD,Intiland Development Tbk.,--U6---1,218.0,0.0,218.0,212.0,216.0,-2.0,76600,16465800,38,37.6,216,7600,214,23500,10365854185,10365854185,10365854185,100,0,0,0,0
2020-05-26,DILD,Intiland Development Tbk.,--U6---1,222.0,0.0,222.0,208.0,218.0,-4.0,853700,182123200,76,38.0,218,6100,212,500,10365854185,10365854185,10365854185,442300,0,0,0,0
2020-05-20,DILD,Intiland Development Tbk.,--U6---1,228.0,0.0,228.0,218.0,222.0,-6.0,20900,4644000,12,38.7,222,993600,220,10000,10365854185,10365854185,10365854185,200,0,9876481,2498749693,2
2020-05-19,DILD,Intiland Development Tbk.,--U6---1,220.0,0.0,228.0,218.0,228.0,8.0,236400,53143200,28,39.7,228,215200,218,7700,10365854185,10365854185,10365854185,2200,0,30000,6600000,1
2020-05-18,DILD,Intiland Development Tbk.,--U6---1,220.0,0.0,220.0,208.0,220.0,0.0,35300,7728000,17,38.3,220,10065700,218,10000,10365854185,10365854185,10365854185,25500,0,0,0,0
2020-05-15,DILD,Intiland Development Tbk.,--U6---1,220.0,0.0,220.0,216.0,220.0,0.0,55000,12096400,11,38.3,220,6260500,218,10000,10365854185,10365854185,10365854185,23000,0,0,0,0
2020-05-14,DILD,Intiland Development Tbk.,--U6---1,220.0,0.0,220.0,218.0,220.0,0.0,101200,22262000,5,38.3,220,6281500,218,46800,10365854185,10365854185,10365854185,95200,0,0,0,0
2020-05-13,DILD,Intiland Development Tbk.,--U6---1,228.0,0.0,220.0,218.0,220.0,-8.0,79900,17550200,7,38.3,222,1000000,220,6100,10365854185,10365854185,10365854185,46000,0,0,0,0
2020-05-12,DILD,Intiland Development Tbk.,--U6---1,222.0,0.0,228.0,220.0,228.0,6.0,300800,67629000,33,39.7,228,56600,226,10000,10365854185,10365854185,10365854185,2200,0,43716986,13150977518,9
2020-05-11,DILD,Intiland Development Tbk.,--U6---1,230.0,0.0,228.0,222.0,222.0,-8.0,266100,59288600,32,38.7,226,21900,222,29500,10365854185,10365854185,10365854185,0,0,0,0,0
2020-05-08,DILD,Intiland Development Tbk.,--U6---1,232.0,0.0,230.0,222.0,230.0,-2.0,88400,20174800,30,40.1,230,4975000,228,30000,10365854185,10365854185,10365854185,39500,0,0,0,0
2020-05-06,DILD,Intiland Development Tbk.,--U6---1,222.0,0.0,232.0,220.0,232.0,10.0,453700,104097600,55,40.4,232,16300,230,10000,10365854185,10365854185,10365854185,2500,0,0,0,0
2020-05-05,DILD,Intiland Development Tbk.,--U6---1,226.0,0.0,230.0,220.0,222.0,-4.0,230800,52128200,70,38.7,224,2600,222,10000,10365854185,10365854185,10365854185,5400,0,0,0,0
2020-05-04,DILD,Intiland Development Tbk.,--U6---1,224.0,0.0,226.0,220.0,226.0,2.0,101600,22818600,40,39.4,226,6000,224,50000,10365854185,10365854185,10365854185,2100,0,0,0,0
2020-04-30,DILD,Intiland Development Tbk.,--U6---1,238.0,0.0,230.0,224.0,224.0,-14.0,711900,160887000,100,39.0,228,1004300,224,96200,10365854185,10365854185,10365854185,25200,0,38869435,10494747450,11
2020-04-29,DILD,Intiland Development Tbk.,--U6---1,228.0,0.0,240.0,224.0,238.0,10.0,260200,61022600,35,41.5,238,1000,236,50800,10365854185,10365854185,10365854185,3700,0,0,0,0
2020-04-28,DILD,Intiland Development Tbk.,--U6---1,238.0,0.0,238.0,228.0,228.0,-10.0,84400,19449000,54,39.7,228,141100,226,20000,10365854185,10365854185,10365854185,4400,0,48541834,17172175137,14
2020-04-27,DILD,Intiland Development Tbk.,--U6---1,234.0,0.0,238.0,228.0,238.0,4.0,408100,97078800,21,41.5,238,4085700,228,15600,10365854185,10365854185,10365854185,0,0,0,0,0
2020-04-24,DILD,Intiland Development Tbk.,--U6---1,236.0,0.0,236.0,220.0,234.0,-2.0,334100,76222600,77,40.8,234,4700,224,600,10365854185,10365854185,10365854185,4900,0,0,0,0
2020-04-23,DILD,Intiland Development Tbk.,--U6---1,236.0,0.0,236.0,228.0,236.0,0.0,230400,54372000,15,41.1,236,3815500,230,1500,10365854185,10365854185,10365854185,300,0,0,0,0
2020-04-22,DILD,Intiland Development Tbk.,--U6---1,236.0,0.0,236.0,220.0,236.0,0.0,465200,106602400,104,41.1,238,4700,236,9900,10365854185,10365854185,10365854185,7800,0,365600,150627200,1
2020-04-21,DILD,Intiland Development Tbk.,--U6---1,240.0,0.0,236.0,224.0,236.0,-4.0,253500,58255400,109,41.1,236,6200,224,300,10365854185,10365854185,10365854185,17400,0,0,0,0
2020-04-20,DILD,Intiland Development Tbk.,--U6---1,238.0,0.0,240.0,234.0,240.0,2.0,44200,10535400,21,41.8,240,4997700,238,12000,10365854185,10365854185,10365854185,11700,0,207253400,68273009279,48
2020-04-17,DILD,Intiland Development Tbk.,--U6---1,238.0,0.0,252.0,234.0,238.0,0.0,80300,19519800,58,41.5,238,44100,236,20000,10365854185,10365854185,10365854185,14000,0,0,0,0
2020-04-16,DILD,Intiland Development Tbk.,--U6---1,240.0,0.0,240.0,232.0,238.0,-2.0,36700,8720800,16,41.5,238,3970000,228,1500,10365854185,10365854185,10365854185,2200,0,0,0,0
2020-04-15,DILD,Intiland Development Tbk.,--U6---1,240.0,0.0,240.0,234.0,240.0,0.0,145100,34735600,40,41.8,240,4967100,238,50000,10365854185,10365854185,10365854185,44100,0,0,0,0
2020-04-14,DILD,Intiland Development Tbk.,--U6---1,240.0,0.0,240.0,234.0,240.0,0.0,40900,9756400,21,41.8,240,5079800,238,42500,10365854185,10365854185,10365854185,4100,0,0,0,0
2020-04-13,DILD,Intiland Development Tbk.,--U6---1,250.0,0.0,244.0,240.0,240.0,-10.0,82600,19838400,30,41.8,240,5224600,238,23000,10365854185,10365854185,10365854185,77400,0,0,0,0
2020-04-09,DILD,Intiland Development Tbk.,--U6---1,250.0,0.0,250.0,244.0,250.0,0.0,51700,12923400,14,43.6,250,4969400,248,50000,10365854185,10365854185,10365854185,40300,0,0,0,0
2020-04-08,DILD,Intiland Development Tbk.,--U6---1,246.0,0.0,250.0,238.0,250.0,4.0,329900,82158400,126,43.6,250,141100,248,50000,10365854185,10365854185,10365854185,19400,0,0,0,0
2020-04-07,DILD,Intiland Development Tbk.,--U6---1,250.0,0.0,250.0,242.0,246.0,-4.0,183500,45123400,40,42.9,246,32600,244,3000,10365854185,10365854185,10365854185,7200,0,0,0,0
2020-04-06,DILD,Intiland Development Tbk.,--U6---1,248.0,0.0,260.0,240.0,250.0,2.0,772900,192569800,96,43.6,250,5074300,248,70000,10365854185,10365854185,10365854185,333300,0,15098187,5150739808,2
2020-04-03,DILD,Intiland Development Tbk.,--U6---1,250.0,0.0,250.0,234.0,248.0,-2.0,449200,110298200,86,43.2,248,6700,240,600,10365854185,10365854185,10365854185,275800,0,0,0,0
2020-04-02,DILD,Intiland Development Tbk.,--U6---1,258.0,0.0,258.0,246.0,250.0,-8.0,590300,146628600,40,43.6,250,4666600,248,5000,10365854185,10365854185,10365854185,569400,0,0,0,0
2020-04-01,DILD,Intiland Development Tbk.,--U6---1,250.0,0.0,262.0,242.0,258.0,8.0,555500,143187400,53,45.0,258,3927800,244,1400,10365854185,10365854185,10365854185,19800,0,0,0,0
2020-03-31,DILD,Intiland Development Tbk.,--U6---1,250.0,0.0,262.0,238.0,250.0,0.0,151000,37972400,70,43.6,250,4931800,248,50500,10365854185,10365854185,10365854185,79400,0,0,0,0
2020-03-30,DILD,Intiland Development Tbk.,--U6---1,238.0,0.0,250.0,224.0,250.0,12.0,303000,75209000,40,43.6,250,3771300,248,10000,10365854185,10365854185,10365854185,0,0,0,0,0
2020-03-27,DILD,Intiland Development Tbk.,--U6---1,224.0,0.0,246.0,210.0,238.0,14.0,602500,142318200,76,41.5,238,3527800,236,4800,10365854185,10365854185,10365854185,5500,50000,0,0,0
2020-03-26,DILD,Intiland Development Tbk.,--U6---1,200.0,0.0,224.0,191.0,224.0,24.0,700700,153775100,97,39.0,224,3503300,206,6300,10365854185,10365854185,10365854185,16300,10000,0,0,0
2020-03-24,DILD,Intiland Development Tbk.,--U6---1,199.0,0.0,200.0,188.0,200.0,1.0,4035400,799481900,92,34.9,200,2394000,189,10000,10365854185,10365854185,10365854185,31800,650000,0,0,0
2020-03-23,DILD,Intiland Development Tbk.,--U6---1,200.0,0.0,226.0,186.0,199.0,-1.0,2854900,564587100,158,34.7,199,2749200,187,30000,10365854185,10365854185,10365854185,195900,778000,39066939,11423753728,32
2020-03-20,DILD,Intiland Development Tbk.,--U6---1,180.0,0.0,200.0,168.0,200.0,20.0,3684300,697350400,112,34.9,200,47900,199,50000,10365854185,10365854185,10365854185,0,670000,51861610,14920484482,11
2020-03-19,DILD,Intiland Development Tbk.,--U6---1,186.0,0.0,192.0,173.0,180.0,-6.0,3220400,577547500,85,31.4,180,4952500,0,0,10365854185,10365854185,10365854185,38800,0,0,0,0
2020-03-18,DILD,Intiland Development Tbk.,--U6---1,200.0,0.0,198.0,186.0,186.0,-14.0,108500,20223800,69,32.4,186,74100,0,0,10365854185,10365854185,10365854185,23000,0,43514488,12438643129,3
2020-03-17,DILD,Intiland Development Tbk.,--U6---1,212.0,0.0,200.0,198.0,200.0,-12.0,1307600,259359700,57,34.9,198,120000,0,0,10365854185,10365854185,10365854185,408300,10000,0,0,0
2020-03-16,DILD,Intiland Development Tbk.,--U6---1,226.0,0.0,222.0,212.0,212.0,-14.0,373500,79264000,33,36.9,212,6554700,0,0,10365854185,10365854185,10365854185,148000,0,49213233,15450405189,23
2020-03-13,DILD,Intiland Development Tbk.,--U6---1,218.0,0.0,226.0,204.0,226.0,8.0,2082600,456404200,183,39.4,226,2727800,224,50000,10365854185,10365854185,10365854185,372100,0,344834004,104816476412,51
2020-03-12,DILD,Intiland Development Tbk.,--U6---1,238.0,0.0,238.0,216.0,218.0,-20.0,1098000,244964400,146,38.0,218,5706700,216,14200,10365854185,10365854185,10365854185,0,0,13229918,4048820618,9
2020-03-11,DILD,Intiland Development Tbk.,--U6---1,242.0,0.0,242.0,226.0,238.0,-4.0,2758000,654837400,135,41.5,238,4737900,230,95000,10365854185,10365854185,10365854185,37600,0,28702113,8905733730,12
2020-03-10,DILD,Intiland Development Tbk.,--U6---1,242.0,0.0,242.0,218.0,242.0,0.0,4199100,998983200,147,42.2,242,2857100,240,50000,10365854185,10365854185,10365854185,17700,0,59642471,18953735270,29
2020-03-09,DILD,Intiland Development Tbk.,--U6---1,246.0,0.0,244.0,236.0,242.0,-4.0,1985100,479445000,56,42.2,242,2294100,238,54700,10365854185,10365854185,10365854185,300,0,0,0,0
2020-03-06,DILD,Intiland Development Tbk.,--U6---1,246.0,0.0,246.0,242.0,246.0,0.0,336100,82648600,26,42.9,246,530300,244,72400,10365854185,10365854185,10365854185,0,0,75342480,23878242603,35
2020-03-05,DILD,Intiland Development Tbk.,--U6---1,248.0,0.0,250.0,246.0,246.0,-2.0,542100,134336800,19,42.9,246,234900,244,156400,10365854185,10365854185,10365854185,0,300,0,0,0
2020-03-04,DILD,Intiland Development Tbk.,--U6---1,252.0,0.0,250.0,244.0,248.0,-4.0,1848500,458181000,152,43.2,248,717600,246,12000,10365854185,10365854185,10365854185,28000,0,0,0,0
2020-03-03,DILD,Intiland Development Tbk.,--U6---1,252.0,0.0,256.0,248.0,252.0,0.0,3051500,771315400,255,43.9,252,296600,250,100000,10365854185,10365854185,10365854185,566100,0,0,0,0
2020-03-02,DILD,Intiland Development Tbk.,--U6---1,254.0,0.0,260.0,244.0,252.0,-2.0,1222700,307403600,112,43.9,252,195000,248,18400,10365854185,10365854185,10365854185,26400,0,13837211,4498749200,6
2020-02-28,DILD,Intiland Development Tbk.,--U6---1,264.0,0.0,260.0,216.0,254.0,-10.0,1668700,421563600,138,44.3,254,535400,252,600,10365854185,10365854185,10365854185,16200,0,0,0,0
2020-02-27,DILD,Intiland Development Tbk.,--U6---1,270.0,0.0,270.0,262.0,264.0,-6.0,802700,212812000,33,46.0,266,130300,264,26000,10365854185,10365854185,10365854185,0,0,0,0,0
2020-02-26,DILD,Intiland Development Tbk.,--U6---1,272.0,0.0,272.0,266.0,270.0,-2.0,745800,200047600,51,47.0,270,1211000,268,48700,10365854185,10365854185,10365854185,7800,0,0,0,0
2020-02-25,DILD,Intiland Development Tbk.,--U6---1,272.0,0.0,272.0,270.0,272.0,0.0,256100,69627200,32,47.4,272,637700,270,125300,10365854185,10365854185,10365854185,71600,0,0,0,0
2020-02-24,DILD,Intiland Development Tbk.,--U6---1,274.0,0.0,272.0,268.0,272.0,-2.0,567500,153662000,59,47.4,272,209600,270,50800,10365854185,10365854185,10365854185,13600,0,0,0,0
2020-02-21,DILD,Intiland Development Tbk.,--U6---1,276.0,0.0,278.0,270.0,274.0,-2.0,1830100,500164200,85,47.7,274,405300,272,261900,10365854185,10365854185,10365854185,927400,0,0,0,0
2020-02-20,DILD,Intiland Development Tbk.,--U6---1,280.0,0.0,280.0,274.0,276.0,-4.0,692900,191508600,92,48.1,278,100000,276,127100,10365854185,10365854185,10365854185,82800,0,0,0,0
2020-02-19,DILD,Intiland Development Tbk.,--U6---1,282.0,0.0,298.0,278.0,280.0,-2.0,596600,168443200,90,48.8,280,100000,278,151900,10365854185,10365854185,10365854185,193600,0,5031000,1500000000,2
2020-02-18,DILD,Intiland Development Tbk.,--U6---1,282.0,0.0,288.0,280.0,282.0,0.0,719600,202168800,41,49.1,282,149000,280,400,10365854185,10365854185,10365854185,0,0,2000000,520000000,1
2020-02-17,DILD,Intiland Development Tbk.,--U6---1,280.0,0.0,290.0,280.0,282.0,2.0,186200,52712600,30,49.1,282,156100,280,77800,10365854185,10365854185,10365854185,123100,0,0,0,0
2020-02-14,DILD,Intiland Development Tbk.,--U6---1,280.0,0.0,284.0,278.0,280.0,0.0,363100,101984200,57,48.8,280,346200,278,28500,10365854185,10365854185,10365854185,14800,0,0,0,0
2020-02-13,DILD,Intiland Development Tbk.,--U6---1,282.0,0.0,282.0,274.0,280.0,-2.0,839300,233880200,115,48.8,280,1128200,278,100000,10365854185,10365854185,10365854185,37200,0,2798625,1140743390,5
2020-02-12,DILD,Intiland Development Tbk.,--U6---1,284.0,0.0,290.0,280.0,282.0,-2.0,212600,60217000,44,49.1,282,468200,280,57500,10365854185,10365854185,10365854185,99400,0,86152371,34029127815,23
2020-02-11,DILD,Intiland Development Tbk.,--U6---1,282.0,0.0,288.0,278.0,284.0,2.0,397700,112778800,73,49.5,284,15900,282,50000,10365854185,10365854185,10365854185,11200,0,0,0,0
2020-02-10,DILD,Intiland Development Tbk.,--U6---1,284.0,0.0,284.0,278.0,282.0,-2.0,892000,250663400,38,49.1,284,75000,280,69900,10365854185,10365854185,10365854185,407900,0,563334600,176634616860,76
2020-02-07,DILD,Intiland Development Tbk.,--U6---1,284.0,0.0,286.0,280.0,284.0,0.0,1358900,385693600,125,49.5,284,326400,282,150800,10365854185,10365854185,10365854185,845000,0,0,0,0
2020-02-06,DILD,Intiland Development Tbk.,--U6---1,280.0,0.0,284.0,276.0,284.0,4.0,1265900,355459000,124,49.5,284,253500,282,155400,10365854185,10365854185,10365854185,36400,0,0,0,0
2020-02-05,DILD,Intiland Development Tbk.,--U6---1,292.0,0.0,292.0,278.0,280.0,-12.0,3836300,1079313800,329,48.8,284,53000,280,281400,10365854185,10365854185,10365854185,2581600,0,0,0,0
2020-02-04,DILD,Intiland Development Tbk.,--U6---1,292.0,0.0,298.0,282.0,292.0,0.0,253200,73928200,63,50.9,294,102200,290,50000,10365854185,10365854185,10365854185,177800,0,0,0,0
2020-02-03,DILD,Intiland Development Tbk.,--U6---1,292.0,0.0,298.0,288.0,292.0,0.0,148800,43496800,40,50.9,292,32500,290,59700,10365854185,10365854185,10365854185,118500,0,0,0,0
2020-01-31,DILD,Intiland Development Tbk.,--U6---1,302.0,0.0,310.0,292.0,292.0,-10.0,856000,252334200,78,50.9,292,52500,290,108400,10365854185,10365854185,10365854185,688400,0,0,0,0
2020-01-30,DILD,Intiland Development Tbk.,--U6---1,310.0,0.0,308.0,300.0,302.0,-8.0,296200,89554600,23,52.6,302,401900,300,5300,10365854185,10365854185,10365854185,0,0,0,0,0
2020-01-29,DILD,Intiland Development Tbk.,--U6---1,302.0,0.0,310.0,300.0,310.0,8.0,240200,73114800,30,54.0,310,29900,302,20100,10365854185,10365854185,10365854185,93500,0,0,0,0
2020-01-28,DILD,Intiland Development Tbk.,--U6---1,300.0,0.0,304.0,294.0,302.0,2.0,73800,22287600,19,52.6,302,120000,300,111000,10365854185,10365854185,10365854185,0,0,109847737,36048251048,13
2020-01-27,DILD,Intiland Development Tbk.,--U6---1,304.0,0.0,306.0,298.0,300.0,-4.0,12140100,3631127200,44,52.3,300,4993000,298,80000,10365854185,10365854185,10365854185,652100,0,11075700,3348512800,3
2020-01-24,DILD,Intiland Development Tbk.,--U6---1,304.0,0.0,306.0,304.0,304.0,0.0,171600,52266400,8,53.0,306,159000,304,18600,10365854185,10365854185,10365854185,0,0,13017300,3957259200,13
2020-01-23,DILD,Intiland Development Tbk.,--U6---1,304.0,0.0,308.0,304.0,304.0,0.0,63300,19294200,22,53.0,306,107600,304,21700,10365854185,10365854185,10365854185,0,0,47600342,12206078660,2
2020-01-22,DILD,Intiland Development Tbk.,--U6---1,298.0,0.0,304.0,292.0,304.0,6.0,1891100,568671400,103,53.0,304,88800,302,101600,10365854185,10365854185,10365854185,0,0,40415500,12190988000,3
2020-01-21,DILD,Intiland Development Tbk.,--U6---1,300.0,0.0,308.0,280.0,298.0,-2.0,6944900,2039008600,247,51.9,298,270300,296,271300,10365854185,10365854185,10365854185,0,0,0,0,0
2020-01-20,DILD,Intiland Development Tbk.,--U6---1,300.0,0.0,320.0,300.0,300.0,0.0,4967700,1529495200,272,52.3,306,75400,300,44600,10365854185,10365854185,10365854185,0,0,450252500,146320729924,30
2020-01-17,DILD,Intiland Development Tbk.,--U6---1,296.0,0.0,302.0,294.0,300.0,4.0,571700,170085600,84,52.3,300,42500,298,100000,10365854185,10365854185,10365854185,107700,0,0,0,0
2020-01-16,DILD,Intiland Development Tbk.,--U6---1,298.0,0.0,298.0,294.0,296.0,-2.0,831400,246000400,29,51.6,298,9300,296,8000,10365854185,10365854185,10365854185,555100,0,15000000,4440000000,8
2020-01-15,DILD,Intiland Development Tbk.,--U6---1,296.0,0.0,298.0,294.0,298.0,2.0,173700,51656000,18,51.9,298,56400,296,506300,10365854185,10365854185,10365854185,0,0,0,0,0
2020-01-14,DILD,Intiland Development Tbk.,--U6---1,294.0,0.0,302.0,294.0,296.0,2.0,522900,155507800,48,51.6,300,101500,296,296200,10365854185,10365854185,10365854185,0,0,0,0,0
2020-01-13,DILD,Intiland Development Tbk.,--U6---1,308.0,0.0,316.0,294.0,294.0,-14.0,3204300,962830000,209,51.2,300,100000,294,719400,10365854185,10365854185,10365854185,475200,1104000,0,0,0
2020-01-10,DILD,Intiland Development Tbk.,--U6---1,322.0,0.0,324.0,308.0,308.0,-14.0,688400,215632000,81,53.7,310,39000,308,22200,10365854185,10365854185,10365854185,4200,0,0,0,0
2020-01-09,DILD,Intiland Development Tbk.,--U6---1,306.0,0.0,330.0,308.0,322.0,16.0,1187600,381697600,152,56.1,322,5800,320,61000,10365854185,10365854185,10365854185,20400,0,0,0,0
2020-01-08,DILD,Intiland Development Tbk.,--U6---1,308.0,0.0,314.0,304.0,306.0,-2.0,1189700,367322000,109,53.3,306,9500,304,85200,10365854185,10365854185,10365854185,0,0,0,0,0
2020-01-07,DILD,Intiland Development Tbk.,--U6---1,304.0,0.0,308.0,298.0,308.0,4.0,2092300,634027200,167,53.7,308,228700,306,50000,10365854185,10365854185,10365854185,513400,0,0,0,0
2020-01-06,DILD,Intiland Development Tbk.,--U6---1,310.0,0.0,310.0,296.0,304.0,-6.0,4831800,1460419200,311,53.0,304,243000,302,134400,10365854185,10365854185,10365854185,724000,0,6312630,3076724676,6
2020-01-03,DILD,Intiland Development Tbk.,--U6---1,312.0,0.0,312.0,302.0,310.0,-2.0,1056800,323600800,129,54.0,310,34600,308,4300,10365854185,10365854185,10365854185,111800,300,0,0,0
2020-01-02,DILD,Intiland Development Tbk.,--U6---1,260.0,0.0,318.0,280.0,312.0,52.0,2436200,730705000,382,54.4,312,123100,310,292200,10365854185,10365854185,10365854185,10000,0,0,0,0
