Date,Ticker,Name,Remarks,Previous,Open,High,Low,Close,Change,Volume,Value,Frequency,IndexIndividual,Offer,OfferVolume,Bid,BidVolume,ListedShares,TradebleShares,WeightForIndex,ForeignSell,ForeignBuy,NonRegularVolume,NonRegularValue,NonRegularFrequency
2026-05-29,HUMI,Humpuss Maritim Internasional Tbk.,--UO2135000000A112---L--------,147.0,145.0,151.0,142.0,146.0,-1.0,26425300,3904148900,2736,146.0,147,2000,146,59500,18062662371,18062662371,4257342628,3794400,4778400,0,0,0
2026-05-26,HUMI,Humpuss Maritim Internasional Tbk.,--UO2135000000A112---L--------,156.0,156.0,160.0,146.0,147.0,-9.0,34960200,5324102600,3537,147.0,148,76100,147,200,18062662171,18062662171,4257342628,9869000,4014000,0,0,0
2026-05-25,HUMI,Humpuss Maritim Internasional Tbk.,--UO2135000000A112---L--------,150.0,157.0,161.0,146.0,156.0,6.0,57073700,8695212100,4386,156.0,156,346900,155,2109600,18062662171,18062662171,4257342628,15193800,10170400,540000,102600000,1
2026-05-22,HUMI,Humpuss Maritim Internasional Tbk.,--UO2135000000A112---L--------,142.0,137.0,151.0,130.0,150.0,8.0,64895700,9289251700,4804,150.0,150,94200,149,10400,18062662035,18062662035,4257342628,15263100,16852200,0,0,0
2026-05-21,HUMI,Humpuss Maritim Internasional Tbk.,--UO2135000000A112---L--------,167.0,171.0,174.0,142.0,142.0,-25.0,94086900,14264777400,6153,142.0,142,957600,0,0,18062662035,18062662035,4257342628,11591500,21918800,0,0,0
2026-05-20,HUMI,Humpuss Maritim Internasional Tbk.,--UO2135000000A112---L--------,171.0,171.0,173.0,156.0,167.0,-4.0,75735300,12572024000,5576,167.0,168,130900,167,248600,18062658926,18062658926,4257342628,16526500,16232500,0,0,0
2026-05-19,HUMI,Humpuss Maritim Internasional Tbk.,--UO2135000000A112---L--------,189.0,190.0,194.0,166.0,171.0,-18.0,140466000,25475666000,12463,171.0,172,25400,171,558400,18062658646,18062658646,4257342628,19247200,16596900,0,0,0
2026-05-18,HUMI,Humpuss Maritim Internasional Tbk.,--UO2135000000A112---L--------,174.0,179.0,191.0,166.0,189.0,15.0,292424300,53212367400,22177,189.0,190,1543100,189,471300,18062658548,18062658548,4257342628,45935200,46370900,0,0,0
2026-05-13,HUMI,Humpuss Maritim Internasional Tbk.,--UO2135000000A112---L--------,165.0,165.0,180.0,163.0,174.0,9.0,66895500,11560977400,5933,174.0,175,484900,174,56700,18062658548,18062658548,4257342628,12992600,5552600,0,0,0
2026-05-12,HUMI,Humpuss Maritim Internasional Tbk.,--UO2135000000A112---L--------,170.0,172.0,174.0,160.0,165.0,-5.0,54151800,8915062700,4876,165.0,166,96200,165,345200,18062651987,18062651987,4257342628,5949000,12881100,0,0,0
2026-05-11,HUMI,Humpuss Maritim Internasional Tbk.,--UO2135000000A112---L--------,177.0,177.0,178.0,168.0,170.0,-7.0,54936800,9458517800,4771,170.0,170,45300,169,1665200,18062641207,18062641207,4257342628,10932300,11710100,0,0,0
2026-05-08,HUMI,Humpuss Maritim Internasional Tbk.,--UO2135000000A112---L--------,189.0,189.0,190.0,175.0,177.0,-12.0,46954100,8537024600,4924,177.0,177,766800,176,252300,18062641207,18062641207,4257342628,2296300,2943000,0,0,0
2026-05-07,HUMI,Humpuss Maritim Internasional Tbk.,--UO2135000000A112---L--------,190.0,193.0,195.0,189.0,189.0,-1.0,36245500,6939223000,3119,189.0,189,191200,188,1682000,18062638057,18062638057,4257342628,5577300,2818000,0,0,0
2026-05-06,HUMI,Humpuss Maritim Internasional Tbk.,--UO2135000000A112---L--------,190.0,191.0,194.0,187.0,190.0,0.0,62713500,11948147500,4539,190.0,190,531000,189,686100,18062633001,18062633001,4257342628,8914500,6408200,8100,1498500,1
2026-05-05,HUMI,Humpuss Maritim Internasional Tbk.,--UO2135000000A112---L--------,188.0,194.0,194.0,184.0,190.0,2.0,41617100,7863991200,4759,190.0,190,887200,189,704800,18062633001,18062633001,4257342628,10901300,4656900,0,0,0
2026-05-04,HUMI,Humpuss Maritim Internasional Tbk.,--UO2135000000A112---L--------,181.0,182.0,195.0,182.0,188.0,7.0,85358300,16160326900,6841,188.0,189,86700,188,1137600,18062632701,18062632701,4257342628,12723700,12162900,0,0,0
2026-04-30,HUMI,Humpuss Maritim Internasional Tbk.,--UO2135000000A112---L--------,182.0,183.0,185.0,172.0,181.0,-1.0,61176100,10887746700,5526,181.0,182,236900,181,72400,18062622655,18062622655,4257342628,11320500,12735400,0,0,0
2026-04-29,HUMI,Humpuss Maritim Internasional Tbk.,--UO2135000000A112---L--------,182.0,184.0,185.0,179.0,182.0,0.0,40033400,7295778600,3482,182.0,183,510500,182,281500,18062622655,18062622655,4257342628,5362000,8045100,0,0,0
2026-04-28,HUMI,Humpuss Maritim Internasional Tbk.,--UO2135000000A112---L--------,186.0,186.0,190.0,179.0,182.0,-4.0,71760800,13050977500,5124,182.0,183,130600,182,2576700,18062622155,18062622155,4257342628,6227600,11633600,0,0,0
2026-04-27,HUMI,Humpuss Maritim Internasional Tbk.,--UO2135000000A112---L--------,185.0,186.0,195.0,182.0,186.0,1.0,80232600,15091297500,5864,186.0,186,579000,185,404800,18062620516,18062620516,4257342628,21167500,11834100,150000,32100000,1
2026-04-24,HUMI,Humpuss Maritim Internasional Tbk.,--UO2135000000A112---L--------,208.0,208.0,210.0,181.0,185.0,-23.0,216034400,41699827900,12058,185.0,185,1576200,184,1111700,18062619697,18062619697,4257342628,32411000,40286100,0,0,0
2026-04-23,HUMI,Humpuss Maritim Internasional Tbk.,--UO2135000000A112---L--------,222.0,224.0,226.0,204.0,208.0,-14.0,148737600,31836960600,11285,208.0,208,678900,206,7935100,18062584536,18062584536,4257342628,56753100,6495400,0,0,0
2026-04-22,HUMI,Humpuss Maritim Internasional Tbk.,--UO2135000000A112---L--------,214.0,218.0,226.0,214.0,222.0,8.0,159049700,34889406200,10300,222.0,222,2939900,220,3024200,18062584387,18062584387,4257342628,29101400,35789100,0,0,0
2026-04-21,HUMI,Humpuss Maritim Internasional Tbk.,--UO2135000000A112---L--------,206.0,208.0,218.0,202.0,214.0,8.0,140131400,30018426000,7598,214.0,216,2361900,214,3770000,18062583132,18062583132,4257342628,6905500,48971800,0,0,0
2026-04-20,HUMI,Humpuss Maritim Internasional Tbk.,--UO2135000000A112---L--------,210.0,210.0,218.0,206.0,206.0,-4.0,64516100,13624854600,5195,206.0,208,923900,206,1109600,18062583128,18062583128,4257342628,11457200,10274500,0,0,0
2026-04-17,HUMI,Humpuss Maritim Internasional Tbk.,--UO2135000000A112---L--------,214.0,214.0,216.0,208.0,210.0,-4.0,55760700,11722755600,5254,210.0,212,2208800,210,1265600,18062577528,18062577528,4257342628,10119000,1586500,0,0,0
2026-04-16,HUMI,Humpuss Maritim Internasional Tbk.,--UO2135000000A112---L--------,212.0,214.0,224.0,206.0,214.0,2.0,165421200,35782394600,10714,214.0,214,1988100,212,3902000,18062572443,18062572443,4257342628,24183600,32498900,0,0,0
2026-04-15,HUMI,Humpuss Maritim Internasional Tbk.,--UO2135000000A112---L--------,218.0,224.0,226.0,210.0,212.0,-6.0,164981100,35767170800,11579,212.0,212,999100,210,7443900,18062571803,18062571803,4257342628,62565200,19365900,0,0,0
2026-04-14,HUMI,Humpuss Maritim Internasional Tbk.,--UO2135000000A112---L--------,206.0,212.0,220.0,208.0,218.0,12.0,251076100,53804077000,14004,218.0,218,1591400,216,1553000,18062571137,18062571137,4257342628,38003900,48906500,0,0,0
2026-04-13,HUMI,Humpuss Maritim Internasional Tbk.,--UO2135000000A112---L--------,202.0,200.0,216.0,196.0,206.0,4.0,174592800,36057077600,10499,206.0,208,1481200,206,1573600,18062568977,18062568977,4257342628,24714100,54691500,0,0,0
2026-04-10,HUMI,Humpuss Maritim Internasional Tbk.,--UO2135000000A112---L--------,198.0,200.0,208.0,199.0,202.0,4.0,187071800,38037394200,9383,202.0,202,2277100,200,2038400,18062567177,18062567177,4257342628,47819300,17262100,0,0,0
2026-04-09,HUMI,Humpuss Maritim Internasional Tbk.,--UO2135000000A112---L--------,208.0,200.0,210.0,195.0,198.0,-10.0,168301800,33793782200,9153,198.0,198,2543800,197,1061000,18062567177,18062567177,4257342628,34503900,28762200,0,0,0
2026-04-08,HUMI,Humpuss Maritim Internasional Tbk.,--UO2135000000A112---L--------,186.0,202.0,210.0,192.0,208.0,22.0,335057900,67684030700,18338,208.0,210,10544000,208,332700,18062566862,18062566862,4257342628,30434400,48665700,0,0,0
2026-04-07,HUMI,Humpuss Maritim Internasional Tbk.,--UO2135000000A112---L--------,178.0,180.0,192.0,179.0,186.0,8.0,199391800,36982108400,12601,186.0,187,919500,185,2981900,18062555417,18062555417,4257342628,22719800,36802800,0,0,0
2026-04-06,HUMI,Humpuss Maritim Internasional Tbk.,--UO2135000000A112---L--------,174.0,174.0,184.0,170.0,178.0,4.0,111320600,20014344800,7022,178.0,179,426700,178,538900,18062555417,18062555417,4257342628,18148300,20718900,0,0,0
2026-04-02,HUMI,Humpuss Maritim Internasional Tbk.,--UO2135000000A112---L--------,189.0,181.0,183.0,174.0,174.0,-15.0,112210800,19937959800,8331,174.0,175,877300,174,1021200,18062548417,18062548417,4257342628,19353400,7259500,0,0,0
2026-04-01,HUMI,Humpuss Maritim Internasional Tbk.,--UO2135000000A112------------,168.0,175.0,198.0,172.0,189.0,21.0,475057100,88611210300,25996,189.0,190,786600,189,4694400,18062548417,18062548417,4257342628,49674800,68038300,0,0,0
2026-03-31,HUMI,Humpuss Maritim Internasional Tbk.,--UO2135000000A112------------,177.0,177.0,183.0,168.0,168.0,-9.0,80585300,14062703300,6446,168.0,169,121300,168,1230600,18062548367,18062548367,4241010909,26460700,4908400,0,0,0
2026-03-30,HUMI,Humpuss Maritim Internasional Tbk.,--UO2135000000A112------------,180.0,177.0,180.0,170.0,177.0,-3.0,68428700,11913112300,5214,177.0,178,224600,177,47900,18062548367,18062548367,4241010909,16027300,12987800,0,0,0
2026-03-27,HUMI,Humpuss Maritim Internasional Tbk.,--UO2135000000A112------------,178.0,176.0,182.0,173.0,180.0,2.0,46504000,8266532400,3849,180.0,181,984100,180,946400,18062548367,18062548367,4241010909,12313000,13561200,0,0,0
2026-03-26,HUMI,Humpuss Maritim Internasional Tbk.,--UO2135000000A112------------,181.0,184.0,186.0,174.0,178.0,-3.0,73591600,13168992400,6069,178.0,179,378700,178,298700,18062548332,18062548332,4241010909,28165600,11349600,0,0,0
2026-03-25,HUMI,Humpuss Maritim Internasional Tbk.,--UO2135000000A112------------,162.0,164.0,185.0,160.0,181.0,19.0,164901700,29523254600,11789,181.0,182,123700,181,1235700,18062548332,18062548332,4241010909,28094700,57848300,0,0,0
2026-03-17,HUMI,Humpuss Maritim Internasional Tbk.,--UO2135000000A112------------,160.0,166.0,173.0,157.0,162.0,2.0,72526400,11808152200,5121,162.0,163,1300,162,7866700,18062548322,18062548322,4241010909,29156100,15997600,0,0,0
2026-03-16,HUMI,Humpuss Maritim Internasional Tbk.,--UO2135000000A112------------,171.0,171.0,172.0,155.0,160.0,-11.0,102091700,16646809700,6635,160.0,160,1399200,159,2071500,18062548272,18062548272,4241010909,22408100,43807000,700000,119700000,1
2026-03-13,HUMI,Humpuss Maritim Internasional Tbk.,--UO2135000000A112------------,189.0,188.0,188.0,170.0,171.0,-18.0,120430700,21210416600,8668,171.0,172,290700,171,160200,18062547272,18062547272,4241010909,16233800,25485900,0,0,0
2026-03-12,HUMI,Humpuss Maritim Internasional Tbk.,--UO2135000000A112------------,199.0,200.0,204.0,186.0,189.0,-10.0,103299300,19967211000,8082,189.0,189,985000,188,711000,18062547272,18062547272,4241010909,11997600,7171400,0,0,0
2026-03-11,HUMI,Humpuss Maritim Internasional Tbk.,--UO2135000000A112------------,194.0,194.0,222.0,194.0,199.0,5.0,325516700,67529422200,17771,199.0,200,631600,199,419000,18062545727,18062545727,4241010909,48324800,52362600,0,0,0
2026-03-10,HUMI,Humpuss Maritim Internasional Tbk.,--UO2135000000A112------------,192.0,204.0,206.0,188.0,194.0,2.0,134135900,26298845100,8658,194.0,195,2020900,194,602200,18062544675,18062544675,4241010909,33066500,10270900,0,0,0
2026-03-09,HUMI,Humpuss Maritim Internasional Tbk.,--UO2135000000A112------------,210.0,197.0,198.0,181.0,192.0,-18.0,240521700,45408467300,13921,192.0,193,75600,192,345800,18062536225,18062536225,4241010909,51291900,63849400,0,0,0
2026-03-06,HUMI,Humpuss Maritim Internasional Tbk.,--UO2135000000A112------------,220.0,220.0,228.0,199.0,210.0,-10.0,190156300,39908096300,12249,210.0,210,2300600,208,1425100,18062535965,18062535965,4241010909,26665600,37694800,1000000,224000000,1
2026-03-05,HUMI,Humpuss Maritim Internasional Tbk.,--UO2135000000A112------------,216.0,230.0,232.0,218.0,220.0,4.0,139974900,31390706400,8976,220.0,222,502100,220,753000,18062535265,18062535265,4241010909,25861500,9893300,0,0,0
2026-03-04,HUMI,Humpuss Maritim Internasional Tbk.,--UO2135000000A112------------,244.0,248.0,250.0,210.0,216.0,-28.0,506751900,115127967200,34760,216.0,218,935100,216,959100,18062534084,18062534084,4241010909,141326300,58691800,2000000,500000000,1
2026-03-03,HUMI,Humpuss Maritim Internasional Tbk.,--UO2135000000A112------------,204.0,208.0,254.0,208.0,244.0,40.0,774906700,186770406000,42534,244.0,244,1163100,242,8485200,18062517707,18062517707,4241010909,74070700,146219900,0,0,0
2026-03-02,HUMI,Humpuss Maritim Internasional Tbk.,--UO2135000000A112------------,234.0,238.0,248.0,200.0,204.0,-30.0,306131000,69469097600,24765,204.0,206,132500,204,4334400,18062515107,18062515107,4241010909,57108400,30140600,0,0,0
2026-02-27,HUMI,Humpuss Maritim Internasional Tbk.,--UO2135000000A112------------,232.0,232.0,236.0,210.0,234.0,2.0,168060300,37956657600,10043,234.0,236,1644200,234,2142000,18062512998,18062512998,4241010909,25587400,57760300,0,0,0
2026-02-26,HUMI,Humpuss Maritim Internasional Tbk.,--UO2135000000A112------------,248.0,250.0,260.0,224.0,232.0,-16.0,262385900,64547942200,17007,232.0,232,59600,230,3517000,18062512998,18062512998,4241010909,25097400,25154500,0,0,0
2026-02-25,HUMI,Humpuss Maritim Internasional Tbk.,--UO2135000000A112------------,250.0,250.0,258.0,234.0,248.0,-2.0,174965400,43198817600,14140,248.0,248,735200,246,426600,18062512717,18062512717,4241010909,11046500,10973300,0,0,0
2026-02-24,HUMI,Humpuss Maritim Internasional Tbk.,--UO2135000000A112------------,266.0,270.0,276.0,246.0,250.0,-16.0,370843900,97098485800,31222,250.0,250,2918100,248,3469500,18062512302,18062512302,4241010909,36962300,25557300,0,0,0
2026-02-23,HUMI,Humpuss Maritim Internasional Tbk.,--UO2135000000A112------------,252.0,256.0,274.0,256.0,266.0,14.0,375791800,99800594000,26851,266.0,268,7770200,266,243700,18062480011,18062480011,4241010909,30504500,40471200,0,0,0
2026-02-20,HUMI,Humpuss Maritim Internasional Tbk.,--UO2135000000A112------------,262.0,262.0,264.0,250.0,252.0,-10.0,130608400,33169574600,13032,252.0,254,2949900,252,1666800,18062477361,18062477361,4241010909,1733600,1161900,0,0,0
2026-02-19,HUMI,Humpuss Maritim Internasional Tbk.,--UO2135000000A112------------,268.0,270.0,274.0,254.0,262.0,-6.0,344709300,89898526200,33621,262.0,262,803800,260,4918500,18062477361,18062477361,4241010909,49847700,9547000,0,0,0
2026-02-18,HUMI,Humpuss Maritim Internasional Tbk.,--UO2135000000A112------------,234.0,240.0,272.0,238.0,268.0,34.0,716871700,181725101800,47610,268.0,268,5455600,266,8772400,18062194403,18062194403,4241010909,63140700,102299800,0,0,0
2026-02-13,HUMI,Humpuss Maritim Internasional Tbk.,--UO2135000000A112------------,228.0,228.0,242.0,220.0,234.0,6.0,233585300,54660555800,18515,234.0,234,1489400,232,1345800,18062194403,18062194403,4241010909,7018300,12611700,0,0,0
2026-02-12,HUMI,Humpuss Maritim Internasional Tbk.,--UO2135000000A112------------,234.0,242.0,246.0,226.0,228.0,-6.0,262240700,61469332200,21711,228.0,230,1554300,228,588600,18062192821,18062192821,4241010909,57244700,11948500,0,0,0
2026-02-11,HUMI,Humpuss Maritim Internasional Tbk.,--UO2135000000A112------------,218.0,222.0,238.0,220.0,234.0,16.0,349662800,80537654400,26087,234.0,236,3133200,234,5059800,18062192821,18062192821,4241010909,32537300,60906600,0,0,0
2026-02-10,HUMI,Humpuss Maritim Internasional Tbk.,--UO2135000000A112------------,210.0,210.0,228.0,200.0,218.0,8.0,270852900,59185347200,19488,218.0,220,3414800,218,1827800,18062189485,18062189485,4241010909,24295700,26495400,0,0,0
2026-02-09,HUMI,Humpuss Maritim Internasional Tbk.,--UO2135000000A112------------,202.0,212.0,220.0,194.0,210.0,8.0,269520500,55963397300,19569,210.0,210,1203500,208,1912800,18062183679,18062183679,4241010909,31041800,16321100,0,0,0
2026-02-06,HUMI,Humpuss Maritim Internasional Tbk.,--UO2135000000A112------------,224.0,216.0,220.0,200.0,202.0,-22.0,201061200,41806378200,17005,202.0,202,1608900,200,7605500,18062183679,18062183679,4241010909,20424700,39832700,0,0,0
2026-02-05,HUMI,Humpuss Maritim Internasional Tbk.,--UO2135000000A112------------,222.0,222.0,242.0,216.0,224.0,2.0,348472600,80000527600,31563,224.0,224,278100,222,2493800,18061889846,18061889846,4241010909,55250300,14347600,0,0,0
2026-02-04,HUMI,Humpuss Maritim Internasional Tbk.,--UO2135000000A112------------,240.0,238.0,278.0,218.0,222.0,-18.0,1422163000,356378681800,103748,222.0,224,766900,222,535400,18061889846,18061889846,4241010909,229169800,142084400,0,0,0
2026-02-03,HUMI,Humpuss Maritim Internasional Tbk.,--UO2135000000A112------------,179.0,160.0,240.0,153.0,240.0,61.0,947644600,189689015800,56479,240.0,0,0,240,350652900,18061887358,18061887358,4241010909,151652100,106848900,0,0,0
2026-02-02,HUMI,Humpuss Maritim Internasional Tbk.,--UO2135000000A112------------,210.0,200.0,212.0,179.0,179.0,-31.0,328482800,59988653400,18552,179.0,179,35791400,0,0,18061887231,18061887231,4241010909,83094700,42244500,0,0,0
2026-01-30,HUMI,Humpuss Maritim Internasional Tbk.,--UO2135000000A112------------,234.0,256.0,266.0,206.0,210.0,-24.0,635712300,147309165000,44322,210.0,212,1023100,208,4409200,18061887231,18061887231,4241010909,256535300,36719000,0,0,0
2026-01-29,HUMI,Humpuss Maritim Internasional Tbk.,--U-4135000000A112-----------X,260.0,0.0,260.0,234.0,234.0,-26.0,74915000,17530115200,4236,234.0,236,143800,234,15722200,18061875921,18061875921,4241010909,0,0,0,0,0
2026-01-28,HUMI,Humpuss Maritim Internasional Tbk.,--U-4135000000A112-----------X,288.0,0.0,260.0,260.0,260.0,-28.0,18244700,4743622000,1429,260.0,260,57893000,0,0,18061840908,18061840908,4241010909,0,273000,0,0,0
2026-01-27,HUMI,Humpuss Maritim Internasional Tbk.,--U-4135000000A112-----------X,262.0,0.0,288.0,248.0,288.0,26.0,82442600,21649985600,7551,288.0,0,0,288,16973900,18061826850,18061826850,4241010909,1806900,50000,0,0,0
2026-01-26,HUMI,Humpuss Maritim Internasional Tbk.,--U-4135000000A112-----------X,290.0,0.0,310.0,262.0,262.0,-28.0,80291400,22862925600,8909,262.0,262,1561800,0,0,18061611727,18061611727,4241010909,0,0,0,0,0
2026-01-23,HUMI,Humpuss Maritim Internasional Tbk.,--U-4135000000A112-----------X,322.0,0.0,290.0,290.0,290.0,-32.0,46945800,13614282000,4831,290.0,290,84007500,0,0,18061558504,18061558504,4241010909,0,0,0,0,0
2026-01-22,HUMI,Humpuss Maritim Internasional Tbk.,--U-4135000000A112-----------X,356.0,0.0,356.0,322.0,322.0,-34.0,76547600,25210964200,9224,322.0,322,47911000,0,0,18058019270,18058019270,4241010909,10000,151500,0,0,0
2026-01-21,HUMI,Humpuss Maritim Internasional Tbk.,--U-4135000000A112-----------X,356.0,0.0,390.0,356.0,356.0,0.0,152861200,58854791600,15338,356.0,356,3020600,354,54000,18058019270,18058019270,4241010909,94000,0,0,0,0
2026-01-20,HUMI,Humpuss Maritim Internasional Tbk.,--UO2135000000A112------------,356.0,0.0,0.0,0.0,356.0,0.0,0,0,0,356.0,0,0,0,0,18057403044,18057403044,4241010909,0,0,0,0,0
2026-01-19,HUMI,Humpuss Maritim Internasional Tbk.,--UO2135000000A112------------,356.0,0.0,0.0,0.0,356.0,0.0,0,0,0,356.0,0,0,0,0,18056709114,18056709114,4241010909,0,0,0,0,0
2026-01-15,HUMI,Humpuss Maritim Internasional Tbk.,--UO2135000000A112------------,356.0,0.0,0.0,0.0,356.0,0.0,0,0,0,356.0,0,0,0,0,18056059333,18056059333,4241010909,0,0,0,0,0
2026-01-14,HUMI,Humpuss Maritim Internasional Tbk.,--UO2135000000A112------------,356.0,0.0,0.0,0.0,356.0,0.0,0,0,0,356.0,0,0,0,0,18053390352,18053390352,4241010909,0,0,0,0,0
2026-01-13,HUMI,Humpuss Maritim Internasional Tbk.,--UO2135000000A112------------,356.0,0.0,0.0,0.0,356.0,0.0,0,0,0,356.0,0,0,0,0,18053390352,18053390352,4241010909,0,0,0,0,0
2026-01-12,HUMI,Humpuss Maritim Internasional Tbk.,--UO2135000000A112------------,356.0,0.0,0.0,0.0,356.0,0.0,0,0,0,356.0,0,0,0,0,18053219452,18053219452,4241010909,0,0,0,0,0
2026-01-09,HUMI,Humpuss Maritim Internasional Tbk.,--UO2135000000A112------------,356.0,0.0,0.0,0.0,356.0,0.0,0,0,0,356.0,0,0,0,0,18052421466,18052421466,4241010909,0,0,0,0,0
2026-01-08,HUMI,Humpuss Maritim Internasional Tbk.,--UO2135000000A112------------,356.0,0.0,0.0,0.0,356.0,0.0,0,0,0,356.0,0,0,0,0,18052421466,18052421466,4241010909,0,0,0,0,0
2026-01-07,HUMI,Humpuss Maritim Internasional Tbk.,--UO2135000000A112------------,356.0,0.0,0.0,0.0,356.0,0.0,0,0,0,356.0,0,0,0,0,18050493756,18050493756,4241010909,0,0,0,0,0
2026-01-06,HUMI,Humpuss Maritim Internasional Tbk.,--UO2135000000A112------------,322.0,366.0,386.0,334.0,356.0,34.0,1310534800,473666997400,114569,356.0,358,2469200,356,191900,18047179396,18047179396,4241010909,367205500,133919400,0,0,0
2026-01-05,HUMI,Humpuss Maritim Internasional Tbk.,--UO2135000000A112------------,322.0,0.0,0.0,0.0,322.0,0.0,0,0,0,322.0,0,0,0,0,18047177394,18047177394,4241010909,0,0,0,0,0
2026-01-02,HUMI,Humpuss Maritim Internasional Tbk.,--UO2135000000A112------------,258.0,268.0,322.0,262.0,322.0,64.0,1967853300,589212165600,134852,322.0,0,0,322,81928600,18046898025,18046898025,4241010909,203488700,533967500,0,0,0
2025-12-30,HUMI,Humpuss Maritim Internasional Tbk.,--UO2135000000A112------------,232.0,240.0,280.0,226.0,258.0,26.0,3114764700,798701008200,180267,258.0,258,4852000,256,2217100,18046897702,18046897702,3058896191,514774000,569415900,0,0,0
2025-12-29,HUMI,Humpuss Maritim Internasional Tbk.,--UO2135000000A112------------,206.0,210.0,234.0,210.0,232.0,26.0,764138400,172361063600,35891,232.0,232,4169200,230,3802800,18046894836,18046894836,3058896191,67428000,339437800,0,0,0
2025-12-24,HUMI,Humpuss Maritim Internasional Tbk.,--UO2135000000A112------------,208.0,208.0,232.0,202.0,206.0,-2.0,638986900,139457127800,37681,206.0,206,2561200,204,13149300,18046894598,18046894598,3058896191,63885400,50896700,100000,16400000,1
2025-12-23,HUMI,Humpuss Maritim Internasional Tbk.,--UO2135000000A112------------,204.0,204.0,210.0,200.0,208.0,4.0,150859900,30949673400,10478,208.0,208,138900,206,1565700,18046883534,18046883534,3058896191,17935000,33347900,0,0,0
2025-12-22,HUMI,Humpuss Maritim Internasional Tbk.,--UO2135000000A112------------,206.0,208.0,216.0,199.0,204.0,-2.0,224225000,46455279600,20991,204.0,206,1524900,204,2114500,18046883534,18046883534,3058896191,30289500,23174800,0,0,0
2025-12-19,HUMI,Humpuss Maritim Internasional Tbk.,--UO2135000000A112------------,220.0,222.0,226.0,195.0,206.0,-14.0,302786600,63057849500,21341,206.0,206,803700,204,5796900,18046878100,18046878100,3058896191,13935000,40187200,0,0,0
2025-12-18,HUMI,Humpuss Maritim Internasional Tbk.,--UO2135000000A112------------,222.0,222.0,232.0,216.0,220.0,-2.0,280810200,62666280200,20384,220.0,222,4124200,220,445400,18046854934,18046854934,3058896191,21309900,13422800,0,0,0
2025-12-17,HUMI,Humpuss Maritim Internasional Tbk.,--UO2135000000A112------------,228.0,236.0,242.0,220.0,222.0,-6.0,639750800,147231878400,46663,222.0,224,1098800,222,3941900,18046852134,18046852134,3058896191,101560600,42302300,0,0,0
2025-12-16,HUMI,Humpuss Maritim Internasional Tbk.,--UO2135000000A112------------,206.0,206.0,232.0,200.0,228.0,22.0,932146300,207969871000,41788,228.0,228,5929100,226,5492600,18046851827,18046851827,3058896191,104924800,147078400,4123400,931888400,1
2025-12-15,HUMI,Humpuss Maritim Internasional Tbk.,--UO2135000000A112------------,218.0,220.0,224.0,202.0,206.0,-12.0,361955500,77659130000,23799,206.0,206,730700,204,532300,18046851827,18046851827,3058896191,64384700,44135300,0,0,0
2025-12-12,HUMI,Humpuss Maritim Internasional Tbk.,--UO2135000000A112------------,228.0,226.0,230.0,212.0,218.0,-10.0,344611500,75449481000,26881,218.0,220,4938400,218,481900,18046791323,18046791323,3058896191,30474800,48699100,0,0,0
2025-12-11,HUMI,Humpuss Maritim Internasional Tbk.,--UO2135000000A112------------,224.0,230.0,244.0,218.0,228.0,4.0,1486311000,347581884000,93306,228.0,230,7273100,228,4971200,18046789618,18046789618,3058896191,165404900,157580600,0,0,0
2025-12-10,HUMI,Humpuss Maritim Internasional Tbk.,--UO2135000000A112------------,193.0,193.0,244.0,192.0,224.0,31.0,2717776900,594617216900,124137,224.0,226,4001300,224,7253400,18046789618,18046789618,3058896191,287689600,316063000,0,0,0
2025-12-09,HUMI,Humpuss Maritim Internasional Tbk.,--UO2135000000A112------------,199.0,200.0,210.0,191.0,193.0,-6.0,493868000,98397442600,30497,193.0,194,1189400,193,1288400,18046740477,18046740477,3058896191,65802500,29551000,0,0,0
2025-12-08,HUMI,Humpuss Maritim Internasional Tbk.,--UO2135000000A112------------,199.0,195.0,210.0,185.0,199.0,0.0,1158278300,231946277600,68121,199.0,200,895100,199,12507500,18046740477,18046740477,3058896191,170627500,108833400,0,0,0
2025-12-05,HUMI,Humpuss Maritim Internasional Tbk.,--UO2135000000A112------------,234.0,242.0,256.0,199.0,199.0,-35.0,2034534200,445948661600,83054,199.0,199,20196700,0,0,18046622461,18046622461,3058896191,197062000,136614500,0,0,0
2025-12-04,HUMI,Humpuss Maritim Internasional Tbk.,--UO2135000000A112------------,180.0,180.0,234.0,175.0,234.0,54.0,2498401400,533607288700,102976,234.0,234,17096100,232,1948700,18046609331,18046609331,3058896191,353574400,510772400,0,0,0
2025-12-03,HUMI,Humpuss Maritim Internasional Tbk.,--UO2135000000A112------------,166.0,166.0,182.0,162.0,180.0,14.0,850949300,149852749200,32590,180.0,181,4624300,180,1623200,18046609281,18046609281,3058896191,101140100,121626400,0,0,0
2025-12-02,HUMI,Humpuss Maritim Internasional Tbk.,--UO2135000000A112------------,173.0,175.0,188.0,165.0,166.0,-7.0,1090486300,193926357800,52347,166.0,167,622800,166,194500,18046609231,18046609231,3058896191,141209100,131103600,0,0,0
2025-12-01,HUMI,Humpuss Maritim Internasional Tbk.,--UO2135000000A112------------,149.0,151.0,182.0,151.0,173.0,24.0,1239560000,207680832400,51966,173.0,173,674800,172,886900,18046609131,18046609131,3058896191,160054700,140668600,0,0,0
2025-11-28,HUMI,Humpuss Maritim Internasional Tbk.,--UO2135000000A112------------,158.0,159.0,160.0,144.0,149.0,-9.0,374991300,56854889000,18663,149.0,150,472800,149,2652000,18046609131,18046609131,3058896191,63616300,49836800,0,0,0
2025-11-27,HUMI,Humpuss Maritim Internasional Tbk.,--UO2135000000A112------------,137.0,140.0,177.0,137.0,158.0,21.0,1701661100,273098300700,73474,158.0,159,2790000,158,6991500,18046609081,18046609081,3058896191,168804500,202513100,0,0,0
2025-11-26,HUMI,Humpuss Maritim Internasional Tbk.,--UO2135000000A112------------,140.0,142.0,143.0,134.0,137.0,-3.0,151446500,20811434400,8575,137.0,138,874600,137,291000,18046609031,18046609031,3058896191,27155300,16803500,0,0,0
2025-11-25,HUMI,Humpuss Maritim Internasional Tbk.,--UO2135000000A112------------,132.0,134.0,143.0,131.0,140.0,8.0,389035900,53775425700,18081,140.0,141,2553800,140,1122400,18046609031,18046609031,3058896191,42625900,64599900,0,0,0
2025-11-24,HUMI,Humpuss Maritim Internasional Tbk.,--UO2135000000A112------------,128.0,128.0,133.0,126.0,132.0,4.0,65575400,8478327000,3564,132.0,132,909800,131,211900,18046608862,18046608862,3058896191,8286000,11917400,0,0,0
2025-11-21,HUMI,Humpuss Maritim Internasional Tbk.,--UO2135000000A112------------,131.0,131.0,131.0,127.0,128.0,-3.0,69620300,8935983600,3434,128.0,129,1368000,128,336600,18046608862,18046608862,3058896191,1746800,11954400,0,0,0
2025-11-20,HUMI,Humpuss Maritim Internasional Tbk.,--UO2135000000A112------------,126.0,128.0,141.0,127.0,131.0,5.0,370492200,49789573400,15840,131.0,131,909900,130,3057300,18046608312,18046608312,3058896191,26658300,13303100,0,0,0
2025-11-19,HUMI,Humpuss Maritim Internasional Tbk.,--UO2135000000A112------------,126.0,126.0,129.0,125.0,126.0,0.0,41893800,5315500900,2318,126.0,127,92300,126,2625000,18046608312,18046608312,3058896191,2625300,9166700,0,0,0
2025-11-18,HUMI,Humpuss Maritim Internasional Tbk.,--UO2135000000A112------------,127.0,127.0,128.0,123.0,126.0,-1.0,31167700,3902834200,1809,126.0,127,814900,126,628200,18046608166,18046608166,3058896191,3958300,6967700,0,0,0
2025-11-17,HUMI,Humpuss Maritim Internasional Tbk.,--UO2135000000A112------------,126.0,126.0,129.0,125.0,127.0,1.0,36383400,4604285900,2354,127.0,128,733300,127,168300,18046608166,18046608166,3058896191,2930300,4944100,0,0,0
2025-11-14,HUMI,Humpuss Maritim Internasional Tbk.,--UO2135000000A112------------,131.0,133.0,133.0,124.0,126.0,-5.0,53452400,6825461400,3339,126.0,127,2256400,126,971300,18046608106,18046608106,3058896191,8022100,2761200,0,0,0
2025-11-13,HUMI,Humpuss Maritim Internasional Tbk.,--UO2135000000A112------------,125.0,125.0,136.0,125.0,131.0,6.0,173892800,22721374000,8769,131.0,132,1474200,131,1862500,18046608106,18046608106,3058896191,26830200,20695100,0,0,0
2025-11-12,HUMI,Humpuss Maritim Internasional Tbk.,--UO2135000000A112------------,125.0,125.0,128.0,123.0,125.0,0.0,34258700,4301267700,2140,125.0,125,226400,124,2325300,18046607956,18046607956,3058896191,4335600,6118000,0,0,0
2025-11-11,HUMI,Humpuss Maritim Internasional Tbk.,--UO2135000000A112------------,127.0,127.0,128.0,124.0,125.0,-2.0,34101400,4268792100,2107,125.0,126,1516400,125,1035900,18046607956,18046607956,3058896191,2808600,1715600,0,0,0
2025-11-10,HUMI,Humpuss Maritim Internasional Tbk.,--UO2135000000A112------------,124.0,124.0,127.0,122.0,127.0,3.0,47363700,5912636600,3065,127.0,127,3012100,126,306300,18046607542,18046607542,3058896191,1837400,12421800,0,0,0
2025-11-07,HUMI,Humpuss Maritim Internasional Tbk.,--UO2135000000A112------------,124.0,124.0,126.0,122.0,124.0,0.0,20020800,2476116000,1669,124.0,124,54500,123,1849300,18046607253,18046607253,3058896191,1062400,2284800,0,0,0
2025-11-06,HUMI,Humpuss Maritim Internasional Tbk.,--UO2135000000A112------------,125.0,125.0,127.0,121.0,124.0,-1.0,35314900,4368686600,2925,124.0,125,827900,124,68900,18046607253,18046607253,3058896191,1187000,5164000,0,0,0
2025-11-05,HUMI,Humpuss Maritim Internasional Tbk.,--UO2135000000A112------------,120.0,123.0,133.0,123.0,125.0,5.0,152777200,19569182400,9560,125.0,126,1266900,125,1050000,18046607253,18046607253,3058896191,18081400,11032300,0,0,0
2025-11-04,HUMI,Humpuss Maritim Internasional Tbk.,--UO2135000000A112------------,123.0,123.0,124.0,118.0,120.0,-3.0,51139400,6164726600,3793,120.0,120,2715100,119,3499300,18046607253,18046607253,3058896191,1451000,8267000,0,0,0
2025-11-03,HUMI,Humpuss Maritim Internasional Tbk.,--UO2135000000A112------------,126.0,126.0,128.0,123.0,123.0,-3.0,39324600,4894768300,3316,123.0,123,392600,122,2009600,18046607241,18046607241,3058896191,1633800,1150600,0,0,0
2025-10-31,HUMI,Humpuss Maritim Internasional Tbk.,--UO2135000000A112------------,128.0,129.0,130.0,124.0,126.0,-2.0,35940800,4542880300,2677,126.0,126,767800,125,1326300,18046607241,18046607241,3058896191,4047600,1761900,0,0,0
2025-10-30,HUMI,Humpuss Maritim Internasional Tbk.,--UO2135000000A112------------,128.0,129.0,131.0,126.0,128.0,0.0,51629500,6594449700,3812,128.0,128,26100,127,3496600,18046607241,18046607241,3058896191,4897800,3906700,0,0,0
2025-10-29,HUMI,Humpuss Maritim Internasional Tbk.,--UO2135000000A112------------,129.0,130.0,133.0,127.0,128.0,-1.0,63537400,8192448900,5091,128.0,129,2154100,128,2542500,18046607241,18046607241,3058896191,6363000,4297300,0,0,0
2025-10-28,HUMI,Humpuss Maritim Internasional Tbk.,--UO2135000000A112------------,126.0,126.0,132.0,121.0,129.0,3.0,123585100,15819269600,6944,129.0,130,1182200,129,2918600,18046607241,18046607241,3058896191,16455500,17094300,0,0,0
2025-10-27,HUMI,Humpuss Maritim Internasional Tbk.,--UO2135000000A112------------,129.0,131.0,136.0,125.0,126.0,-3.0,125727500,16454113300,8509,126.0,127,622800,126,1884400,18046607241,18046607241,3058896191,11235500,16119400,0,0,0
2025-10-24,HUMI,Humpuss Maritim Internasional Tbk.,--UO2135000000A112------------,130.0,130.0,138.0,129.0,129.0,-1.0,112226800,14875748900,5554,129.0,130,25500,129,1032100,18046607191,18046607191,3058896191,12827900,10059400,0,0,0
2025-10-23,HUMI,Humpuss Maritim Internasional Tbk.,--UO2135000000A112------------,130.0,132.0,134.0,128.0,130.0,0.0,80160300,10442921600,5004,130.0,130,1464200,129,229400,18046607191,18046607191,3058896191,10571700,4815500,0,0,0
2025-10-22,HUMI,Humpuss Maritim Internasional Tbk.,--UO2135000000A112------------,133.0,133.0,135.0,123.0,130.0,-3.0,194843200,25280879000,9546,130.0,130,2585700,129,503300,18046607173,18046607173,3058896191,15445400,19999500,0,0,0
2025-10-21,HUMI,Humpuss Maritim Internasional Tbk.,--UO2135000000A112------------,141.0,142.0,150.0,131.0,133.0,-8.0,599170900,83802355800,30727,133.0,133,6383200,132,2449500,18046607173,18046607173,3058896191,26983800,20114100,1000000,75000000,1
2025-10-20,HUMI,Humpuss Maritim Internasional Tbk.,--UO2135000000A112------------,113.0,117.0,148.0,115.0,141.0,28.0,1941988500,266641463900,73044,141.0,142,7878800,141,677500,18046607173,18046607173,3058896191,253623400,224172400,0,0,0
2025-10-17,HUMI,Humpuss Maritim Internasional Tbk.,--UO2135000000A112------------,118.0,118.0,129.0,113.0,113.0,-5.0,150209600,18063001600,6713,113.0,114,134000,113,1910500,18046607173,18046607173,3058896191,44282400,24959700,0,0,0
2025-10-16,HUMI,Humpuss Maritim Internasional Tbk.,--UO2135000000A112------------,113.0,115.0,122.0,113.0,118.0,5.0,44696000,5272286100,2851,118.0,119,430600,118,314700,18046607173,18046607173,3058896191,4172600,15946500,0,0,0
2025-10-15,HUMI,Humpuss Maritim Internasional Tbk.,--UO2135000000A112------------,122.0,123.0,124.0,112.0,113.0,-9.0,81906100,9481553600,4366,113.0,114,10100,113,641300,18046607123,18046607123,3058896191,8594900,21556700,0,0,0
2025-10-14,HUMI,Humpuss Maritim Internasional Tbk.,--UO2135000000A112------------,125.0,126.0,132.0,118.0,122.0,-3.0,96422300,12023025700,5619,122.0,122,2933300,121,883200,18046607123,18046607123,3058896191,23277000,19134500,0,0,0
2025-10-13,HUMI,Humpuss Maritim Internasional Tbk.,--UO2135000000A112------------,117.0,116.0,133.0,113.0,125.0,8.0,212232300,26625229400,10584,125.0,126,1404300,125,1044900,18046604780,18046604780,3058896191,31835700,58185700,0,0,0
2025-10-10,HUMI,Humpuss Maritim Internasional Tbk.,--UO2135000000A112------------,122.0,122.0,123.0,116.0,117.0,-5.0,56539000,6701361500,3947,117.0,118,318800,117,1136400,18046604654,18046604654,3058896191,7788800,2879200,0,0,0
2025-10-09,HUMI,Humpuss Maritim Internasional Tbk.,--UO2135000000A112------------,118.0,120.0,131.0,120.0,122.0,4.0,195306800,24468019100,8068,122.0,122,141100,121,1396600,18046604647,18046604647,3058896191,49002700,28442100,0,0,0
2025-10-08,HUMI,Humpuss Maritim Internasional Tbk.,--UO2135000000A112------------,120.0,120.0,124.0,117.0,118.0,-2.0,104582100,12534156400,4996,118.0,119,300100,118,1188800,18046604647,18046604647,3058896191,13859600,32701400,0,0,0
2025-10-07,HUMI,Humpuss Maritim Internasional Tbk.,--UO2135000000A112------------,132.0,132.0,133.0,120.0,120.0,-12.0,168524100,21222179200,7996,120.0,121,1362500,120,5054600,18046604647,18046604647,3058896191,24395100,15149100,0,0,0
2025-10-06,HUMI,Humpuss Maritim Internasional Tbk.,--UO2135000000A112------------,130.0,130.0,135.0,129.0,132.0,2.0,103583100,13640859500,4578,132.0,132,840000,131,829900,18046603875,18046603875,3058896191,5809900,14981500,0,0,0
2025-10-03,HUMI,Humpuss Maritim Internasional Tbk.,--UO2135000000A112------------,135.0,136.0,136.0,129.0,130.0,-5.0,67518800,8856972200,4266,130.0,130,307300,129,2156100,18046603875,18046603875,3058896191,5623200,3232200,0,0,0
2025-10-02,HUMI,Humpuss Maritim Internasional Tbk.,--UO2135000000A112------------,131.0,132.0,140.0,128.0,135.0,4.0,227601100,30568631100,9053,135.0,136,1046400,135,894200,18046600725,18046600725,3058896191,23374500,20795000,0,0,0
2025-10-01,HUMI,Humpuss Maritim Internasional Tbk.,--UO2135000000A112------------,133.0,133.0,134.0,129.0,131.0,-2.0,77267600,10120095500,4570,131.0,131,1172100,130,329900,18046600725,18046600725,3058896191,4514900,8220100,1453945000,81771641900,3
2025-09-30,HUMI,Humpuss Maritim Internasional Tbk.,--UO2135000000A112------------,139.0,143.0,144.0,131.0,133.0,-6.0,108985400,14805180100,5970,133.0,133,478800,132,597800,18046597025,18046597025,2706977950,23270500,9381600,0,0,0
2025-09-29,HUMI,Humpuss Maritim Internasional Tbk.,--UO2135000000A112------------,130.0,130.0,143.0,130.0,139.0,9.0,214032300,29402651200,10014,139.0,140,6661300,139,2298800,18046586949,18046586949,2706977950,48864600,32237700,0,0,0
2025-09-26,HUMI,Humpuss Maritim Internasional Tbk.,--UO2135000000A112------------,131.0,132.0,134.0,128.0,130.0,-1.0,86812800,11338789600,3788,130.0,131,802100,130,278300,18046586899,18046586899,2706977950,11422700,26840200,1182013700,59100685000,1
2025-09-25,HUMI,Humpuss Maritim Internasional Tbk.,--UO2135000000A112------------,132.0,132.0,137.0,129.0,131.0,-1.0,105615400,13924271800,5316,131.0,132,1060700,131,1802000,18046586168,18046586168,2706977950,9696100,25505700,0,0,0
2025-09-24,HUMI,Humpuss Maritim Internasional Tbk.,--UO2135000000A112------------,138.0,138.0,139.0,132.0,132.0,-6.0,77169800,10352119600,5257,132.0,132,798100,131,2324200,18046586168,18046586168,2706977950,14917900,2598000,0,0,0
2025-09-23,HUMI,Humpuss Maritim Internasional Tbk.,--UO2135000000A112------------,136.0,137.0,140.0,134.0,138.0,2.0,114188500,15717137100,5410,138.0,138,1221700,137,1129900,18046585198,18046585198,2706977950,6944300,36025200,0,0,0
2025-09-22,HUMI,Humpuss Maritim Internasional Tbk.,--UO2135000000A112------------,135.0,136.0,145.0,130.0,136.0,1.0,264075200,36417492200,16842,136.0,137,923600,136,758600,18046585198,18046585198,2706977950,43717500,19589700,0,0,0
2025-09-19,HUMI,Humpuss Maritim Internasional Tbk.,--UO2135000000A112------------,141.0,142.0,144.0,129.0,135.0,-6.0,279192300,37529431200,14533,135.0,136,895100,135,2412300,18046585198,18046585198,2706977950,29633900,57095800,0,0,0
2025-09-18,HUMI,Humpuss Maritim Internasional Tbk.,--UO2135000000A112------------,144.0,145.0,150.0,140.0,141.0,-3.0,152971300,21813748000,8023,141.0,142,1633200,141,901400,18046585198,18046585198,2706977950,10695900,6186800,0,0,0
2025-09-17,HUMI,Humpuss Maritim Internasional Tbk.,--UO2135000000A112------------,151.0,151.0,153.0,144.0,144.0,-7.0,102391000,15042983600,6016,144.0,145,436100,144,1714700,18046584698,18046584698,2706977950,14923700,6226300,0,0,0
2025-09-16,HUMI,Humpuss Maritim Internasional Tbk.,--UO2135000000A112------------,157.0,158.0,159.0,148.0,151.0,-6.0,137790400,20966634600,6799,151.0,152,794600,151,1209900,18046584698,18046584698,2706977950,27062900,2963800,0,0,0
2025-09-15,HUMI,Humpuss Maritim Internasional Tbk.,--UO2135000000A112------------,151.0,153.0,163.0,150.0,157.0,6.0,307800100,48582357800,14366,157.0,158,1999000,157,4329900,18046584501,18046584501,2706977950,37051600,36225900,0,0,0
2025-09-12,HUMI,Humpuss Maritim Internasional Tbk.,--UO2135000000A112------------,148.0,149.0,155.0,148.0,151.0,3.0,162115300,24510036700,7010,151.0,152,1384000,151,345000,18046584501,18046584501,2706977950,22048800,39105300,0,0,0
2025-09-11,HUMI,Humpuss Maritim Internasional Tbk.,--UO2135000000A112------------,144.0,146.0,159.0,141.0,148.0,4.0,337777500,50843874100,15528,148.0,148,1690700,147,3984300,18046584394,18046584394,2706977950,45779900,23463800,0,0,0
2025-09-10,HUMI,Humpuss Maritim Internasional Tbk.,--UO2135000000A112------------,151.0,152.0,153.0,141.0,144.0,-7.0,210465300,30460149100,10686,144.0,145,354700,144,137900,18046581417,18046581417,2706977950,39936900,38977700,0,0,0
2025-09-09,HUMI,Humpuss Maritim Internasional Tbk.,--UO2135000000A112------------,141.0,144.0,162.0,144.0,151.0,10.0,583616300,89592514700,24661,151.0,152,747700,151,1001600,18046581417,18046581417,2706977950,122918400,84672500,0,0,0
2025-09-08,HUMI,Humpuss Maritim Internasional Tbk.,--UO2135000000A112------------,161.0,161.0,165.0,141.0,141.0,-20.0,400835800,60147303100,19011,141.0,141,805300,140,1783400,18046581417,18046581417,2706977950,42391100,115510400,0,0,0
2025-09-04,HUMI,Humpuss Maritim Internasional Tbk.,--UO2135000000A112------------,166.0,168.0,173.0,160.0,161.0,-5.0,190831600,31195519100,12302,161.0,161,5300,160,2137200,18046581417,18046581417,2706977950,12800400,20865900,136000,1088000,1
2025-09-03,HUMI,Humpuss Maritim Internasional Tbk.,--UO2135000000A112------------,178.0,178.0,183.0,159.0,166.0,-12.0,468930800,79406563800,25920,166.0,166,308700,165,226800,18046529982,18046529982,2706977950,22478400,22850800,0,0,0
2025-09-02,HUMI,Humpuss Maritim Internasional Tbk.,--UO2135000000A112------------,180.0,185.0,189.0,177.0,178.0,-2.0,365643500,66443828800,21526,178.0,179,1144300,178,2050900,18046529982,18046529982,2706977950,26982100,10424600,0,0,0
2025-09-01,HUMI,Humpuss Maritim Internasional Tbk.,--UO2135000000A112------------,175.0,165.0,196.0,154.0,180.0,5.0,1085946200,198376105300,49286,180.0,181,645400,180,2578600,18046528601,18046528601,2706977950,75644500,65824900,0,0,0
2025-08-29,HUMI,Humpuss Maritim Internasional Tbk.,--UO2135000000A112------------,184.0,184.0,214.0,159.0,175.0,-9.0,1876247900,345629795700,74595,175.0,176,582800,175,3637900,18046528601,18046528601,2706977950,181311800,145227600,0,0,0
2025-08-28,HUMI,Humpuss Maritim Internasional Tbk.,--UO2135000000A112------------,184.0,0.0,0.0,0.0,184.0,0.0,0,0,0,184.0,0,0,0,0,18046528601,18046528601,2706977950,0,0,111100,1111000,1
2025-08-27,HUMI,Humpuss Maritim Internasional Tbk.,--UO2135000000A112------------,137.0,142.0,184.0,135.0,184.0,47.0,2394941300,400366430900,82109,184.0,184,30235600,183,51107900,18046526551,18046526551,2706977950,239070700,184847200,0,0,0
2025-08-26,HUMI,Humpuss Maritim Internasional Tbk.,--UO2135000000A112------------,134.0,136.0,145.0,121.0,137.0,3.0,765014600,101184046100,24896,137.0,137,32500,136,1303300,18046525925,18046525925,2706977950,52526900,163647100,96491300,11000008200,1
2025-08-25,HUMI,Humpuss Maritim Internasional Tbk.,--UO2135000000A112------------,108.0,117.0,139.0,117.0,134.0,26.0,1800871100,235322634400,62121,134.0,135,7478400,134,4091000,18046525209,18046525209,2706977950,194720000,127129800,0,0,0
2025-08-22,HUMI,Humpuss Maritim Internasional Tbk.,--UO2135000000A112------------,80.0,81.0,108.0,80.0,108.0,28.0,1771104200,175418072100,47569,108.0,0,0,108,88653900,18046525209,18046525209,2706977950,163441100,157410900,0,0,0
2025-08-21,HUMI,Humpuss Maritim Internasional Tbk.,--UO2135000000A112------------,71.0,72.0,84.0,70.0,80.0,9.0,608435600,47835963400,14747,80.0,81,2986200,80,859400,18046525209,18046525209,2706977950,33053500,76209400,0,0,0
2025-08-20,HUMI,Humpuss Maritim Internasional Tbk.,--UO2135000000A112------------,71.0,72.0,73.0,70.0,71.0,0.0,79873700,5683105600,2494,71.0,71,4595100,70,8195400,18046525054,18046525054,2706977950,11258600,7148000,0,0,0
2025-08-19,HUMI,Humpuss Maritim Internasional Tbk.,--UO2135000000A112------------,66.0,66.0,74.0,66.0,71.0,5.0,294337500,20740187900,6016,71.0,72,8623800,71,1923900,18046525054,18046525054,2706977950,22938100,47502700,0,0,0
2025-08-15,HUMI,Humpuss Maritim Internasional Tbk.,--UO2135000000A112------------,67.0,67.0,68.0,65.0,66.0,-1.0,72740300,4807391400,1791,66.0,67,8400200,66,2497300,18046524972,18046524972,2706977950,3824900,162500,0,0,0
2025-08-14,HUMI,Humpuss Maritim Internasional Tbk.,--UO2135000000A112------------,66.0,66.0,68.0,66.0,67.0,1.0,60823700,4061656400,1857,67.0,68,14207700,67,223800,18046524920,18046524920,2706977950,139500,5259700,0,0,0
2025-08-13,HUMI,Humpuss Maritim Internasional Tbk.,--UO2135000000A112------------,67.0,67.0,68.0,66.0,66.0,-1.0,56503000,3785484800,1578,66.0,67,987500,66,14433400,18046524840,18046524840,2706977950,2019300,1645300,0,0,0
2025-08-12,HUMI,Humpuss Maritim Internasional Tbk.,--UO2135000000A112------------,66.0,67.0,69.0,66.0,67.0,1.0,66558000,4471614700,2230,67.0,67,251700,66,11974400,18046524550,18046524550,2706977950,295100,3693000,175440000,10000080000,1
2025-08-11,HUMI,Humpuss Maritim Internasional Tbk.,--UO2135000000A112------------,69.0,70.0,70.0,66.0,66.0,-3.0,106281900,7152898300,3104,66.0,67,5106800,66,8400400,18046524550,18046524550,2706977950,9632400,95300,0,0,0
2025-08-08,HUMI,Humpuss Maritim Internasional Tbk.,--UO2135000000A112------------,69.0,69.0,71.0,67.0,69.0,0.0,100944900,6933021700,2823,69.0,70,5835100,69,75600,18046524149,18046524149,2706977950,10231700,5817900,0,0,0
2025-08-07,HUMI,Humpuss Maritim Internasional Tbk.,--UO2135000000A112------------,65.0,66.0,75.0,65.0,69.0,4.0,429221500,30428386300,12198,69.0,69,419600,68,6584900,18046524147,18046524147,2706977950,34187700,34567700,0,0,0
2025-08-06,HUMI,Humpuss Maritim Internasional Tbk.,--UO2135000000A112------------,65.0,65.0,67.0,64.0,65.0,0.0,73417100,4809542300,2656,65.0,66,5796100,65,1687800,18046524097,18046524097,2706977950,891300,3755300,0,0,0
2025-08-05,HUMI,Humpuss Maritim Internasional Tbk.,--UO2135000000A112------------,67.0,67.0,68.0,64.0,65.0,-2.0,100401000,6588363800,4106,65.0,66,3026200,65,468000,18046523995,18046523995,2706977950,11564200,836000,0,0,0
2025-08-04,HUMI,Humpuss Maritim Internasional Tbk.,--UO2130000000A112------------,60.0,61.0,72.0,60.0,67.0,7.0,730617900,49064261600,21933,67.0,67,1308900,66,1055600,18046523995,18046523995,2706977950,47704200,55795900,0,0,0
2025-08-01,HUMI,Humpuss Maritim Internasional Tbk.,--UO2130000000A112------------,59.0,61.0,62.0,59.0,60.0,1.0,35987700,2169804100,1376,60.0,61,13843700,60,1253900,18046523995,18046523995,2706977950,2359900,975400,0,0,0
2025-07-31,HUMI,Humpuss Maritim Internasional Tbk.,--UO2130000000A112------------,60.0,60.0,61.0,58.0,59.0,-1.0,83446500,4929453000,2171,59.0,60,2502500,59,8749600,18046523894,18046523894,2706977950,4382600,4445400,0,0,0
2025-07-30,HUMI,Humpuss Maritim Internasional Tbk.,--UO2130000000A112------------,62.0,63.0,63.0,60.0,60.0,-2.0,52643500,3227473200,1774,60.0,61,3138400,60,12813400,18046523891,18046523891,2706977950,3348100,153900,0,0,0
2025-07-29,HUMI,Humpuss Maritim Internasional Tbk.,--UO2130000000A112------------,59.0,61.0,63.0,60.0,62.0,3.0,100002500,6130715800,2758,62.0,62,454200,61,4936400,18046523891,18046523891,2706977950,71400,12278600,0,0,0
2025-07-28,HUMI,Humpuss Maritim Internasional Tbk.,--UO2130000000A112------------,60.0,61.0,61.0,59.0,59.0,-1.0,43317600,2596420300,1405,59.0,60,5590000,59,15465900,18046523791,18046523791,2706977950,1453000,358000,0,0,0
2025-07-25,HUMI,Humpuss Maritim Internasional Tbk.,--UO2130000000A112------------,58.0,58.0,62.0,58.0,60.0,2.0,79586800,4812987900,2438,60.0,61,8033200,60,506900,18046523741,18046523741,2706977950,3984200,5828100,0,0,0
2025-07-24,HUMI,Humpuss Maritim Internasional Tbk.,--UO2130000000A112------------,59.0,60.0,60.0,58.0,58.0,-1.0,33534500,1976472600,1093,58.0,59,250600,58,11620100,18046523741,18046523741,2706977950,272700,876300,0,0,0
2025-07-23,HUMI,Humpuss Maritim Internasional Tbk.,--UO2130000000A112------------,61.0,61.0,61.0,58.0,59.0,-2.0,53418000,3172327700,1469,59.0,59,1600,58,9631000,18046523741,18046523741,2706977950,442500,451300,0,0,0
2025-07-22,HUMI,Humpuss Maritim Internasional Tbk.,--UO2130000000A112------------,61.0,62.0,63.0,59.0,61.0,0.0,69321200,4221451100,2026,61.0,61,5280500,60,1084900,18046521630,18046521630,2706977950,17072600,86800,12000,708000,1
2025-07-21,HUMI,Humpuss Maritim Internasional Tbk.,--UO2130000000A112------------,60.0,60.0,63.0,59.0,61.0,1.0,148279900,9032475900,4012,61.0,62,7332900,61,548300,18046521203,18046521203,2706977950,17249400,12112800,0,0,0
2025-07-18,HUMI,Humpuss Maritim Internasional Tbk.,--UO2130000000A112------------,58.0,59.0,60.0,57.0,60.0,2.0,56283700,3312316000,1744,60.0,60,9583800,59,2617600,18046521203,18046521203,2706977950,56400,12484000,0,0,0
2025-07-17,HUMI,Humpuss Maritim Internasional Tbk.,--UO2130000000A112------------,59.0,59.0,60.0,57.0,58.0,-1.0,41343300,2395049100,1616,58.0,59,8419000,58,3848400,18046521203,18046521203,2706977950,5380200,1053800,0,0,0
2025-07-16,HUMI,Humpuss Maritim Internasional Tbk.,--UO2130000000A112------------,58.0,58.0,60.0,58.0,59.0,1.0,66442600,3912238900,2481,59.0,59,563300,58,8923600,18046521103,18046521103,2706977950,3577700,3985800,0,0,0
2025-07-15,HUMI,Humpuss Maritim Internasional Tbk.,--UO2130000000A112------------,57.0,58.0,59.0,55.0,58.0,1.0,77375800,4391423300,2396,58.0,58,5629100,57,1713300,18046521103,18046521103,2706977950,263800,9757600,0,0,0
2025-07-14,HUMI,Humpuss Maritim Internasional Tbk.,--UO2130000000A112------------,59.0,59.0,60.0,56.0,57.0,-2.0,126706800,7280325200,3726,57.0,58,2259700,57,5030700,18046520764,18046520764,2706977950,3745800,10893200,0,0,0
2025-07-11,HUMI,Humpuss Maritim Internasional Tbk.,--UO2130000000A112------------,63.0,63.0,64.0,58.0,59.0,-4.0,254204300,15411010000,9338,59.0,59,3158400,58,15916500,18046520764,18046520764,2706977950,8066000,11179700,0,0,0
2025-07-10,HUMI,Humpuss Maritim Internasional Tbk.,--UO2130000000A112------------,53.0,54.0,67.0,53.0,63.0,10.0,759702200,47299770000,20478,63.0,64,37401700,63,8533700,18046520764,18046520764,2706977950,35071300,27818900,0,0,0
2025-07-09,HUMI,Humpuss Maritim Internasional Tbk.,--UO2130000000A112------------,53.0,53.0,54.0,53.0,53.0,0.0,13507100,719849300,585,53.0,54,8724300,53,5424400,18046520764,18046520764,2706977950,0,547900,0,0,0
2025-07-08,HUMI,Humpuss Maritim Internasional Tbk.,--UO2130000000A112------------,53.0,53.0,54.0,52.0,53.0,0.0,16362900,867982500,412,53.0,54,7882800,53,11127000,18046520644,18046520644,2706977950,1059800,806700,0,0,0
2025-07-07,HUMI,Humpuss Maritim Internasional Tbk.,--UO2130000000A112------------,54.0,54.0,54.0,52.0,53.0,-1.0,19214100,1021799900,777,53.0,54,9233700,53,588600,18046520644,18046520644,2706977950,1195800,26500,0,0,0
2025-07-04,HUMI,Humpuss Maritim Internasional Tbk.,--UO2130000000A112------------,53.0,53.0,54.0,53.0,54.0,1.0,20899900,1110772100,679,54.0,54,5834900,53,3256800,18046520644,18046520644,2706977950,0,61200,0,0,0
2025-07-03,HUMI,Humpuss Maritim Internasional Tbk.,--UO2130000000A112------------,53.0,54.0,55.0,53.0,53.0,0.0,28320200,1512560400,1006,53.0,54,44004600,53,9028000,18046520566,18046520566,2706977950,57200,815300,0,0,0
2025-07-02,HUMI,Humpuss Maritim Internasional Tbk.,--UO2130000000A112------------,53.0,53.0,56.0,53.0,53.0,0.0,48909300,2662357500,2563,53.0,54,970700,53,18854700,18046520566,18046520566,2706977950,4199400,5985000,0,0,0
2025-07-01,HUMI,Humpuss Maritim Internasional Tbk.,--UO2130000000A112------------,54.0,54.0,55.0,53.0,53.0,-1.0,15923200,847987000,622,53.0,54,6725000,53,9429900,18046520566,18046520566,2706977950,28600,33400,3357100,194711800,1
2025-06-30,HUMI,Humpuss Maritim Internasional Tbk.,XDUO2130000000A112------------,54.0,54.0,55.0,53.0,54.0,0.0,12529200,677443000,681,54.0,55,3326700,54,962200,18046520566,18046520566,2706977558,29700,2727100,0,0,0
2025-06-26,HUMI,Humpuss Maritim Internasional Tbk.,XDUO2130000000A112------------,55.0,55.0,55.0,53.0,54.0,-1.0,34313900,1852970200,1088,54.0,54,316800,53,12883900,18046519816,18046519816,2706977558,0,29700,0,0,0
2025-06-25,HUMI,Humpuss Maritim Internasional Tbk.,XDUO2130000000A112------------,55.0,55.0,56.0,54.0,55.0,0.0,13343000,728571500,660,55.0,55,7242100,54,10519100,18046519816,18046519816,2706977558,64300,1500,0,0,0
2025-06-24,HUMI,Humpuss Maritim Internasional Tbk.,XDUO2130000000A112------------,57.0,57.0,57.0,55.0,55.0,-2.0,32351000,1790957800,1026,55.0,56,6434500,55,3871800,18046519665,18046519665,2706977558,720600,20200,0,0,0
2025-06-23,HUMI,Humpuss Maritim Internasional Tbk.,XDUO2130000000A112------------,55.0,56.0,59.0,54.0,57.0,2.0,121033400,6883058400,2680,57.0,57,9794000,56,5051300,18046519665,18046519665,2706977558,13587000,6879300,0,0,0
2025-06-20,HUMI,Humpuss Maritim Internasional Tbk.,XDUO2130000000A112------------,54.0,55.0,56.0,54.0,55.0,1.0,28892400,1594275700,1081,55.0,56,7071500,55,501800,18046519665,18046519665,2706977558,3600,2132400,0,0,0
2025-06-19,HUMI,Humpuss Maritim Internasional Tbk.,XDUO2130000000A112------------,56.0,57.0,58.0,54.0,54.0,-2.0,51360900,2834986800,1542,54.0,55,2945800,54,398100,18046519665,18046519665,2706977558,8707200,0,80000000,4000000000,1
2025-06-18,HUMI,Humpuss Maritim Internasional Tbk.,XDUO2130000000A112------------,56.0,57.0,58.0,56.0,56.0,0.0,57855800,3290415100,1355,56.0,57,158300,56,15975900,18046519665,18046519665,2706977558,30800,5005600,3800000,214700000,2
2025-06-17,HUMI,Humpuss Maritim Internasional Tbk.,XDUO2130000000A112------------,56.0,57.0,58.0,55.0,56.0,0.0,38916400,2190671200,1119,56.0,57,6785200,56,3247600,18046519665,18046519665,2706977558,2340800,29100,3800000,212800000,1
2025-06-16,HUMI,Humpuss Maritim Internasional Tbk.,XDUO2130000000A112------------,59.0,59.0,61.0,55.0,56.0,-3.0,145503000,8283049900,3096,56.0,57,3762600,56,1458200,18046519665,18046519665,2706977558,2737900,9744200,0,0,0
2025-06-13,HUMI,Humpuss Maritim Internasional Tbk.,XDUO2130000000A112------------,52.0,52.0,63.0,52.0,59.0,7.0,360321300,21256431300,9797,59.0,60,8240600,59,534300,18046519665,18046519665,2706977558,12576700,6452600,0,0,0
2025-06-12,HUMI,Humpuss Maritim Internasional Tbk.,XDUO2130000000A112------------,53.0,53.0,53.0,52.0,52.0,-1.0,17302400,906754000,620,52.0,53,2874100,52,15338000,18046519615,18046519615,2706977558,30700,2250600,0,0,0
2025-06-11,HUMI,Humpuss Maritim Internasional Tbk.,XDUO2130000000A112------------,53.0,53.0,53.0,52.0,53.0,0.0,19301700,1009642300,770,53.0,53,5621500,52,8549100,18046519515,18046519515,2706977558,110200,30700,0,0,0
2025-06-10,HUMI,Humpuss Maritim Internasional Tbk.,XDUO2130000000A112------------,54.0,54.0,54.0,52.0,53.0,-1.0,30178100,1593602000,1238,53.0,53,1227600,52,21055500,18046518665,18046518665,2706977558,58000,1862500,0,0,0
2025-06-05,HUMI,Humpuss Maritim Internasional Tbk.,XDUO2130000000A112------------,54.0,54.0,54.0,52.0,54.0,0.0,26847900,1415034100,956,54.0,54,3499700,53,2960200,18046518665,18046518665,2706977558,60400,523500,0,0,0
2025-06-04,HUMI,Humpuss Maritim Internasional Tbk.,XDUO2130000000A112------------,54.0,54.0,55.0,53.0,54.0,0.0,13606400,726788600,832,54.0,54,1655700,53,3668500,18046518615,18046518615,2706977558,38200,520200,0,0,0
2025-06-03,HUMI,Humpuss Maritim Internasional Tbk.,--UO2130000000A112------------,52.0,52.0,57.0,51.0,54.0,2.0,72197900,3940868400,2306,54.0,54,6346100,53,5293100,18046518615,18046518615,2706977558,1821300,1013200,0,0,0
2025-06-02,HUMI,Humpuss Maritim Internasional Tbk.,--UO2130000000A112------------,54.0,54.0,55.0,52.0,52.0,-2.0,50449500,2649463900,929,52.0,53,4149700,52,15565200,18046518415,18046518415,2706977558,98800,449600,0,0,0
2025-05-28,HUMI,Humpuss Maritim Internasional Tbk.,CDUO2130000000A112------------,55.0,55.0,55.0,53.0,54.0,-1.0,26411500,1430025400,1012,54.0,54,2575400,53,10486800,18046518315,18046518315,2706977558,0,294500,0,0,0
2025-05-27,HUMI,Humpuss Maritim Internasional Tbk.,CDUO2130000000A112------------,55.0,55.0,56.0,54.0,55.0,0.0,22574500,1229870200,729,55.0,55,2035900,54,11449400,18046518315,18046518315,2706977558,117400,0,0,0,0
2025-05-26,HUMI,Humpuss Maritim Internasional Tbk.,CDUO2130000000A112------------,56.0,56.0,57.0,54.0,55.0,-1.0,36459400,2012004500,1257,55.0,55,1003500,54,17502000,18046518215,18046518215,2706977558,1699800,58000,0,0,0
2025-05-23,HUMI,Humpuss Maritim Internasional Tbk.,--UO2130000000A112------------,54.0,55.0,56.0,54.0,56.0,2.0,31713800,1760765800,975,56.0,56,1962200,55,9525900,18046518215,18046518215,2706977558,65100,1472200,0,0,0
2025-05-22,HUMI,Humpuss Maritim Internasional Tbk.,--UO2130000000A112------------,56.0,57.0,57.0,54.0,54.0,-2.0,32926400,1816349600,1411,54.0,55,1235800,54,22229300,18046518215,18046518215,2706977558,37400,141700,0,0,0
2025-05-21,HUMI,Humpuss Maritim Internasional Tbk.,--UO2130000000A112------------,56.0,56.0,57.0,55.0,56.0,0.0,35248700,1962600100,1325,56.0,57,7539900,55,7718500,18046518210,18046518210,2706977558,2054900,68200,0,0,0
2025-05-20,HUMI,Humpuss Maritim Internasional Tbk.,--UO2130000000A112------------,58.0,58.0,59.0,55.0,56.0,-2.0,51566800,2927855900,1788,56.0,57,5330300,56,987500,18046518208,18046518208,2706977558,1408100,1736200,0,0,0
2025-05-19,HUMI,Humpuss Maritim Internasional Tbk.,--UO2130000000A112------------,57.0,58.0,58.0,56.0,58.0,1.0,43301600,2476492800,2063,58.0,58,2305000,57,3937900,18046518003,18046518003,2706977558,157300,1125500,0,0,0
2025-05-16,HUMI,Humpuss Maritim Internasional Tbk.,--UO2130000000A112------------,54.0,54.0,58.0,54.0,57.0,3.0,54122700,3056693000,2327,57.0,57,69900,56,2985500,18046518003,18046518003,2706977558,1821300,220000,0,0,0
2025-05-15,HUMI,Humpuss Maritim Internasional Tbk.,--UO2130000000A112------------,56.0,57.0,57.0,53.0,54.0,-2.0,102414800,5602104800,3025,54.0,55,6264800,54,2693900,18046518003,18046518003,2706977558,473900,58000,6250000,375000000,1
2025-05-14,HUMI,Humpuss Maritim Internasional Tbk.,--UO2130000000A112------------,56.0,57.0,59.0,56.0,56.0,0.0,69507900,3972075300,2583,56.0,57,18400,56,14819100,18046518003,18046518003,2706977558,546500,2405500,6250000,375000000,1
2025-05-09,HUMI,Humpuss Maritim Internasional Tbk.,--UO2130000000A112------------,60.0,61.0,62.0,56.0,56.0,-4.0,134608000,7733885200,4117,56.0,57,574900,56,757700,18046518003,18046518003,2706977558,1040000,64400,0,0,0
2025-05-08,HUMI,Humpuss Maritim Internasional Tbk.,--UO2130000000A112------------,63.0,65.0,67.0,58.0,60.0,-3.0,317538000,19635261700,10752,60.0,60,3329600,59,10815000,18046517704,18046517704,2706977558,5794300,4171900,0,0,0
2025-05-07,HUMI,Humpuss Maritim Internasional Tbk.,--UO2130000000A112------------,51.0,51.0,64.0,51.0,63.0,12.0,649956500,39140723400,19667,63.0,64,9701500,63,11088800,18046517704,18046517704,2706977558,15469200,2448000,0,0,0
2025-05-06,HUMI,Humpuss Maritim Internasional Tbk.,--UO2130000000A112------------,51.0,51.0,52.0,50.0,51.0,0.0,27742000,1408307900,568,51.0,52,2297100,51,3940500,18046517604,18046517604,2706977558,2652500,1199700,0,0,0
2025-05-05,HUMI,Humpuss Maritim Internasional Tbk.,--UO2130000000A112------------,51.0,51.0,51.0,50.0,51.0,0.0,19960500,1014211100,330,51.0,51,16116400,50,47964600,18046517604,18046517604,2706977558,3347500,2917700,0,0,0
2025-05-02,HUMI,Humpuss Maritim Internasional Tbk.,--UO2130000000A112------------,50.0,50.0,51.0,50.0,51.0,1.0,22432400,1122316300,460,51.0,51,31371500,50,6087200,18046517504,18046517504,2706977558,0,0,0,0,0
2025-04-30,HUMI,Humpuss Maritim Internasional Tbk.,--UO2130000000A112------------,51.0,51.0,51.0,50.0,50.0,-1.0,20404200,1021346100,506,50.0,51,24446100,50,9630800,18046517504,18046517504,2706977558,200000,2000000,0,0,0
2025-04-29,HUMI,Humpuss Maritim Internasional Tbk.,--UO2130000000A112------------,51.0,51.0,51.0,50.0,51.0,0.0,22451400,1130615600,474,51.0,51,17870700,50,18550500,18046517454,18046517454,2706977558,1087900,2000000,0,0,0
2025-04-28,HUMI,Humpuss Maritim Internasional Tbk.,--UO2130000000A112------------,50.0,50.0,51.0,50.0,51.0,1.0,32650800,1639404900,1010,51.0,51,7231700,50,9422500,18046517435,18046517435,2706977558,5852900,2088000,0,0,0
2025-04-25,HUMI,Humpuss Maritim Internasional Tbk.,--UO2130000000A112------------,50.0,50.0,51.0,50.0,50.0,0.0,55788400,2802132300,1326,50.0,50,6724500,0,0,18046517372,18046517372,2706977558,0,0,0,0,0
2025-04-24,HUMI,Humpuss Maritim Internasional Tbk.,--UO2130000000A112------------,50.0,50.0,50.0,50.0,50.0,0.0,1215100,60755000,140,50.0,50,19565300,0,0,18046517372,18046517372,2706977558,0,0,70600,2824000,2
2025-04-23,HUMI,Humpuss Maritim Internasional Tbk.,--UO2130000000A112------------,50.0,50.0,50.0,50.0,50.0,0.0,438200,21910000,116,50.0,50,19189500,0,0,18046517372,18046517372,2706977558,0,0,0,0,0
2025-04-22,HUMI,Humpuss Maritim Internasional Tbk.,--UO2130000000A112------------,50.0,50.0,50.0,50.0,50.0,0.0,934000,46700000,74,50.0,50,22098600,0,0,18046517372,18046517372,2706977558,0,0,0,0,0
2025-04-21,HUMI,Humpuss Maritim Internasional Tbk.,--UO2130000000A112------------,50.0,50.0,50.0,50.0,50.0,0.0,862800,43140000,83,50.0,50,22401300,0,0,18046517372,18046517372,2706977558,0,0,0,0,0
2025-04-17,HUMI,Humpuss Maritim Internasional Tbk.,--UO2130000000A112------------,50.0,50.0,50.0,50.0,50.0,0.0,707300,35365000,64,50.0,50,20390300,0,0,18046517372,18046517372,2706977558,0,0,0,0,0
2025-04-16,HUMI,Humpuss Maritim Internasional Tbk.,--UO2130000000A112------------,50.0,50.0,50.0,50.0,50.0,0.0,637900,31895000,89,50.0,50,25701700,0,0,18046517372,18046517372,2706977558,0,0,0,0,0
2025-04-15,HUMI,Humpuss Maritim Internasional Tbk.,--UO2130000000A112------------,50.0,50.0,50.0,50.0,50.0,0.0,625300,31265000,87,50.0,50,24313500,0,0,18046517322,18046517322,2706977558,0,0,0,0,0
2025-04-14,HUMI,Humpuss Maritim Internasional Tbk.,--UO2130000000A112------------,50.0,50.0,50.0,50.0,50.0,0.0,4495800,224790000,167,50.0,50,28007500,0,0,18046517322,18046517322,2706977558,0,0,76600,3064000,2
2025-04-11,HUMI,Humpuss Maritim Internasional Tbk.,--UO2130000000A112------------,50.0,50.0,50.0,50.0,50.0,0.0,2181800,109090000,79,50.0,50,21781700,0,0,18046517272,18046517272,2706977558,0,0,0,0,0
2025-04-10,HUMI,Humpuss Maritim Internasional Tbk.,--UO2130000000A112------------,50.0,50.0,50.0,50.0,50.0,0.0,1553200,77660000,85,50.0,50,43852500,0,0,18046517254,18046517254,2706977558,0,0,0,0,0
2025-04-09,HUMI,Humpuss Maritim Internasional Tbk.,--UO2130000000A112------------,50.0,50.0,50.0,50.0,50.0,0.0,1939600,96980000,81,50.0,50,29861400,0,0,18046517204,18046517204,2706977558,0,0,0,0,0
2025-04-08,HUMI,Humpuss Maritim Internasional Tbk.,--UO2130000000A112------------,50.0,50.0,50.0,50.0,50.0,0.0,2078100,103905000,148,50.0,50,35718100,0,0,18046517204,18046517204,2706977558,0,0,0,0,0
2025-03-27,HUMI,Humpuss Maritim Internasional Tbk.,--UO2130000000A112------------,50.0,50.0,50.0,50.0,50.0,0.0,1016600,50830000,96,50.0,50,18656900,0,0,18046517204,18046517204,2706976997,0,0,0,0,0
2025-03-26,HUMI,Humpuss Maritim Internasional Tbk.,--UO2130000000A112------------,50.0,50.0,50.0,50.0,50.0,0.0,1118700,55935000,93,50.0,50,18424000,0,0,18046517154,18046517154,2706976997,0,0,0,0,0
2025-03-25,HUMI,Humpuss Maritim Internasional Tbk.,--UO2130000000A112------------,50.0,50.0,50.0,50.0,50.0,0.0,721100,36055000,68,50.0,50,27988700,0,0,18046517104,18046517104,2706976997,0,0,0,0,0
2025-03-24,HUMI,Humpuss Maritim Internasional Tbk.,--UO2130000000A112------------,50.0,50.0,50.0,50.0,50.0,0.0,6037200,301860000,123,50.0,50,27608300,0,0,18046517104,18046517104,2706976997,0,0,0,0,0
2025-03-21,HUMI,Humpuss Maritim Internasional Tbk.,--UO2130000000A112------------,50.0,50.0,50.0,50.0,50.0,0.0,108900,5445000,57,50.0,50,23437100,0,0,18046517104,18046517104,2706976997,0,0,0,0,0
2025-03-20,HUMI,Humpuss Maritim Internasional Tbk.,--UO2130000000A112------------,50.0,50.0,50.0,50.0,50.0,0.0,3141700,157085000,76,50.0,50,29486800,0,0,18046517104,18046517104,2706976997,0,0,66200,2648000,1
2025-03-19,HUMI,Humpuss Maritim Internasional Tbk.,--UO2130000000A112------------,50.0,50.0,50.0,50.0,50.0,0.0,248600,12430000,51,50.0,50,36042200,0,0,18046517054,18046517054,2706976997,0,0,0,0,0
2025-03-18,HUMI,Humpuss Maritim Internasional Tbk.,--UO2130000000A112------------,50.0,50.0,50.0,50.0,50.0,0.0,1904600,95230000,92,50.0,50,16394800,0,0,18046517054,18046517054,2706976997,0,0,0,0,0
2025-03-17,HUMI,Humpuss Maritim Internasional Tbk.,--UO2130000000A112------------,50.0,50.0,50.0,50.0,50.0,0.0,1184400,59220000,138,50.0,50,10596700,0,0,18046517002,18046517002,2706976997,0,0,0,0,0
2025-03-14,HUMI,Humpuss Maritim Internasional Tbk.,--UO2130000000A112------------,50.0,50.0,50.0,50.0,50.0,0.0,3490300,174515000,93,50.0,50,10893100,0,0,18046517002,18046517002,2706976997,0,0,0,0,0
2025-03-13,HUMI,Humpuss Maritim Internasional Tbk.,--UO2130000000A112------------,50.0,50.0,50.0,50.0,50.0,0.0,4047900,202395000,93,50.0,50,14087600,0,0,18046516852,18046516852,2706976997,500000,0,0,0,0
2025-03-12,HUMI,Humpuss Maritim Internasional Tbk.,--UO2130000000A112------------,50.0,50.0,51.0,50.0,50.0,0.0,6082100,304134500,521,50.0,50,18551700,0,0,18046516852,18046516852,2706976997,500000,0,0,0,0
2025-03-11,HUMI,Humpuss Maritim Internasional Tbk.,--UO2130000000A112------------,50.0,50.0,50.0,50.0,50.0,0.0,3411900,170595000,135,50.0,50,6357200,0,0,18046516802,18046516802,2706976997,0,0,0,0,0
2025-03-10,HUMI,Humpuss Maritim Internasional Tbk.,--UO2130000000A112------------,50.0,50.0,50.0,50.0,50.0,0.0,2647900,132395000,150,50.0,50,7905200,0,0,18046516802,18046516802,2706976997,0,0,0,0,0
2025-03-07,HUMI,Humpuss Maritim Internasional Tbk.,--UO2130000000A112------------,50.0,50.0,50.0,50.0,50.0,0.0,2148500,107425000,161,50.0,50,11249300,0,0,18046516802,18046516802,2706976997,0,0,0,0,0
2025-03-06,HUMI,Humpuss Maritim Internasional Tbk.,--UO2130000000A112------------,50.0,50.0,50.0,50.0,50.0,0.0,1927400,96370000,294,50.0,50,9289100,0,0,18046516802,18046516802,2706976997,0,0,0,0,0
2025-03-05,HUMI,Humpuss Maritim Internasional Tbk.,--UO2130000000A112------------,50.0,50.0,50.0,50.0,50.0,0.0,593900,29695000,97,50.0,50,13394500,0,0,18046516802,18046516802,2706976997,0,0,0,0,0
2025-03-04,HUMI,Humpuss Maritim Internasional Tbk.,--UO2130000000A112------------,50.0,50.0,50.0,50.0,50.0,0.0,268700,13435000,79,50.0,50,10420300,0,0,18046516752,18046516752,2706976997,0,0,0,0,0
2025-03-03,HUMI,Humpuss Maritim Internasional Tbk.,--UO2130000000A112------------,50.0,50.0,50.0,50.0,50.0,0.0,1342200,67110000,142,50.0,50,10225500,0,0,18046516752,18046516752,2706976997,0,0,0,0,0
2025-02-28,HUMI,Humpuss Maritim Internasional Tbk.,--UO2130000000A112------------,50.0,50.0,50.0,50.0,50.0,0.0,1628700,81435000,116,50.0,50,16310000,0,0,18046516702,18046516702,2706976997,0,0,0,0,0
2025-02-27,HUMI,Humpuss Maritim Internasional Tbk.,--UO2130000000A112------------,50.0,50.0,51.0,50.0,50.0,0.0,1724300,86215100,172,50.0,50,5402300,0,0,18046516702,18046516702,2706976997,0,0,0,0,0
2025-02-26,HUMI,Humpuss Maritim Internasional Tbk.,--UO2130000000A112------------,50.0,50.0,51.0,50.0,50.0,0.0,2751200,137610400,273,50.0,50,2581800,0,0,18046516702,18046516702,2706976997,0,0,0,0,0
2025-02-25,HUMI,Humpuss Maritim Internasional Tbk.,--UO2130000000A112------------,51.0,51.0,51.0,50.0,50.0,-1.0,7548300,377645500,385,50.0,50,4166100,0,0,18046516702,18046516702,2706976997,0,0,0,0,0
2025-02-24,HUMI,Humpuss Maritim Internasional Tbk.,--UO2130000000A112------------,50.0,50.0,51.0,50.0,51.0,1.0,12507100,625380700,313,51.0,51,10352400,50,90800,18046516702,18046516702,2706976997,0,0,0,0,0
2025-02-21,HUMI,Humpuss Maritim Internasional Tbk.,--UO2130000000A112------------,50.0,50.0,51.0,50.0,50.0,0.0,11688900,585227200,513,50.0,50,2877100,0,0,18046516702,18046516702,2706976997,0,0,0,0,0
2025-02-20,HUMI,Humpuss Maritim Internasional Tbk.,--UO2130000000A112------------,50.0,50.0,51.0,50.0,50.0,0.0,22259500,1113860100,558,50.0,51,13572000,50,159500,18046516652,18046516652,2706976997,0,0,0,0,0
2025-02-19,HUMI,Humpuss Maritim Internasional Tbk.,--UO2130000000A112------------,51.0,51.0,52.0,50.0,50.0,-1.0,16216500,815977700,515,50.0,51,16122600,50,8734800,18046516502,18046516502,2706976997,1349400,200000,0,0,0
2025-02-18,HUMI,Humpuss Maritim Internasional Tbk.,--UO2130000000A112------------,50.0,50.0,55.0,50.0,51.0,1.0,45753900,2363170000,1581,51.0,51,5420400,50,14455400,18046516502,18046516502,2706976997,4646500,487600,0,0,0
2025-02-17,HUMI,Humpuss Maritim Internasional Tbk.,--UO2130000000A112------------,50.0,50.0,50.0,50.0,50.0,0.0,1074900,53745000,179,50.0,50,6572600,0,0,18046515252,18046515252,2706976997,0,0,0,0,0
2025-02-14,HUMI,Humpuss Maritim Internasional Tbk.,--UO2130000000A112------------,50.0,50.0,50.0,50.0,50.0,0.0,1200800,60040000,121,50.0,50,5068000,0,0,18046515252,18046515252,2706976997,0,200000,0,0,0
2025-02-13,HUMI,Humpuss Maritim Internasional Tbk.,--UO2130000000A112------------,50.0,50.0,50.0,50.0,50.0,0.0,2292300,114615000,158,50.0,50,2602100,0,0,18046515252,18046515252,2706976997,0,0,0,0,0
2025-02-12,HUMI,Humpuss Maritim Internasional Tbk.,--UO2130000000A112------------,50.0,50.0,50.0,50.0,50.0,0.0,747100,37355000,105,50.0,50,6294400,0,0,18046515252,18046515252,2706976997,0,0,0,0,0
2025-02-11,HUMI,Humpuss Maritim Internasional Tbk.,--UO2130000000A112------------,50.0,50.0,50.0,50.0,50.0,0.0,793200,39660000,164,50.0,50,5343900,0,0,18046515252,18046515252,2706976997,0,0,0,0,0
2025-02-10,HUMI,Humpuss Maritim Internasional Tbk.,--UO2130000000A112------------,50.0,50.0,51.0,50.0,50.0,0.0,6719900,336016400,312,50.0,50,1667700,0,0,18046515252,18046515252,2706976997,0,0,0,0,0
2025-02-07,HUMI,Humpuss Maritim Internasional Tbk.,--UO2130000000A112------------,51.0,50.0,51.0,50.0,50.0,-1.0,11855300,592798600,433,50.0,51,17367300,50,181000,18046515202,18046515202,2706976997,0,0,0,0,0
2025-02-06,HUMI,Humpuss Maritim Internasional Tbk.,--UO2130000000A112------------,51.0,50.0,51.0,50.0,51.0,0.0,6677000,334097700,312,51.0,51,23390800,50,5773100,18046515052,18046515052,2706976997,0,26400,0,0,0
2025-02-05,HUMI,Humpuss Maritim Internasional Tbk.,--UO2130000000A112------------,51.0,51.0,51.0,50.0,51.0,0.0,5674400,284475400,296,51.0,51,19069700,50,2163600,18046515002,18046515002,2706976997,27800,0,0,0,0
2025-02-04,HUMI,Humpuss Maritim Internasional Tbk.,--UO2135000000A112------------,50.0,50.0,51.0,50.0,51.0,1.0,18981200,949333400,421,51.0,51,19361900,50,3246800,18046515002,18046515002,2706976997,0,227800,0,0,0
2025-02-03,HUMI,Humpuss Maritim Internasional Tbk.,--UO2135000000A112------------,50.0,50.0,51.0,50.0,50.0,0.0,26256400,1314198000,726,50.0,50,6696700,0,0,18046515002,18046515002,2706976997,23100,0,0,0,0
2025-01-31,HUMI,Humpuss Maritim Internasional Tbk.,--UO2135000000A112------------,50.0,50.0,51.0,50.0,50.0,0.0,17799600,893641800,355,50.0,51,14513000,50,22584100,18046515002,18046515002,2706976997,0,23100,0,0,0
2025-01-30,HUMI,Humpuss Maritim Internasional Tbk.,--UO2135000000A112------------,51.0,51.0,52.0,50.0,50.0,-1.0,148246500,7426279700,926,50.0,51,12071100,50,12944300,18046515002,18046515002,2706976997,0,5748200,0,0,0
2025-01-24,HUMI,Humpuss Maritim Internasional Tbk.,--UO2135000000A112------------,50.0,51.0,51.0,50.0,51.0,1.0,14336100,724635300,462,51.0,51,15022600,50,53465700,18046514912,18046514912,2706976997,94300,0,0,0,0
2025-01-23,HUMI,Humpuss Maritim Internasional Tbk.,--UO2135000000A112------------,52.0,52.0,53.0,50.0,50.0,-2.0,37036300,1877946000,923,50.0,51,12675800,50,39456300,18046514863,18046514863,2706976997,0,149200,0,0,0
2025-01-22,HUMI,Humpuss Maritim Internasional Tbk.,--UO2135000000A112------------,53.0,52.0,54.0,52.0,52.0,-1.0,21297000,1113981100,772,52.0,53,3715800,52,483400,18046514813,18046514813,2706976997,2200,0,0,0,0
2025-01-21,HUMI,Humpuss Maritim Internasional Tbk.,--UO2135000000A112------------,55.0,55.0,57.0,52.0,53.0,-2.0,46661800,2527551200,1737,53.0,54,3075500,53,419200,18046514712,18046514712,2706976997,6047000,5300000,0,0,0
2025-01-20,HUMI,Humpuss Maritim Internasional Tbk.,--UO2135000000A112------------,52.0,52.0,57.0,52.0,55.0,3.0,63858900,3502971800,2280,55.0,55,3453000,54,6476300,18046514712,18046514712,2706976997,3452500,0,0,0,0
2025-01-17,HUMI,Humpuss Maritim Internasional Tbk.,--UO2135000000A112------------,50.0,50.0,59.0,50.0,52.0,2.0,182402500,9952199500,5221,52.0,53,1280400,52,3441300,18046514712,18046514712,2706976997,17998000,400000,0,0,0
2025-01-16,HUMI,Humpuss Maritim Internasional Tbk.,--UO2135000000A112------------,50.0,50.0,50.0,50.0,50.0,0.0,905600,45280000,160,50.0,50,29710700,0,0,18046514662,18046514662,2706976997,0,0,0,0,0
2025-01-15,HUMI,Humpuss Maritim Internasional Tbk.,--UO2135000000A112------------,50.0,50.0,50.0,50.0,50.0,0.0,2545700,127285000,125,50.0,50,32893900,0,0,18046514559,18046514559,2706976997,0,0,0,0,0
2025-01-14,HUMI,Humpuss Maritim Internasional Tbk.,--UO2135000000A112------------,50.0,50.0,50.0,50.0,50.0,0.0,1746400,87320000,129,50.0,50,33333500,0,0,18046514559,18046514559,2706976997,0,0,0,0,0
2025-01-13,HUMI,Humpuss Maritim Internasional Tbk.,--UO2135000000A112------------,50.0,50.0,50.0,50.0,50.0,0.0,332900,16645000,100,50.0,50,34256400,0,0,18046514559,18046514559,2706976997,0,0,0,0,0
2025-01-10,HUMI,Humpuss Maritim Internasional Tbk.,--UO2135000000A112------------,50.0,50.0,50.0,50.0,50.0,0.0,776200,38810000,118,50.0,50,23422200,0,0,18046514559,18046514559,2706976997,116900,100000,0,0,0
2025-01-09,HUMI,Humpuss Maritim Internasional Tbk.,--UO2135000000A112------------,50.0,50.0,50.0,50.0,50.0,0.0,285600,14280000,79,50.0,50,33842800,0,0,18046514460,18046514460,2706976997,0,0,0,0,0
2025-01-08,HUMI,Humpuss Maritim Internasional Tbk.,--UO2135000000A112------------,50.0,50.0,50.0,50.0,50.0,0.0,946100,47305000,150,50.0,50,38273400,0,0,18046514460,18046514460,2706976997,0,0,200000,9800000,1
2025-01-07,HUMI,Humpuss Maritim Internasional Tbk.,--UO2135000000A112------------,50.0,50.0,50.0,50.0,50.0,0.0,2312000,115600000,192,50.0,50,31547900,0,0,18046514360,18046514360,2706976997,0,0,0,0,0
2025-01-06,HUMI,Humpuss Maritim Internasional Tbk.,--UO2135000000A112------------,50.0,50.0,50.0,50.0,50.0,0.0,979900,48995000,187,50.0,50,27939000,0,0,18046514360,18046514360,2706976997,2300,0,0,0,0
2025-01-03,HUMI,Humpuss Maritim Internasional Tbk.,--UO2135000000A112------------,50.0,50.0,50.0,50.0,50.0,0.0,2365300,118265000,173,50.0,50,26579100,0,0,18046514360,18046514360,2706976997,0,0,0,0,0
2025-01-02,HUMI,Humpuss Maritim Internasional Tbk.,--UO2135000000A112------------,50.0,50.0,50.0,50.0,50.0,0.0,3636900,181845000,315,50.0,50,19938900,0,0,18046514360,18046514360,2706976997,0,0,0,0,0
2024-12-30,HUMI,Humpuss Maritim Internasional Tbk.,--UO2135000000A112------------,50.0,50.0,50.0,50.0,50.0,0.0,1151500,57575000,191,50.0,50,32502600,0,0,18046514360,18046514360,2706974165,0,0,0,0,0
2024-12-27,HUMI,Humpuss Maritim Internasional Tbk.,--UO2135000000A112------------,50.0,50.0,50.0,50.0,50.0,0.0,2372400,118620000,231,50.0,50,29774400,0,0,18046514360,18046514360,2706974165,0,0,0,0,0
2024-12-24,HUMI,Humpuss Maritim Internasional Tbk.,--UO2135000000A112------------,50.0,50.0,50.0,50.0,50.0,0.0,1236300,61815000,166,50.0,50,27070300,0,0,18046514360,18046514360,2706974165,0,0,0,0,0
2024-12-23,HUMI,Humpuss Maritim Internasional Tbk.,--UO2135000000A112------------,50.0,50.0,50.0,50.0,50.0,0.0,3736200,186810000,202,50.0,50,24147300,0,0,18046514310,18046514310,2706974165,0,100000,0,0,0
2024-12-20,HUMI,Humpuss Maritim Internasional Tbk.,--UO2135000000A112------------,50.0,50.0,50.0,50.0,50.0,0.0,1208500,60425000,133,50.0,50,34258400,0,0,18046513310,18046513310,2706974165,0,0,0,0,0
2024-12-19,HUMI,Humpuss Maritim Internasional Tbk.,--UO2135000000A112------------,50.0,50.0,50.0,50.0,50.0,0.0,1845300,92265000,163,50.0,50,34166400,0,0,18046513310,18046513310,2706974165,0,0,0,0,0
2024-12-18,HUMI,Humpuss Maritim Internasional Tbk.,--UO2135000000A112------------,50.0,50.0,50.0,50.0,50.0,0.0,5322100,266105000,247,50.0,50,24364700,0,0,18046513310,18046513310,2706974165,0,0,0,0,0
2024-12-17,HUMI,Humpuss Maritim Internasional Tbk.,--UO2135000000A112------------,51.0,51.0,51.0,50.0,50.0,-1.0,44726600,2236479200,1277,50.0,50,5086800,0,0,18046513310,18046513310,2706974165,5128600,0,0,0,0
2024-12-16,HUMI,Humpuss Maritim Internasional Tbk.,--UO2135000000A112------------,51.0,51.0,52.0,50.0,51.0,0.0,16406100,822399000,456,51.0,51,6175100,50,27418000,18046513216,18046513216,2706974165,1509200,100300,0,0,0
2024-12-13,HUMI,Humpuss Maritim Internasional Tbk.,--UO2135000000A112------------,52.0,52.0,52.0,51.0,51.0,-1.0,7259300,370526500,356,51.0,52,12008700,51,177900,18046498689,18046498689,2706974165,80700,0,0,0,0
2024-12-12,HUMI,Humpuss Maritim Internasional Tbk.,--UO2135000000A112------------,51.0,51.0,52.0,50.0,52.0,1.0,16605600,848715300,427,52.0,52,13573800,51,1807000,18046498689,18046498689,2706974165,31300,2704200,0,0,0
2024-12-11,HUMI,Humpuss Maritim Internasional Tbk.,--UO2135000000A112------------,51.0,51.0,52.0,50.0,51.0,0.0,35228500,1782418100,831,51.0,51,337700,50,33951500,18046498689,18046498689,2706974165,47700,2142300,0,0,0
2024-12-10,HUMI,Humpuss Maritim Internasional Tbk.,--UO2135000000A112------------,51.0,51.0,52.0,50.0,51.0,0.0,51744900,2628235000,1030,51.0,51,4632600,50,28279100,18046498489,18046498489,2706974165,38700,1274800,0,0,0
2024-12-09,HUMI,Humpuss Maritim Internasional Tbk.,--UO2135000000A112------------,52.0,52.0,52.0,51.0,51.0,-1.0,14099600,720901000,427,51.0,52,21692600,51,10406100,18046498039,18046498039,2706974165,223200,30500,0,0,0
2024-12-06,HUMI,Humpuss Maritim Internasional Tbk.,--U-2135000000A112------------,52.0,0.0,52.0,51.0,52.0,0.0,8287300,427214800,426,52.0,52,9159000,51,16929200,18046498039,18046498039,2706974165,30500,230500,0,0,0
2024-12-05,HUMI,Humpuss Maritim Internasional Tbk.,--U-2135000000A112------------,52.0,0.0,52.0,51.0,52.0,0.0,17552400,901950800,464,52.0,52,9353700,51,13919800,18046497983,18046497983,2706974165,681400,922400,0,0,0
2024-12-04,HUMI,Humpuss Maritim Internasional Tbk.,--U-2135000000A112------------,50.0,0.0,52.0,50.0,52.0,2.0,48546500,2468561700,1074,52.0,52,7110300,51,13940700,18046497983,18046497983,2706974165,69800,1279400,0,0,0
2024-12-03,HUMI,Humpuss Maritim Internasional Tbk.,--U-2135000000A112------------,56.0,0.0,56.0,50.0,50.0,-6.0,121918100,6349547500,3207,50.0,51,5706100,50,51673900,18046497933,18046497933,2706974165,15019100,8964100,0,0,0
2024-12-02,HUMI,Humpuss Maritim Internasional Tbk.,--U-2135000000A112------------,57.0,0.0,57.0,56.0,56.0,-1.0,56594800,3171109200,535,56.0,57,14342800,56,82629700,18046497933,18046497933,2706974165,5800400,0,0,0,0
2024-11-29,HUMI,Humpuss Maritim Internasional Tbk.,--U-2135000000A112------------,56.0,0.0,57.0,56.0,57.0,1.0,26071100,1462480100,429,57.0,57,29720800,56,88194000,18046497883,18046497883,2706974165,3253800,28400,0,0,0
2024-11-28,HUMI,Humpuss Maritim Internasional Tbk.,--U-1135000000A112------------,56.0,0.0,57.0,56.0,56.0,0.0,37488300,2100539100,506,56.0,57,20567400,56,107783700,18046497883,18046497883,2706974165,3171700,10400,78500,5495000,1
2024-11-26,HUMI,Humpuss Maritim Internasional Tbk.,--U-1135000000A112------------,56.0,0.0,57.0,56.0,56.0,0.0,67133600,3760055500,577,56.0,57,28044000,56,109679200,18046497883,18046497883,2706974165,1506000,3463500,0,0,0
2024-11-25,HUMI,Humpuss Maritim Internasional Tbk.,--U-1135000000A112------------,57.0,0.0,57.0,56.0,56.0,-1.0,49050000,2755380200,635,56.0,57,23599500,56,132565400,18046497883,18046497883,2706974165,0,7980800,0,0,0
2024-11-22,HUMI,Humpuss Maritim Internasional Tbk.,--U-1135000000A112------------,56.0,0.0,57.0,56.0,57.0,1.0,46583100,2609937100,478,57.0,57,25789300,56,109896100,18046497883,18046497883,2706974165,4411500,28500,0,0,0
2024-11-21,HUMI,Humpuss Maritim Internasional Tbk.,--U-1135000000A112------------,56.0,0.0,57.0,56.0,56.0,0.0,24741800,1386865600,498,56.0,57,27189300,56,108702100,18046497783,18046497783,2706974165,56800,1435400,0,0,0
2024-11-20,HUMI,Humpuss Maritim Internasional Tbk.,--U-1135000000A112------------,56.0,0.0,57.0,56.0,56.0,0.0,35092200,1966312700,489,56.0,57,30282600,56,110028200,18046497783,18046497783,2706974165,233600,41000,0,0,0
2024-11-19,HUMI,Humpuss Maritim Internasional Tbk.,--U-1135000000A112------------,56.0,0.0,57.0,56.0,56.0,0.0,76234100,4271210300,526,56.0,57,27320900,56,108004100,18046497679,18046497679,2706974165,2477000,2845000,0,0,0
2024-11-18,HUMI,Humpuss Maritim Internasional Tbk.,--U-1135000000A112------------,57.0,0.0,57.0,56.0,56.0,-1.0,42038600,2354743200,538,56.0,57,25778800,56,103267300,18046497679,18046497679,2706974165,3372500,27900,0,0,0
2024-11-15,HUMI,Humpuss Maritim Internasional Tbk.,--U-1135000000A112------------,57.0,0.0,57.0,56.0,57.0,0.0,48898400,2751463000,534,57.0,57,29700600,56,109616400,18046497678,18046497678,2706974165,3884200,4217500,0,0,0
2024-11-14,HUMI,Humpuss Maritim Internasional Tbk.,--U-1135000000A112------------,56.0,0.0,57.0,56.0,57.0,1.0,59819900,3357462100,555,57.0,57,15665500,56,109892100,18046497676,18046497676,2706974165,1267500,536400,0,0,0
2024-11-13,HUMI,Humpuss Maritim Internasional Tbk.,--U-1135000000A112------------,57.0,0.0,57.0,56.0,56.0,-1.0,62796300,3519340900,725,56.0,57,26091000,56,108919600,18046497576,18046497576,2706974165,27700,0,0,0,0
2024-11-12,HUMI,Humpuss Maritim Internasional Tbk.,--U-1135000000A112------------,56.0,0.0,57.0,56.0,57.0,1.0,78967700,4439337700,1210,57.0,57,15860400,56,109891900,18046497576,18046497576,2706974165,0,5821200,0,0,0
2024-11-11,HUMI,Humpuss Maritim Internasional Tbk.,--U-1135000000A112------------,59.0,0.0,62.0,55.0,56.0,-3.0,523284000,30652993100,3643,56.0,57,2261800,56,16130200,18046497526,18046497526,2706974165,15136100,60764600,0,0,0
2024-11-08,HUMI,Humpuss Maritim Internasional Tbk.,--U-1135000000A112------------,60.0,0.0,61.0,58.0,59.0,-1.0,22591100,1339622800,699,59.0,60,10241600,59,7800,18046497526,18046497526,2706974165,3458700,1670200,0,0,0
2024-11-07,HUMI,Humpuss Maritim Internasional Tbk.,--U-1135000000A112------------,56.0,0.0,60.0,55.0,60.0,4.0,45377500,2626189700,1302,60.0,61,3887800,60,1094400,18046495976,18046495976,2706974165,10910900,11093800,0,0,0
2024-11-06,HUMI,Humpuss Maritim Internasional Tbk.,--U-1135000000A112------------,58.0,0.0,59.0,55.0,56.0,-2.0,67536400,3816001800,1715,56.0,57,6431100,56,5237100,18046495976,18046495976,2706974165,8273300,9670100,0,0,0
2024-11-05,HUMI,Humpuss Maritim Internasional Tbk.,--U-1135000000A112------------,60.0,0.0,61.0,58.0,58.0,-2.0,73565100,4324003600,2140,58.0,59,11600100,57,2408400,18046495976,18046495976,2706974165,14077800,2653800,0,0,0
2024-11-04,HUMI,Humpuss Maritim Internasional Tbk.,--U-1135000000A112------------,64.0,0.0,64.0,60.0,60.0,-4.0,92048200,5644198600,2238,60.0,61,1256600,60,8581700,18046495976,18046495976,2706974165,40254700,8142100,0,0,0
2024-11-01,HUMI,Humpuss Maritim Internasional Tbk.,--U-1135000000A112------------,63.0,0.0,64.0,63.0,64.0,1.0,171615500,10814219900,646,64.0,64,37810000,63,101648700,18046495976,18046495976,2706974165,751800,6799600,0,0,0
2024-10-31,HUMI,Humpuss Maritim Internasional Tbk.,--U-1135000000A112------------,63.0,0.0,64.0,63.0,63.0,0.0,232510600,14658133200,797,63.0,64,36132100,63,150077100,18046495828,18046495828,2706974165,113400,39897200,0,0,0
2024-10-30,HUMI,Humpuss Maritim Internasional Tbk.,--U-1135000000A112------------,63.0,0.0,64.0,61.0,63.0,0.0,140288000,8820112300,1169,63.0,64,46780000,63,139734200,18046495828,18046495828,2706974165,8538800,3779100,0,0,0
2024-10-29,HUMI,Humpuss Maritim Internasional Tbk.,--U-1135000000A112------------,62.0,0.0,65.0,62.0,63.0,1.0,488396300,30925038000,2241,63.0,64,21452200,63,28371400,18046495778,18046495778,2706974165,14535300,6300700,0,0,0
2024-10-28,HUMI,Humpuss Maritim Internasional Tbk.,--U-1135000000A112------------,62.0,0.0,63.0,62.0,62.0,0.0,53094700,3294804200,715,62.0,63,40359600,62,154250500,18046495727,18046495727,2706974165,373900,1084000,0,0,0
2024-10-25,HUMI,Humpuss Maritim Internasional Tbk.,--U-1135000000A112------------,62.0,0.0,63.0,62.0,62.0,0.0,68995200,4281522200,795,62.0,63,53973400,62,154420100,18046495727,18046495727,2706974165,613700,669100,0,0,0
2024-10-24,HUMI,Humpuss Maritim Internasional Tbk.,--U-1135000000A112------------,62.0,0.0,63.0,62.0,62.0,0.0,103735900,6455777500,1131,62.0,63,34893400,62,97520000,18046495727,18046495727,2706974165,3529400,6424600,0,0,0
2024-10-23,HUMI,Humpuss Maritim Internasional Tbk.,--U-1135000000A112------------,63.0,0.0,64.0,62.0,62.0,-1.0,196578000,12253205900,1939,62.0,63,23196900,62,152142600,18046495727,18046495727,2706974165,16564100,21028900,0,0,0
2024-10-22,HUMI,Humpuss Maritim Internasional Tbk.,--U-1135000000A112------------,63.0,0.0,63.0,62.0,63.0,0.0,155518000,9734389700,1361,63.0,63,17162600,62,160069400,18046495727,18046495727,2706974165,3247700,9047300,0,0,0
2024-10-21,HUMI,Humpuss Maritim Internasional Tbk.,--U-1135000000A112------------,63.0,0.0,64.0,62.0,63.0,0.0,158235000,9852474100,2299,63.0,63,16552800,62,90403400,18046495727,18046495727,2706974165,1310000,11425000,0,0,0
2024-10-18,HUMI,Humpuss Maritim Internasional Tbk.,--U-1135000000A112------------,65.0,0.0,68.0,62.0,63.0,-2.0,1522127600,98309853000,5958,63.0,63,3617400,62,413488900,18046495727,18046495727,2706974165,22138400,3634500,0,0,0
2024-10-17,HUMI,Humpuss Maritim Internasional Tbk.,--U-1135000000A112------------,68.0,0.0,70.0,65.0,65.0,-3.0,1146087300,76961742200,8919,65.0,66,17655600,65,609800,18046495695,18046495695,2706974165,67325900,9917000,0,0,0
2024-10-16,HUMI,Humpuss Maritim Internasional Tbk.,--U-1135000000A112------------,66.0,0.0,70.0,66.0,68.0,2.0,683996800,46378445200,4461,68.0,69,19326300,68,422485900,18046495695,18046495695,2706974165,5093500,9718100,0,0,0
2024-10-15,HUMI,Humpuss Maritim Internasional Tbk.,--U-1135000000A112------------,67.0,0.0,68.0,65.0,66.0,-1.0,346833800,23011601900,3229,66.0,66,309300,65,9839200,18046495645,18046495645,2706974165,293300,40569000,0,0,0
2024-10-14,HUMI,Humpuss Maritim Internasional Tbk.,--U-1135000000A112------------,67.0,0.0,69.0,65.0,67.0,0.0,866266900,57484011800,6559,67.0,67,23990100,66,25451400,18046495645,18046495645,2706974165,10200900,37208000,0,0,0
2024-10-11,HUMI,Humpuss Maritim Internasional Tbk.,--U-1135000000A112------------,59.0,0.0,74.0,59.0,67.0,8.0,2352841700,154469880300,21236,67.0,68,5005400,67,121070700,18046495595,18046495595,2706974165,74710300,68210300,0,0,0
2024-10-10,HUMI,Humpuss Maritim Internasional Tbk.,--U-1135000000A112------------,59.0,0.0,60.0,59.0,59.0,0.0,52862900,3129420200,269,59.0,60,40513100,59,118298200,18046495595,18046495595,2706974165,2184700,79500,0,0,0
2024-10-09,HUMI,Humpuss Maritim Internasional Tbk.,--U-1135000000A112------------,59.0,0.0,60.0,59.0,59.0,0.0,42251900,2495512000,377,59.0,60,32476400,59,119642100,18046495595,18046495595,2706974165,124400,98300,0,0,0
2024-10-08,HUMI,Humpuss Maritim Internasional Tbk.,--U-1135000000A112------------,59.0,0.0,60.0,59.0,59.0,0.0,43993300,2597702500,456,59.0,60,37490600,59,119197300,18046495145,18046495145,2706974165,68100,1136200,0,0,0
2024-10-07,HUMI,Humpuss Maritim Internasional Tbk.,--U-1135000000A112------------,60.0,0.0,60.0,59.0,59.0,-1.0,27122200,1601928800,461,59.0,60,38358400,59,119717500,18046495145,18046495145,2706974165,121900,2800600,0,0,0
2024-10-04,HUMI,Humpuss Maritim Internasional Tbk.,--U-1135000000A112------------,59.0,0.0,60.0,59.0,60.0,1.0,20047000,1184660300,1187,60.0,60,21446200,59,119202300,18046494745,18046494745,2706974165,1027100,2843600,0,0,0
2024-10-03,HUMI,Humpuss Maritim Internasional Tbk.,--U-1135000000A112------------,59.0,0.0,60.0,59.0,59.0,0.0,64179100,3792550300,1475,59.0,60,17778800,59,116567900,18046494657,18046494657,2706974165,253400,2845300,0,0,0
2024-10-02,HUMI,Humpuss Maritim Internasional Tbk.,--U-1135000000A112------------,59.0,0.0,60.0,59.0,59.0,0.0,32801900,1937680500,456,59.0,60,34479400,59,119186100,18046494607,18046494607,2706974165,25800,25800,0,0,0
2024-10-01,HUMI,Humpuss Maritim Internasional Tbk.,--U-1135000000A112------------,59.0,0.0,60.0,59.0,59.0,0.0,35140900,2075131500,469,59.0,60,29223200,59,118500700,18046494607,18046494607,2706974165,25700,25700,0,0,0
2024-09-30,HUMI,Humpuss Maritim Internasional Tbk.,--U-1135000000A112------------,59.0,0.0,60.0,59.0,59.0,0.0,27802200,1643452100,416,59.0,60,28362400,59,117417600,18046494607,18046494607,2706972652,51500,92100,0,0,0
2024-09-27,HUMI,Humpuss Maritim Internasional Tbk.,--U-1135000000A112------------,59.0,0.0,60.0,59.0,59.0,0.0,44403100,2623263100,493,59.0,60,27819400,59,120038700,18046494607,18046494607,2706972652,0,222700,0,0,0
2024-09-26,HUMI,Humpuss Maritim Internasional Tbk.,--U-1135000000A112------------,59.0,0.0,60.0,59.0,59.0,0.0,47179700,2786274400,427,59.0,60,19305300,59,118789000,18046494457,18046494457,2706972652,234600,0,0,0,0
2024-09-25,HUMI,Humpuss Maritim Internasional Tbk.,--U-1135000000A112------------,59.0,0.0,60.0,59.0,59.0,0.0,44839000,2647659300,752,59.0,60,20264000,59,119284800,18046494436,18046494436,2706972652,51600,51600,0,0,0
2024-09-24,HUMI,Humpuss Maritim Internasional Tbk.,--U-1135000000A112------------,60.0,0.0,60.0,59.0,59.0,-1.0,67875100,4007475300,655,59.0,60,17283700,59,117130900,18046494436,18046494436,2706972652,0,553400,0,0,0
2024-09-23,HUMI,Humpuss Maritim Internasional Tbk.,--U-1135000000A112------------,60.0,0.0,60.0,59.0,60.0,0.0,44114000,2608071500,599,60.0,60,35325800,59,120080400,18046494436,18046494436,2706972652,179700,805200,0,0,0
2024-09-20,HUMI,Humpuss Maritim Internasional Tbk.,--U-1135000000A112------------,60.0,0.0,60.0,59.0,60.0,0.0,17003200,1006800000,524,60.0,60,33886600,59,120132900,18046494436,18046494436,2706972652,51000,25500,0,0,0
2024-09-19,HUMI,Humpuss Maritim Internasional Tbk.,--U-1135000000A112------------,60.0,0.0,60.0,59.0,60.0,0.0,64090100,3789823400,1372,60.0,60,28089500,59,118552000,18046494336,18046494336,2706972652,102400,142200,0,0,0
2024-09-18,HUMI,Humpuss Maritim Internasional Tbk.,--U-1135000000A112------------,60.0,0.0,60.0,59.0,60.0,0.0,62408100,3706546200,737,60.0,60,4611100,59,119923900,18046492786,18046492786,2706972652,252900,128000,0,0,0
2024-09-17,HUMI,Humpuss Maritim Internasional Tbk.,--U-1135000000A112------------,59.0,0.0,60.0,59.0,60.0,1.0,73140000,4318922400,584,60.0,60,19819600,59,121358100,18046492736,18046492736,2706972652,5085000,100400,0,0,0
2024-09-13,HUMI,Humpuss Maritim Internasional Tbk.,--U-1135000000A112------------,59.0,0.0,60.0,59.0,59.0,0.0,39676200,2344643700,591,59.0,60,25855000,59,194500,18046492686,18046492686,2706972652,127700,114400,0,0,0
2024-09-12,HUMI,Humpuss Maritim Internasional Tbk.,--U-1135000000A112------------,59.0,0.0,60.0,59.0,59.0,0.0,69653500,4114537100,602,59.0,60,19960300,59,878700,18046492686,18046492686,2706972652,52400,147000,0,0,0
2024-09-11,HUMI,Humpuss Maritim Internasional Tbk.,--U-1135000000A112------------,59.0,0.0,60.0,59.0,59.0,0.0,30828000,1825218800,665,59.0,60,25219300,59,18200,18046492131,18046492131,2706972652,52400,88900,0,0,0
2024-09-10,HUMI,Humpuss Maritim Internasional Tbk.,--U-1135000000A112------------,59.0,0.0,60.0,59.0,59.0,0.0,17139700,1013478200,559,59.0,60,18978800,59,186000,18046492131,18046492131,2706972652,54100,67600,0,0,0
2024-09-09,HUMI,Humpuss Maritim Internasional Tbk.,--U-1135000000A112------------,60.0,0.0,60.0,59.0,59.0,-1.0,63853600,3772267800,549,59.0,60,21262400,59,118066700,18046491981,18046491981,2706972652,25700,45700,0,0,0
2024-09-06,HUMI,Humpuss Maritim Internasional Tbk.,--U-1135000000A112------------,60.0,0.0,60.0,59.0,60.0,0.0,22649900,1343139900,685,60.0,60,22452300,59,361400,18046491931,18046491931,2706972652,35100,54100,0,0,0
2024-09-05,HUMI,Humpuss Maritim Internasional Tbk.,--U-1135000000A112------------,59.0,0.0,60.0,59.0,60.0,1.0,23679100,1402340200,548,60.0,60,26570500,59,120394100,18046491931,18046491931,2706972652,52600,32400,0,0,0
2024-09-04,HUMI,Humpuss Maritim Internasional Tbk.,--U-1135000000A112------------,60.0,0.0,60.0,59.0,59.0,-1.0,19759000,1167388400,664,59.0,60,27444700,59,605600,18046491881,18046491881,2706972652,25900,25900,0,0,0
2024-09-03,HUMI,Humpuss Maritim Internasional Tbk.,--U-1135000000A112------------,59.0,0.0,60.0,59.0,60.0,1.0,58222500,3443985000,853,60.0,60,20996400,59,509100,18046491881,18046491881,2706972652,81800,102800,0,0,0
2024-09-02,HUMI,Humpuss Maritim Internasional Tbk.,--U-1135000000A112------------,59.0,0.0,60.0,59.0,59.0,0.0,56905900,3372715700,1211,59.0,60,14988000,59,553000,18046491831,18046491831,2706972652,102900,84300,0,0,0
2024-08-30,HUMI,Humpuss Maritim Internasional Tbk.,--U-1135000000A112------------,60.0,0.0,61.0,59.0,59.0,-1.0,53941700,3197160500,1237,59.0,60,16022700,59,536400,18046491681,18046491681,2706972652,0,77100,0,0,0
2024-08-29,HUMI,Humpuss Maritim Internasional Tbk.,--U-1135000000A112------------,60.0,0.0,61.0,60.0,60.0,0.0,55033800,3311628300,754,60.0,61,29469300,60,87500,18046491631,18046491631,2706972652,124600,25800,0,0,0
2024-08-28,HUMI,Humpuss Maritim Internasional Tbk.,--U-1135000000A112------------,61.0,0.0,61.0,60.0,60.0,-1.0,47864500,2876312400,889,60.0,61,27321000,60,9200,18046491621,18046491621,2706972652,51000,91000,0,0,0
2024-08-27,HUMI,Humpuss Maritim Internasional Tbk.,--U-1135000000A112------------,60.0,0.0,61.0,60.0,61.0,1.0,48579500,2920067700,885,61.0,61,23311700,60,116200,18046491621,18046491621,2706972652,0,48000,0,0,0
2024-08-26,HUMI,Humpuss Maritim Internasional Tbk.,--U-1135000000A112------------,60.0,0.0,61.0,60.0,60.0,0.0,58942400,3552674200,1296,60.0,61,15720300,60,117009000,18046491621,18046491621,2706972652,86400,176600,0,0,0
2024-08-23,HUMI,Humpuss Maritim Internasional Tbk.,--U-1135000000A112------------,60.0,0.0,61.0,60.0,60.0,0.0,35252900,2121124700,967,60.0,61,13583900,59,6308400,18046491621,18046491621,2706972652,126100,115200,0,0,0
2024-08-22,HUMI,Humpuss Maritim Internasional Tbk.,--U-1135000000A112------------,61.0,0.0,61.0,60.0,60.0,-1.0,55521500,3338054200,1145,60.0,61,13524900,60,815600,18046491621,18046491621,2706972652,0,35400,0,0,0
2024-08-21,HUMI,Humpuss Maritim Internasional Tbk.,--U-1135000000A112------------,61.0,0.0,61.0,60.0,61.0,0.0,71860600,4334489200,1593,61.0,61,7745500,60,1794100,18046491621,18046491621,2706972652,136600,75900,0,0,0
2024-08-20,HUMI,Humpuss Maritim Internasional Tbk.,--U-1135000000A112------------,62.0,0.0,62.0,60.0,61.0,-1.0,191944300,11687749300,4498,61.0,61,2243300,60,598300,18046491621,18046491621,2706972652,758300,3376000,0,0,0
2024-08-19,HUMI,Humpuss Maritim Internasional Tbk.,--U-1135000000A112------------,62.0,0.0,62.0,61.0,62.0,0.0,70076900,4297282500,1921,62.0,62,9564500,61,2174900,18046491621,18046491621,2706972652,598400,10000,0,0,0
2024-08-16,HUMI,Humpuss Maritim Internasional Tbk.,--U-1135000000A112------------,62.0,0.0,63.0,61.0,62.0,0.0,132449200,8151368000,2851,62.0,63,5511000,61,1008200,18046491571,18046491571,2706972652,1405400,3509300,0,0,0
2024-08-15,HUMI,Humpuss Maritim Internasional Tbk.,--U-1135000000A112------------,62.0,0.0,64.0,61.0,62.0,0.0,122109700,7643051100,2653,62.0,63,14603900,62,148490100,18046491471,18046491471,2706972652,2326800,266500,0,0,0
2024-08-14,HUMI,Humpuss Maritim Internasional Tbk.,--U-1135000000A112------------,62.0,0.0,64.0,61.0,62.0,0.0,122109700,7643051100,2653,62.0,63,14603900,62,148490100,18046491471,18046491471,2706972652,2326800,266500,0,0,0
2024-08-13,HUMI,Humpuss Maritim Internasional Tbk.,--U-1135000000A112------------,64.0,0.0,66.0,61.0,62.0,-2.0,714791800,45257557600,11651,62.0,63,2693200,62,181826900,18046491471,18046491471,2706972652,13785600,12002600,0,0,0
2024-08-12,HUMI,Humpuss Maritim Internasional Tbk.,--U-1135000000A112------------,80.0,0.0,81.0,61.0,64.0,-16.0,900467900,61290441100,20700,64.0,65,11697500,64,6009300,18046491421,18046491421,2706972652,35699000,38198300,0,0,0
2024-08-09,HUMI,Humpuss Maritim Internasional Tbk.,--U-1135000000A112------------,72.0,0.0,83.0,72.0,80.0,8.0,187312800,14733917600,5609,80.0,80,4517600,79,462800,18046491421,18046491421,2706972652,6700700,5265300,0,0,0
2024-08-08,HUMI,Humpuss Maritim Internasional Tbk.,--U-1135000000A112------------,74.0,0.0,74.0,69.0,72.0,-2.0,12595700,898738400,759,72.0,72,185900,71,889700,18046491421,18046491421,2706972652,144100,864700,0,0,0
2024-08-07,HUMI,Humpuss Maritim Internasional Tbk.,--U-1135000000A112------------,74.0,0.0,75.0,74.0,74.0,0.0,1400400,103854300,215,74.0,74,200000,73,755000,18046491421,18046491421,2706972652,0,300,0,0,0
2024-08-06,HUMI,Humpuss Maritim Internasional Tbk.,--U-1135000000A112------------,72.0,0.0,74.0,71.0,74.0,2.0,5419300,394152600,337,74.0,74,685600,73,449200,18046491371,18046491371,2706972652,208700,0,0,0,0
2024-08-05,HUMI,Humpuss Maritim Internasional Tbk.,--U-1135000000A112------------,76.0,0.0,77.0,71.0,72.0,-4.0,15421800,1127784500,1048,72.0,73,61400,72,379800,18046491371,18046491371,2706972652,1999200,0,0,0,0
2024-08-02,HUMI,Humpuss Maritim Internasional Tbk.,--U-1130000000A112------------,76.0,0.0,77.0,76.0,76.0,0.0,4934100,378264900,725,76.0,77,2170700,76,826300,18046491321,18046491321,2706972652,195600,0,0,0,0
2024-08-01,HUMI,Humpuss Maritim Internasional Tbk.,--U-1130000000A112------------,75.0,0.0,78.0,75.0,76.0,1.0,6335000,482912500,842,76.0,76,285000,75,1411100,18046491171,18046491171,2706972652,434700,0,0,0,0
2024-07-31,HUMI,Humpuss Maritim Internasional Tbk.,--U-1130000000A112------------,74.0,0.0,75.0,73.0,74.0,0.0,7092500,521856800,407,74.0,75,3783200,74,399500,18046491171,18046491171,2706972652,0,0,0,0,0
2024-07-30,HUMI,Humpuss Maritim Internasional Tbk.,--U-1130000000A112------------,74.0,0.0,75.0,73.0,74.0,0.0,7092500,521856800,407,74.0,75,3783200,74,399500,18046491171,18046491171,2706972652,0,0,0,0,0
2024-07-29,HUMI,Humpuss Maritim Internasional Tbk.,--U-1130000000A112------------,74.0,0.0,75.0,73.0,74.0,0.0,5687300,419439400,569,74.0,74,334400,73,5647800,18046489247,18046489247,2706972652,0,0,0,0,0
2024-07-26,HUMI,Humpuss Maritim Internasional Tbk.,--U-1130000000A112------------,76.0,0.0,76.0,74.0,74.0,-2.0,13021600,970669100,850,74.0,74,291800,73,591800,18046489247,18046489247,2706972652,376300,0,0,0,0
2024-07-25,HUMI,Humpuss Maritim Internasional Tbk.,--U-1130000000A112------------,75.0,0.0,77.0,75.0,76.0,1.0,8742200,659249300,335,76.0,76,3599100,75,2486100,18046489247,18046489247,2706972652,289200,0,0,0,0
2024-07-24,HUMI,Humpuss Maritim Internasional Tbk.,--U-1130000000A112------------,75.0,0.0,77.0,75.0,75.0,0.0,5705700,431862300,446,75.0,76,628800,75,4462700,18046489247,18046489247,2706972652,116000,0,0,0,0
2024-07-23,HUMI,Humpuss Maritim Internasional Tbk.,--U-1130000000A112------------,76.0,0.0,77.0,75.0,75.0,-1.0,10608700,799501900,692,75.0,76,5401300,75,4352800,18046489247,18046489247,2706972652,272200,0,0,0,0
2024-07-22,HUMI,Humpuss Maritim Internasional Tbk.,XDU-1130000000A112------------,77.0,0.0,78.0,76.0,76.0,-1.0,19263700,1470166500,819,76.0,77,1208500,76,85100,18046489197,18046489197,2706972652,467700,0,0,0,0
2024-07-19,HUMI,Humpuss Maritim Internasional Tbk.,XDU-1130000000A112------------,78.0,0.0,79.0,77.0,77.0,-1.0,7391000,575413600,475,77.0,78,2994900,77,8927400,18046489195,18046489195,2706972652,800,0,0,0,0
2024-07-18,HUMI,Humpuss Maritim Internasional Tbk.,XDU-1130000000A112------------,78.0,0.0,79.0,77.0,78.0,0.0,6452500,501996500,491,78.0,79,6074300,78,680600,18046489194,18046489194,2706972652,186600,0,1000,77000,1
2024-07-17,HUMI,Humpuss Maritim Internasional Tbk.,XDU-1130000000A112------------,78.0,0.0,79.0,77.0,78.0,0.0,12466500,976206800,583,78.0,79,714300,78,628200,18046489170,18046489170,2706972652,406300,293800,0,0,0
2024-07-16,HUMI,Humpuss Maritim Internasional Tbk.,XDU-1130000000A112------------,78.0,0.0,79.0,78.0,78.0,0.0,7892500,619125100,489,78.0,79,1592700,78,4800,18046489066,18046489066,2706972652,98700,1100,0,0,0
2024-07-12,HUMI,Humpuss Maritim Internasional Tbk.,XDU-1130000000A112------------,79.0,0.0,80.0,78.0,79.0,0.0,10462400,820202200,390,79.0,79,133400,78,4152300,18046488259,18046488259,2706972652,0,131000,0,0,0
2024-07-11,HUMI,Humpuss Maritim Internasional Tbk.,XDU-1130000000A112------------,78.0,0.0,80.0,78.0,79.0,1.0,17556300,1384987700,586,79.0,80,3951900,79,465100,18046488259,18046488259,2706972652,0,1153300,0,0,0
2024-07-10,HUMI,Humpuss Maritim Internasional Tbk.,XDU-1130000000A112------------,79.0,0.0,81.0,78.0,78.0,-1.0,19173300,1515167100,876,78.0,79,631900,78,7037800,18046488159,18046488159,2706972652,50700,845300,0,0,0
2024-07-09,HUMI,Humpuss Maritim Internasional Tbk.,XDU-1130000000A112------------,80.0,0.0,81.0,79.0,79.0,-1.0,12497200,998933700,614,79.0,80,1100,79,8810300,18046488159,2707368159,2706972652,40400,348200,0,0,0
2024-07-08,HUMI,Humpuss Maritim Internasional Tbk.,XDU-1130000000A112------------,84.0,0.0,85.0,78.0,80.0,-4.0,26227600,2128775400,1416,80.0,81,1496300,80,866700,18046488059,2707368059,2706972652,3042800,584400,0,0,0
2024-07-05,HUMI,Humpuss Maritim Internasional Tbk.,XDU-1130000000A112------------,85.0,0.0,86.0,81.0,84.0,-1.0,31748200,2649542800,1387,84.0,84,986500,83,1543500,18046488059,2707368059,2706972652,1642600,559300,0,0,0
2024-07-04,HUMI,Humpuss Maritim Internasional Tbk.,XDU-1130000000A112------------,79.0,0.0,81.0,79.0,79.0,0.0,8899800,707391900,462,79.0,80,3969400,79,2853200,18046487959,2707367959,2706972652,97400,0,0,0,0
2024-07-03,HUMI,Humpuss Maritim Internasional Tbk.,XDU-1130000000A112------------,79.0,0.0,81.0,79.0,79.0,0.0,8899800,707391900,462,79.0,80,3969400,79,2853200,18046487959,2707367959,2706972652,97400,0,0,0,0
2024-07-02,HUMI,Humpuss Maritim Internasional Tbk.,XDU-1130000000A112------------,79.0,0.0,81.0,79.0,79.0,0.0,9992000,797887400,642,79.0,80,27600,79,4398200,18046486551,2707366551,2706972652,362100,459800,0,0,0
2024-07-01,HUMI,Humpuss Maritim Internasional Tbk.,XDU-1130000000A112------------,79.0,0.0,80.0,78.0,79.0,0.0,12347500,973248700,624,79.0,80,5893900,79,2649600,18046486551,2707366551,2706972652,29500,295600,0,0,0
2024-06-28,HUMI,Humpuss Maritim Internasional Tbk.,--U-1130000000A112------------,78.0,0.0,80.0,76.0,78.0,0.0,7333600,574999900,657,78.0,79,49600,78,823500,18046486546,2707366546,2706971669,37900,181100,0,0,0
2024-06-27,HUMI,Humpuss Maritim Internasional Tbk.,CDU-1130000000A112------------,79.0,0.0,80.0,77.0,78.0,-1.0,10862700,854318500,797,78.0,79,570100,78,1241900,18046486546,2707366546,2706971669,0,612100,1400000,116200000,1
2024-06-26,HUMI,Humpuss Maritim Internasional Tbk.,CDU-1130000000A112------------,81.0,0.0,81.0,78.0,79.0,-2.0,11556800,918774500,1034,79.0,79,244600,78,2494700,18046486445,2707366445,2706971669,128900,112700,0,0,0
2024-06-25,HUMI,Humpuss Maritim Internasional Tbk.,CDU-1130000000A112------------,81.0,0.0,81.0,78.0,79.0,-2.0,11556800,918774500,1034,79.0,79,244600,78,2494700,18046486445,2707366445,2706971669,128900,112700,0,0,0
2024-06-24,HUMI,Humpuss Maritim Internasional Tbk.,CDU-1130000000A112------------,82.0,0.0,83.0,81.0,81.0,-1.0,11354200,921958000,758,81.0,81,382800,80,1982400,18046486445,2707366445,2706971669,367100,0,0,0,0
2024-06-21,HUMI,Humpuss Maritim Internasional Tbk.,CDU-1130000000A112------------,84.0,0.0,85.0,81.0,82.0,-2.0,27771000,2277202000,1363,82.0,82,70300,81,1256200,18046486445,2707366445,2706971669,814600,144400,0,0,0
2024-06-20,HUMI,Humpuss Maritim Internasional Tbk.,CDU-1130000000A112------------,83.0,0.0,86.0,81.0,84.0,1.0,32876700,2747688500,1758,84.0,84,302300,83,159400,18046484345,2707364345,2706971669,988800,1532000,0,0,0
2024-06-19,HUMI,Humpuss Maritim Internasional Tbk.,--U-1130000000A112------------,87.0,0.0,92.0,82.0,83.0,-4.0,38254700,3256917000,2537,83.0,84,1409500,83,516800,18046484345,2707364345,2706971669,2100000,1093500,0,0,0
2024-06-14,HUMI,Humpuss Maritim Internasional Tbk.,--U-1130000000A112------------,80.0,0.0,88.0,76.0,87.0,7.0,179866700,14837705600,3923,87.0,88,610500,87,2865500,18046484345,2707364345,2706971669,1833200,3092900,0,0,0
2024-06-13,HUMI,Humpuss Maritim Internasional Tbk.,--U-1130000000A112------------,85.0,0.0,88.0,80.0,80.0,-5.0,80044100,6711380900,4691,80.0,81,222500,80,3484700,18046484043,2707364043,2706971669,8393400,2088500,0,0,0
2024-06-12,HUMI,Humpuss Maritim Internasional Tbk.,--U-1130000000A112------------,75.0,0.0,94.0,75.0,85.0,10.0,384159200,33275706900,12756,85.0,86,1680100,85,961400,18046483993,2707363993,2706971669,11354400,22530600,0,0,0
2024-06-11,HUMI,Humpuss Maritim Internasional Tbk.,--U-1130000000A112------------,76.0,0.0,77.0,75.0,75.0,-1.0,5865900,443547300,419,75.0,76,838500,75,425500,18046483993,2707363993,2706971669,50100,519600,0,0,0
2024-06-10,HUMI,Humpuss Maritim Internasional Tbk.,--U-1130000000A112------------,77.0,0.0,78.0,75.0,76.0,-1.0,8465900,645295000,655,76.0,77,889100,76,201000,18046483993,2707363993,2706971669,506400,0,0,0,0
2024-06-07,HUMI,Humpuss Maritim Internasional Tbk.,--U-1130000000A112------------,78.0,0.0,80.0,77.0,77.0,-1.0,8856800,691170600,489,77.0,78,565100,77,813900,18046483993,2707363993,2706971669,43800,535800,0,0,0
2024-06-06,HUMI,Humpuss Maritim Internasional Tbk.,--U-1130000000A112------------,80.0,0.0,82.0,77.0,78.0,-2.0,10437900,825750900,755,78.0,79,96200,78,2261600,18046483948,2707363948,2706971669,1343700,808000,20000,1620000,1
2024-06-05,HUMI,Humpuss Maritim Internasional Tbk.,--U-1130000000A112------------,76.0,0.0,83.0,73.0,80.0,4.0,121906400,9634433800,3267,80.0,80,329000,79,3661700,18046483948,2707363948,2706971669,8619000,2737100,0,0,0
2024-06-04,HUMI,Humpuss Maritim Internasional Tbk.,--U-1130000000A112------------,80.0,0.0,81.0,76.0,76.0,-4.0,16636900,1289291200,1172,76.0,77,1189000,76,2254800,18046483948,2707363948,2706971669,2693300,567800,0,0,0
2024-06-03,HUMI,Humpuss Maritim Internasional Tbk.,--U-1130000000A112------------,77.0,0.0,81.0,75.0,80.0,3.0,115632500,9137492700,1595,80.0,80,2140800,79,170400,18046483948,2707363948,2706971669,347000,4004500,0,0,0
2024-05-31,HUMI,Humpuss Maritim Internasional Tbk.,--U-1130000000A112------------,78.0,0.0,79.0,75.0,77.0,-1.0,20395200,1574233400,1049,77.0,78,259200,77,1570200,18046483848,2707363848,2706971669,2001800,642500,0,0,0
2024-05-30,HUMI,Humpuss Maritim Internasional Tbk.,--U-1130000000A112------------,76.0,0.0,79.0,76.0,78.0,2.0,190119500,14722586500,1892,78.0,79,6586200,78,2338000,18046483798,2707363798,2706971669,22217900,2797700,0,0,0
2024-05-29,HUMI,Humpuss Maritim Internasional Tbk.,--U-1130000000A112------------,76.0,0.0,77.0,74.0,76.0,0.0,20742700,1571640400,961,76.0,77,4482100,76,614900,18046483793,2707363793,2706971669,3547300,498400,0,0,0
2024-05-28,HUMI,Humpuss Maritim Internasional Tbk.,--U-1130000000A112------------,75.0,0.0,77.0,73.0,76.0,1.0,939645000,71416374900,2428,76.0,77,4044400,76,719300,18046483793,2707363793,2706971669,3241100,28691100,0,0,0
2024-05-27,HUMI,Humpuss Maritim Internasional Tbk.,--U-1130000000A112------------,72.0,0.0,80.0,72.0,75.0,3.0,48737400,3724804700,3074,75.0,75,1563400,74,1919600,18046483743,2707363743,2706971669,8306900,2633900,0,0,0
2024-05-22,HUMI,Humpuss Maritim Internasional Tbk.,--U-1130000000A112------------,74.0,0.0,77.0,71.0,72.0,-2.0,16923200,1230869700,1133,72.0,73,676000,72,92500,18046483693,2707363693,2706971669,2522000,468800,0,0,0
2024-05-21,HUMI,Humpuss Maritim Internasional Tbk.,--U-1130000000A112------------,72.0,0.0,74.0,72.0,74.0,2.0,8676600,630939500,604,74.0,74,1952400,73,340000,18046483553,2707363553,2706971669,287700,801300,0,0,0
2024-05-20,HUMI,Humpuss Maritim Internasional Tbk.,--U-1130000000A112------------,74.0,0.0,75.0,72.0,72.0,-2.0,14566100,1066182000,956,72.0,73,16100,72,5034700,18046483553,2707363553,2706971669,4200,4248500,0,0,0
2024-05-17,HUMI,Humpuss Maritim Internasional Tbk.,--U-1130000000A112------------,74.0,0.0,75.0,72.0,74.0,0.0,16644200,1218550200,958,74.0,75,1429500,74,249800,18046483543,2707363543,2706971669,51100,2951400,0,0,0
2024-05-16,HUMI,Humpuss Maritim Internasional Tbk.,--U-1130000000A112------------,75.0,0.0,76.0,73.0,74.0,-1.0,15693400,1163746500,1317,74.0,75,1747600,74,959500,18046483543,2707363543,2706971669,523700,1694000,0,0,0
2024-05-15,HUMI,Humpuss Maritim Internasional Tbk.,--U-1130000000A112------------,76.0,0.0,77.0,75.0,75.0,-1.0,10066600,763457700,676,75.0,76,354700,75,5095300,18046482843,2707362843,2706971669,728800,308200,0,0,0
2024-05-14,HUMI,Humpuss Maritim Internasional Tbk.,--U-1130000000A112------------,77.0,0.0,78.0,75.0,76.0,-1.0,9544700,729736300,695,76.0,77,1003900,76,2068300,18046482742,2707362742,2706971669,1588100,100600,0,0,0
2024-05-13,HUMI,Humpuss Maritim Internasional Tbk.,--U-1130000000A112------------,75.0,0.0,81.0,74.0,77.0,2.0,27804600,2142608900,1608,77.0,78,2164300,77,1157000,18046482742,2707362742,2706971669,2276500,5356000,0,0,0
2024-05-08,HUMI,Humpuss Maritim Internasional Tbk.,--U-1130000000A112------------,76.0,0.0,77.0,73.0,75.0,-1.0,26959500,2009183900,1721,75.0,75,636800,74,338500,18046482742,2707362742,2706971669,1304600,4591200,0,0,0
2024-05-07,HUMI,Humpuss Maritim Internasional Tbk.,--U-1130000000A112------------,80.0,0.0,81.0,75.0,76.0,-4.0,39875900,3100906600,2212,76.0,76,92300,75,1141700,18046482742,2707362742,2706971669,3250800,1322000,0,0,0
2024-05-06,HUMI,Humpuss Maritim Internasional Tbk.,--U-1130000000A112------------,82.0,0.0,82.0,80.0,80.0,-2.0,13374300,1081578200,864,80.0,81,38500,80,6308900,18046482692,2707362692,2706971669,69500,783500,0,0,0
2024-05-03,HUMI,Humpuss Maritim Internasional Tbk.,--U-1130000000A112------------,81.0,0.0,83.0,80.0,82.0,1.0,18785800,1523221400,821,82.0,82,287600,81,2135200,18046482642,2707362642,2706971669,1952700,766500,0,0,0
2024-05-02,HUMI,Humpuss Maritim Internasional Tbk.,--U-1130000000A112------------,83.0,0.0,86.0,80.0,81.0,-2.0,28286500,2316813800,1257,81.0,82,2105200,81,516500,18046482542,2707362542,2706971669,3594500,74200,0,0,0
2024-04-30,HUMI,Humpuss Maritim Internasional Tbk.,--U-1130000000A112------------,83.0,0.0,86.0,82.0,83.0,0.0,15491800,1300587400,863,83.0,84,500,83,4361900,18046482542,2707362542,2706971669,190900,2432600,0,0,0
2024-04-29,HUMI,Humpuss Maritim Internasional Tbk.,--U-1130000000A112------------,83.0,0.0,84.0,80.0,83.0,0.0,22134500,1818241700,1024,83.0,84,1648200,83,7300,18046482542,2707362542,2706971669,1185500,1987200,0,0,0
2024-04-26,HUMI,Humpuss Maritim Internasional Tbk.,--U-1130000000A112------------,85.0,0.0,86.0,83.0,83.0,-2.0,27970500,2334909800,1312,83.0,83,134700,82,2356900,18046480992,2707360992,2706971669,2160400,2327500,0,0,0
2024-04-25,HUMI,Humpuss Maritim Internasional Tbk.,--U-1130000000A112------------,87.0,0.0,88.0,84.0,85.0,-2.0,25217600,2168689000,1458,85.0,86,831000,85,2300,18046480942,2707360942,2706971669,3998100,280800,0,0,0
2024-04-24,HUMI,Humpuss Maritim Internasional Tbk.,--U-1130000000A112------------,88.0,0.0,91.0,87.0,87.0,-1.0,24811600,2203073200,1274,87.0,87,2501000,86,1851700,18046480942,2707360942,2706971669,2151200,1344000,0,0,0
2024-04-23,HUMI,Humpuss Maritim Internasional Tbk.,--U-1130000000A112------------,92.0,0.0,93.0,88.0,88.0,-4.0,43328600,3912054900,1914,88.0,89,627400,88,578600,18046480942,2707360942,2706971669,9247400,113700,0,0,0
2024-04-22,HUMI,Humpuss Maritim Internasional Tbk.,--U-1130000000A112------------,88.0,0.0,96.0,86.0,92.0,4.0,127999700,11825726600,3932,92.0,92,3472000,91,1073800,18046480942,2707360942,2706971669,6766600,16187800,0,0,0
2024-04-19,HUMI,Humpuss Maritim Internasional Tbk.,--U-1130000000A112------------,89.0,0.0,90.0,82.0,88.0,-1.0,71249800,6105889900,2327,88.0,89,1168900,88,5568100,18046480892,2707360892,2706971669,8103400,6053800,0,0,0
2024-04-18,HUMI,Humpuss Maritim Internasional Tbk.,--U-1130000000A112------------,90.0,0.0,91.0,88.0,89.0,-1.0,26024800,2321094800,1190,89.0,90,1514300,88,4895500,18046479842,2707359842,2706971669,4852900,2122800,0,0,0
2024-04-17,HUMI,Humpuss Maritim Internasional Tbk.,--U-1130000000A112------------,87.0,0.0,93.0,86.0,90.0,3.0,41832500,3777332200,2211,90.0,91,2402300,90,7700,18046479842,2707359842,2706971669,1796200,5612600,0,0,0
2024-04-16,HUMI,Humpuss Maritim Internasional Tbk.,--U-1130000000A112------------,88.0,0.0,89.0,84.0,87.0,-1.0,39359800,3386692600,1954,87.0,88,1530700,87,94100,18046479742,2707359742,2706971669,4199800,6345800,0,0,0
2024-04-05,HUMI,Humpuss Maritim Internasional Tbk.,--U-1130000000A112------------,90.0,0.0,91.0,88.0,88.0,-2.0,25129200,2229359100,1282,88.0,89,1324400,88,66500,18046479742,2707359742,2706971669,2907500,814800,0,0,0
2024-04-04,HUMI,Humpuss Maritim Internasional Tbk.,--U-1130000000A112------------,89.0,0.0,91.0,87.0,90.0,1.0,40416900,3589192200,1494,90.0,90,1777700,89,1315500,18046479592,2707359592,2706971669,5647000,3628500,0,0,0
2024-04-03,HUMI,Humpuss Maritim Internasional Tbk.,--U-1130000000A112------------,90.0,0.0,93.0,89.0,89.0,-1.0,44624400,4036316900,2147,89.0,89,7951800,88,2393800,18046479542,2707359542,2706971669,4331800,7025900,0,0,0
2024-04-02,HUMI,Humpuss Maritim Internasional Tbk.,--U-1130000000A112------------,91.0,0.0,94.0,87.0,90.0,-1.0,58112200,5212360100,2664,90.0,91,1914500,90,2607700,18046477790,2707357790,2706971669,4400300,4443400,0,0,0
2024-04-01,HUMI,Humpuss Maritim Internasional Tbk.,--U-1130000000A112------------,99.0,0.0,100.0,85.0,91.0,-8.0,105435100,9646781100,5168,91.0,91,543500,90,1065200,18046477790,2707357790,2706971669,7212800,1998300,0,0,0
2024-03-28,HUMI,Humpuss Maritim Internasional Tbk.,--U-1130000000A112------------,97.0,0.0,103.0,97.0,99.0,2.0,128326400,12761440300,5531,99.0,99,3006200,98,185500,18046477790,2707357790,2706967500,10130700,13447100,0,0,0
2024-03-27,HUMI,Humpuss Maritim Internasional Tbk.,--U-1130000000A112------------,95.0,0.0,99.0,94.0,97.0,2.0,111013300,10761293100,3911,97.0,97,58100,96,1259100,18046477790,2707357790,2706967500,7382700,2559800,0,0,0
2024-03-26,HUMI,Humpuss Maritim Internasional Tbk.,--U-1130000000A112------------,97.0,0.0,99.0,95.0,95.0,-2.0,75042400,7218851300,2763,95.0,96,895700,95,252400,18046477790,2707357790,2706967500,6094600,6017400,20,1960,1
2024-03-22,HUMI,Humpuss Maritim Internasional Tbk.,--U-1130000000A112------------,101.0,0.0,103.0,96.0,98.0,-3.0,107139300,10622148100,4255,98.0,99,870300,98,65100,18046477790,2707357790,2706967500,9173400,4293400,0,0,0
2024-03-21,HUMI,Humpuss Maritim Internasional Tbk.,--U-1130000000A112------------,101.0,0.0,107.0,98.0,101.0,0.0,213603400,22033944700,6675,101.0,101,484900,100,1217900,18046477790,2707357790,2706967500,17323000,29391400,0,0,0
2024-03-20,HUMI,Humpuss Maritim Internasional Tbk.,--U-1130000000A112------------,106.0,0.0,113.0,95.0,101.0,-5.0,411065900,43287460100,15360,101.0,102,1087400,100,1167900,18046477790,2707357790,2706967500,43817000,24135900,0,0,0
2024-03-19,HUMI,Humpuss Maritim Internasional Tbk.,--U-1130000000A112------------,101.0,0.0,112.0,101.0,106.0,5.0,494001100,52349942400,21754,106.0,107,5786600,106,95247400,18046476040,2707356040,2706967500,63281900,62912600,0,0,0
2024-03-18,HUMI,Humpuss Maritim Internasional Tbk.,--U-1130000000A112------------,87.0,0.0,104.0,86.0,101.0,14.0,911624200,88356521300,24756,101.0,102,1545600,101,97690100,18046476039,2707356039,2706967500,75019000,79161700,0,0,0
2024-03-15,HUMI,Humpuss Maritim Internasional Tbk.,--U-1130000000A112------------,81.0,0.0,88.0,80.0,87.0,6.0,157947900,13522862200,5817,87.0,87,4301400,86,422300,18046476037,2707356037,2706967500,9664500,21699100,0,0,0
2024-03-14,HUMI,Humpuss Maritim Internasional Tbk.,--U-1130000000A112------------,81.0,0.0,82.0,79.0,81.0,0.0,52835900,4242619000,2182,81.0,82,3871300,81,2090900,18046476037,2707356037,2706967500,2315500,9654300,0,0,0
2024-03-13,HUMI,Humpuss Maritim Internasional Tbk.,--U-1130000000A112------------,81.0,0.0,84.0,80.0,81.0,0.0,56924600,4634503800,3074,81.0,82,1489600,81,148700,18046476036,2707356036,2706967500,4551000,8887800,50,4050,1
2024-03-08,HUMI,Humpuss Maritim Internasional Tbk.,--U-1130000000A112------------,84.0,0.0,85.0,81.0,81.0,-3.0,59604600,4901989700,3066,81.0,81,67800,80,13622100,18046476036,2707356036,2706967500,7630000,2465100,1500,127500,1
2024-03-07,HUMI,Humpuss Maritim Internasional Tbk.,--U-1130000000A112------------,85.0,0.0,87.0,82.0,84.0,-1.0,79273000,6664748200,3604,84.0,85,2035400,84,143500,18046476036,2707356036,2706967500,2523700,10152800,0,0,0
2024-03-06,HUMI,Humpuss Maritim Internasional Tbk.,--U-1130000000A112------------,85.0,0.0,91.0,84.0,85.0,0.0,128563100,11212402900,6192,85.0,86,1796200,85,4436700,18046476036,2707356036,2706967500,9766400,6287800,0,0,0
2024-03-05,HUMI,Humpuss Maritim Internasional Tbk.,--U-1130000000A112------------,85.0,0.0,89.0,78.0,85.0,0.0,195753200,16379009500,8581,85.0,85,1593800,84,200800,18046476011,2707356011,2706967500,26759500,28974200,0,0,0
2024-03-04,HUMI,Humpuss Maritim Internasional Tbk.,--U-1130000000A112------------,89.0,0.0,91.0,85.0,85.0,-4.0,110487000,9678312000,5999,85.0,86,86100,85,1452600,18046476011,2707356011,2706967500,15934300,5558600,0,0,0
2024-03-01,HUMI,Humpuss Maritim Internasional Tbk.,--U-1130000000A112------------,86.0,0.0,94.0,86.0,89.0,3.0,263757100,23718416900,10842,89.0,90,2333300,89,1085000,18046475871,2707355871,2706967500,38037800,18302500,0,0,0
2024-02-29,HUMI,Humpuss Maritim Internasional Tbk.,--U-1130000000A112------------,89.0,0.0,99.0,82.0,86.0,-3.0,629338700,57615469900,25148,86.0,87,813100,86,4538500,18046475871,2707355871,2706967500,85453900,97924900,0,0,0
2024-02-28,HUMI,Humpuss Maritim Internasional Tbk.,--U-1130000000A112------------,71.0,0.0,95.0,72.0,93.0,22.0,847089000,72705280900,28799,93.0,93,4391300,92,3211600,18046475771,2707355771,2706967500,43910300,74195800,0,0,0
2024-02-27,HUMI,Humpuss Maritim Internasional Tbk.,--U-1130000000A112------------,71.0,0.0,95.0,72.0,93.0,22.0,847089000,72705280900,28799,93.0,93,4391300,92,3211600,18046475771,2707355771,2706967500,43910300,74195800,0,0,0
2024-02-26,HUMI,Humpuss Maritim Internasional Tbk.,--U-1130000000A112------------,70.0,0.0,75.0,67.0,71.0,1.0,172317700,12353718700,6339,71.0,71,1944000,70,6443800,18046475720,2707355720,2706967500,13957900,24872000,0,0,0
2024-02-23,HUMI,Humpuss Maritim Internasional Tbk.,--U-1130000000A112------------,70.0,0.0,72.0,68.0,70.0,0.0,51546100,3585919500,2408,70.0,70,6194500,69,1329000,18046450470,2707330470,2706967500,4172100,1310100,0,0,0
2024-02-22,HUMI,Humpuss Maritim Internasional Tbk.,--U-1130000000A112------------,67.0,0.0,73.0,63.0,70.0,3.0,181866000,12499432400,6801,70.0,71,8298500,70,363200,18046450470,2707330470,2706967500,14623500,22275500,0,0,0
2024-02-21,HUMI,Humpuss Maritim Internasional Tbk.,--U-1130000000A112------------,69.0,0.0,71.0,67.0,67.0,-2.0,90870400,6199325200,3728,67.0,68,1914700,67,1600200,18046450415,2707330415,2706967500,8042400,8414700,0,0,0
2024-02-20,HUMI,Humpuss Maritim Internasional Tbk.,--U-1130000000A112------------,69.0,0.0,74.0,64.0,69.0,0.0,258843600,18087815700,10967,69.0,70,406500,69,4974600,18046450415,2707330415,2706967500,13306200,20896800,0,0,0
2024-02-19,HUMI,Humpuss Maritim Internasional Tbk.,--U-1130000000A112------------,86.0,0.0,95.0,56.0,69.0,-17.0,1314649100,86571869700,32851,69.0,69,922800,68,1720100,18046450315,2707330315,2706967500,103620500,89014200,0,0,0
2024-02-16,HUMI,Humpuss Maritim Internasional Tbk.,--U-1130000000A112------------,71.0,0.0,92.0,71.0,86.0,15.0,1308598200,108286458100,44849,86.0,87,2122000,86,91946400,18046450150,2707330150,2706967500,148424500,154273100,40000,3680000,1
2024-02-15,HUMI,Humpuss Maritim Internasional Tbk.,--U-1130000000A112------------,53.0,0.0,71.0,54.0,71.0,18.0,257415700,16927825100,8684,71.0,0,0,71,594276500,18046450000,2707330000,2706967500,40213700,37512400,0,0,0
2024-02-13,HUMI,Humpuss Maritim Internasional Tbk.,--U-1130000000A112------------,57.0,0.0,0.0,0.0,57.0,0.0,0,0,0,57.0,0,0,0,0,18046450000,2707330000,2706967500,0,0,0,0,0
2024-02-12,HUMI,Humpuss Maritim Internasional Tbk.,--U-1130000000A112------------,57.0,0.0,0.0,0.0,57.0,0.0,0,0,0,57.0,0,0,0,0,18046450000,2707330000,2706967500,0,0,0,0,0
2024-02-07,HUMI,Humpuss Maritim Internasional Tbk.,--U-1130000000A112------------,71.0,0.0,73.0,56.0,57.0,-14.0,335190600,20945977700,9003,57.0,58,978400,57,3163300,18046450000,2707330000,2706967500,111419700,19800800,200000,16000000,1
2024-02-06,HUMI,Humpuss Maritim Internasional Tbk.,--U-1130000000A112------------,76.0,0.0,77.0,71.0,71.0,-5.0,78584400,5680996400,3294,71.0,72,660100,71,1678000,18046450000,2707330000,2706967500,54032800,4152500,0,0,0
2024-02-05,HUMI,Humpuss Maritim Internasional Tbk.,--U-1130000000A112------------,80.0,0.0,82.0,76.0,76.0,-4.0,197631200,15751016200,2743,76.0,77,124200,76,142500,18046450000,2707330000,2706967500,69842800,9038300,0,0,0
2024-02-02,HUMI,Humpuss Maritim Internasional Tbk.,--U-1130000000A112------------,78.0,0.0,82.0,78.0,80.0,2.0,147818400,11774838500,2307,80.0,81,2532900,80,13182500,18046450000,2707330000,2706967500,33243800,33044600,0,0,0
2024-02-01,HUMI,Humpuss Maritim Internasional Tbk.,--M-1130000000A112------------,74.0,0.0,79.0,72.0,76.0,2.0,1252341700,94214881600,5128,76.0,77,203400,75,3596300,18046450000,2707330000,2706967500,4099200,47055700,0,0,0
2024-01-31,HUMI,Humpuss Maritim Internasional Tbk.,--M-1130000000A112------------,74.0,0.0,79.0,72.0,76.0,2.0,1252341700,94214881600,5128,76.0,77,203400,75,3596300,18046450000,2707330000,2706967500,4099200,47055700,0,0,0
2024-01-30,HUMI,Humpuss Maritim Internasional Tbk.,--M-1130000000A112------------,79.0,0.0,82.0,73.0,74.0,-5.0,58062500,4443457500,3768,74.0,75,100000,74,1391200,18046450000,2707330000,2706967500,16495000,1392100,0,0,0
2024-01-29,HUMI,Humpuss Maritim Internasional Tbk.,--M-1130000000A112------------,76.0,0.0,85.0,68.0,79.0,3.0,170616000,13834427400,9003,79.0,80,1758100,79,16300,18046450000,2707330000,2706967500,19911400,13989700,0,0,0
2024-01-26,HUMI,Humpuss Maritim Internasional Tbk.,--M-1130000000A112------------,80.0,0.0,84.0,73.0,76.0,-4.0,152626500,11944121400,7470,76.0,76,614700,75,1045200,18046450000,2707330000,2706967500,25221800,4680500,0,0,0
2024-01-25,HUMI,Humpuss Maritim Internasional Tbk.,--M-1130000000A112------------,102.0,0.0,108.0,78.0,80.0,-22.0,323920800,28637538300,16392,80.0,81,367800,80,448700,18046450000,2707330000,2706967500,167382300,43723200,0,0,0
2024-01-24,HUMI,Humpuss Maritim Internasional Tbk.,--M-1130000000A112------------,135.0,0.0,136.0,101.0,102.0,-33.0,208461400,23473419700,13657,102.0,103,28600,102,707900,18046450000,2707330000,2706967500,107244900,25747200,0,0,0
2024-01-23,HUMI,Humpuss Maritim Internasional Tbk.,--M-1130000000A112------------,178.0,0.0,168.0,133.0,135.0,-43.0,162085600,22388765800,8856,135.0,136,242200,135,175500,18046450000,2707330000,2706967500,95708400,10767900,0,0,0
2024-01-22,HUMI,Humpuss Maritim Internasional Tbk.,--M-1130000000A112------------,154.0,0.0,178.0,139.0,178.0,24.0,110993100,17427614300,4378,178.0,178,19703900,144,27000,18046450000,2707330000,2706967500,60458100,7523100,0,0,0
2024-01-19,HUMI,Humpuss Maritim Internasional Tbk.,--M-1130000000A112------------,152.0,0.0,155.0,152.0,154.0,2.0,391675600,60063446500,1620,154.0,155,434000,154,5382700,18046450000,2707330000,2706967500,6279500,37285200,0,0,0
2024-01-18,HUMI,Humpuss Maritim Internasional Tbk.,--M-1130000000A112------------,162.0,0.0,163.0,148.0,152.0,-10.0,171888400,26751455900,3084,152.0,153,394100,152,105400,18046450000,2707330000,2706967500,39367100,6264500,0,0,0
2024-01-17,HUMI,Humpuss Maritim Internasional Tbk.,--M-1130000000A112------------,159.0,0.0,163.0,158.0,162.0,3.0,170155500,27232267800,1269,162.0,163,941600,162,4657300,18046450000,2707330000,2706967500,7747900,6276000,0,0,0
2024-01-16,HUMI,Humpuss Maritim Internasional Tbk.,--M-1130000000A112------------,156.0,0.0,160.0,155.0,159.0,3.0,100932500,15952581000,1123,159.0,160,666100,159,5073400,18046450000,2707330000,2706967500,1159300,7491500,0,0,0
2024-01-15,HUMI,Humpuss Maritim Internasional Tbk.,--M-1130000000A112------------,154.0,0.0,157.0,154.0,156.0,2.0,279993200,43345903200,1585,156.0,157,1015100,156,5134300,18046450000,2707330000,2706967500,9466200,22134600,0,0,0
2024-01-12,HUMI,Humpuss Maritim Internasional Tbk.,--M-1130000000A112------------,152.0,0.0,155.0,152.0,154.0,2.0,446502600,68426651400,1870,154.0,155,962900,154,5000400,18046450000,2707330000,2706967500,9750000,62013500,0,0,0
2024-01-11,HUMI,Humpuss Maritim Internasional Tbk.,--M-1130000000A112------------,172.0,0.0,170.0,148.0,152.0,-20.0,57563800,8759814100,3366,152.0,153,116800,152,919900,18046450000,2707330000,2706967500,39638400,4712200,0,0,0
2024-01-10,HUMI,Humpuss Maritim Internasional Tbk.,--M-1130000000A112------------,169.0,0.0,173.0,169.0,172.0,3.0,131030100,22308913200,1011,172.0,173,1348600,172,325300,18046450000,2707330000,2706967500,2802700,13583100,0,0,0
2024-01-09,HUMI,Humpuss Maritim Internasional Tbk.,--M-1130000000A112------------,166.0,0.0,170.0,166.0,169.0,3.0,206443800,34489463900,1078,169.0,170,1138000,169,5024300,18046450000,2707330000,2706967500,4436500,21640800,0,0,0
2024-01-08,HUMI,Humpuss Maritim Internasional Tbk.,--M-1130000000A112------------,162.0,0.0,166.0,162.0,166.0,4.0,163246600,26821010900,1086,166.0,167,152400,166,70500,18046450000,2707330000,2706967500,746500,17155300,0,0,0
2024-01-05,HUMI,Humpuss Maritim Internasional Tbk.,--M-1130000000A112------------,160.0,0.0,163.0,160.0,162.0,2.0,152961200,24547505200,890,162.0,163,219400,162,6926000,18046450000,2707330000,2706967500,67500,16762400,0,0,0
2024-01-04,HUMI,Humpuss Maritim Internasional Tbk.,--M-1130000000A112------------,156.0,0.0,160.0,156.0,160.0,4.0,180171700,28404345000,1325,160.0,161,622600,160,15031300,18046450000,2707330000,2706967500,546200,18596700,0,0,0
2024-01-03,HUMI,Humpuss Maritim Internasional Tbk.,--M-1130000000A112------------,153.0,0.0,158.0,153.0,156.0,3.0,106959600,16573567500,1501,156.0,157,250100,156,6018000,18046450000,2707330000,2706967500,3072300,12999300,0,0,0
2024-01-02,HUMI,Humpuss Maritim Internasional Tbk.,--M-1130000000A112------------,151.0,0.0,154.0,150.0,153.0,2.0,212343700,32224283600,1252,153.0,153,49900,152,6040300,18046450000,2707330000,2706967500,2241700,15093600,0,0,0
2023-12-29,HUMI,Humpuss Maritim Internasional Tbk.,--M-1130000000A112------------,148.0,0.0,151.0,148.0,151.0,3.0,302793900,45253539400,1462,151.0,152,916300,151,1285000,18046450000,2707330000,2706967500,3972800,19211900,0,0,0
2023-12-28,HUMI,Humpuss Maritim Internasional Tbk.,--M-1130000000A112------------,145.0,0.0,149.0,145.0,148.0,3.0,540450700,79297626300,2047,148.0,149,1428800,148,955200,18046450000,2707330000,2706967500,5242000,30436400,0,0,0
2023-12-27,HUMI,Humpuss Maritim Internasional Tbk.,--M-1130000000A112------------,142.0,0.0,146.0,134.0,145.0,3.0,1193444900,171310608900,3352,145.0,146,915300,145,532800,18046450000,2707330000,2706967500,13760700,126024100,0,0,0
2023-12-22,HUMI,Humpuss Maritim Internasional Tbk.,--M-1130000000A112------------,171.0,0.0,174.0,141.0,142.0,-29.0,165820100,24400934700,10181,142.0,143,349700,142,1109900,18046450000,2707330000,2706967500,85994900,10326800,0,0,0
2023-12-21,HUMI,Humpuss Maritim Internasional Tbk.,--M-1130000000A112------------,146.0,0.0,173.0,145.0,171.0,25.0,533698700,80912521100,10315,171.0,172,629100,171,10570000,18046450000,2707330000,2706967500,52682400,55296300,0,0,0
2023-12-20,HUMI,Humpuss Maritim Internasional Tbk.,--M-1130000000A112------------,142.0,0.0,146.0,141.0,146.0,4.0,430622800,62106908400,1334,146.0,147,997700,146,78100,18046450000,2707330000,2706967500,22170100,45154700,0,0,0
2023-12-19,HUMI,Humpuss Maritim Internasional Tbk.,--M-1130000000A112------------,147.0,0.0,151.0,141.0,142.0,-5.0,269843100,39255500400,1864,142.0,143,371000,142,580000,18046450000,2707330000,2706967500,38841100,20608800,0,0,0
2023-12-18,HUMI,Humpuss Maritim Internasional Tbk.,--M-1130000000A112------------,142.0,0.0,147.0,141.0,147.0,5.0,591158200,85126569700,1628,147.0,148,177700,147,424000,18046450000,2707330000,2706967500,13466600,72553300,0,0,0
2023-12-15,HUMI,Humpuss Maritim Internasional Tbk.,--M-1130000000A112------------,143.0,0.0,145.0,141.0,142.0,-1.0,71282000,10125855100,711,142.0,143,112000,142,500900,18046450000,2707330000,2706967500,4410900,97800,0,0,0
2023-12-14,HUMI,Humpuss Maritim Internasional Tbk.,--M-1130000000A112------------,148.0,0.0,152.0,142.0,143.0,-5.0,86885800,12826109700,1483,143.0,144,210100,143,17500,18046450000,2707330000,2706967500,6995800,6776700,0,0,0
2023-12-13,HUMI,Humpuss Maritim Internasional Tbk.,--M-1130000000A112------------,145.0,0.0,150.0,145.0,148.0,3.0,207614900,30457801900,1333,148.0,149,91800,148,11100,18046450000,2707330000,2706967500,5683400,22816900,0,0,0
2023-12-12,HUMI,Humpuss Maritim Internasional Tbk.,--M-1130000000A112------------,144.0,0.0,147.0,143.0,145.0,1.0,188607400,27273495800,1348,145.0,146,1016600,145,532600,18046450000,2707330000,2706967500,3233500,17571200,0,0,0
2023-12-11,HUMI,Humpuss Maritim Internasional Tbk.,--M-1130000000A112------------,142.0,0.0,145.0,142.0,144.0,2.0,391176300,55961988200,2248,144.0,145,557300,144,572200,18046450000,2707330000,2706967500,4523400,34826900,0,0,0
2023-12-08,HUMI,Humpuss Maritim Internasional Tbk.,--M-1130000000A112------------,153.0,0.0,155.0,140.0,142.0,-11.0,60784700,8683737300,2841,142.0,142,381500,141,1817100,18046450000,2707330000,2706967500,26377300,4327900,0,0,0
2023-12-07,HUMI,Humpuss Maritim Internasional Tbk.,--M-1130000000A112------------,151.0,0.0,154.0,151.0,153.0,2.0,115510300,17600520000,1278,153.0,154,821200,153,453100,18046450000,2707330000,2706967500,1811800,2455700,0,0,0
2023-12-06,HUMI,Humpuss Maritim Internasional Tbk.,--M-1130000000A112------------,149.0,0.0,152.0,148.0,151.0,2.0,108537200,16339329700,1127,151.0,152,1921800,151,337700,18046450000,2707330000,2706967500,322900,15571800,0,0,0
2023-12-05,HUMI,Humpuss Maritim Internasional Tbk.,--M-1130000000A112------------,147.0,0.0,150.0,147.0,149.0,2.0,138897600,20608058300,1337,149.0,150,140800,149,605500,18046450000,2707330000,2706967500,276800,26825400,0,0,0
2023-12-04,HUMI,Humpuss Maritim Internasional Tbk.,--M-1130000000A112------------,147.0,0.0,149.0,140.0,147.0,0.0,110923300,16309163400,1991,147.0,148,391100,147,492400,18046450000,2707330000,2706967500,6853900,18810100,0,0,0
2023-12-01,HUMI,Humpuss Maritim Internasional Tbk.,--M-1130000000A112------------,157.0,0.0,158.0,141.0,147.0,-10.0,74500400,10921237700,2015,147.0,148,570300,147,98800,18046450000,2707330000,2706967500,12777600,2508400,0,0,0
2023-11-30,HUMI,Humpuss Maritim Internasional Tbk.,--U-1130000000A112------------,155.0,0.0,158.0,155.0,157.0,2.0,186361700,29115478000,1491,157.0,158,613500,157,24000,18046450000,2707330000,2706967500,14217700,15095400,0,0,0
2023-11-29,HUMI,Humpuss Maritim Internasional Tbk.,--U-1130000000A112------------,153.0,0.0,156.0,153.0,155.0,2.0,246010400,38031375100,1265,155.0,156,56000,155,14900,18046450000,2707330000,2706967500,9478300,18458000,0,0,0
2023-11-28,HUMI,Humpuss Maritim Internasional Tbk.,--U-1130000000A112------------,151.0,0.0,154.0,149.0,153.0,2.0,239262100,36490315700,1666,153.0,154,107700,153,382700,18046450000,2707330000,2706967500,3092300,36628100,0,0,0
2023-11-27,HUMI,Humpuss Maritim Internasional Tbk.,--U-1130000000A112------------,149.0,0.0,152.0,149.0,151.0,2.0,130828900,19724657500,1042,151.0,152,228000,151,827700,18046450000,2707330000,2706967500,1942500,12846800,0,0,0
2023-11-24,HUMI,Humpuss Maritim Internasional Tbk.,--U-1130000000A112------------,147.0,0.0,150.0,147.0,149.0,2.0,188432100,28040296200,1510,149.0,150,675500,149,219900,18046450000,2707330000,2706967500,2030800,22486600,0,0,0
2023-11-23,HUMI,Humpuss Maritim Internasional Tbk.,--U-1130000000A112------------,145.0,0.0,148.0,144.0,147.0,2.0,319036800,46836203600,2409,147.0,148,252500,147,538100,18046450000,2707330000,2706967500,9984500,37855000,0,0,0
2023-11-22,HUMI,Humpuss Maritim Internasional Tbk.,--U-1130000000A112------------,143.0,0.0,146.0,142.0,145.0,2.0,153181700,22130678100,1634,145.0,146,576000,145,200,18046450000,2707330000,2706967500,2683600,22996400,0,0,0
2023-11-21,HUMI,Humpuss Maritim Internasional Tbk.,--U-1130000000A112------------,141.0,0.0,144.0,141.0,143.0,2.0,156150700,22247222500,1976,143.0,144,544100,143,548800,18046450000,2707330000,2706967500,635800,20227700,0,0,0
2023-11-20,HUMI,Humpuss Maritim Internasional Tbk.,--U-1130000000A112------------,141.0,0.0,143.0,134.0,141.0,0.0,72368700,10195214400,1895,141.0,142,386300,141,548000,18046450000,2707330000,2706967500,14566000,2055700,0,0,0
2023-11-17,HUMI,Humpuss Maritim Internasional Tbk.,--U-1130000000A112------------,160.0,0.0,162.0,140.0,141.0,-19.0,64764700,9433824200,6125,141.0,141,577700,140,1625200,18046450000,2707330000,2706967500,34408100,3752600,0,0,0
2023-11-16,HUMI,Humpuss Maritim Internasional Tbk.,--U-1130000000A112------------,157.0,0.0,161.0,156.0,160.0,3.0,182305500,29052454000,3128,160.0,161,270200,160,389600,18046450000,2707330000,2706967500,7895100,9435500,0,0,0
2023-11-15,HUMI,Humpuss Maritim Internasional Tbk.,--U-1130000000A112------------,155.0,0.0,158.0,155.0,157.0,2.0,162221100,25387571900,2039,157.0,158,946700,157,1021700,18046450000,2707330000,2706967500,3231500,16545300,0,0,0
2023-11-14,HUMI,Humpuss Maritim Internasional Tbk.,--U-1130000000A112------------,153.0,0.0,156.0,153.0,155.0,2.0,166292400,25688591800,2533,155.0,156,424800,155,802000,18046450000,2707330000,2706967500,3706000,18261100,0,0,0
2023-11-13,HUMI,Humpuss Maritim Internasional Tbk.,--U-1130000000A112------------,151.0,0.0,154.0,151.0,153.0,2.0,145916800,22256506700,2471,153.0,154,660500,153,1099000,18046450000,2707330000,2706967500,2858100,20676600,0,0,0
2023-11-10,HUMI,Humpuss Maritim Internasional Tbk.,--U-1130000000A112------------,149.0,0.0,152.0,149.0,151.0,2.0,165542700,24901307200,1948,151.0,152,739600,151,48700,18046450000,2707330000,2706967500,1301400,19944300,0,0,0
2023-11-09,HUMI,Humpuss Maritim Internasional Tbk.,--U-1130000000A112------------,147.0,0.0,151.0,146.0,149.0,2.0,233667400,34767441600,3289,149.0,150,455700,149,1046400,18046450000,2707330000,2706967500,2013800,39764300,0,0,0
2023-11-08,HUMI,Humpuss Maritim Internasional Tbk.,--U-1130000000A112------------,152.0,0.0,156.0,144.0,147.0,-5.0,159835400,23951825600,5983,147.0,148,53700,147,197400,18046450000,2707330000,2706967500,21916400,14140700,0,0,0
2023-11-07,HUMI,Humpuss Maritim Internasional Tbk.,--U-1130000000A112------------,141.0,0.0,154.0,138.0,152.0,11.0,223431000,32382523200,8560,152.0,152,3536900,151,20077800,18046450000,2707330000,2706967500,5781400,12186600,0,0,0
2023-11-06,HUMI,Humpuss Maritim Internasional Tbk.,--U-1130000000A112------------,140.0,0.0,145.0,137.0,141.0,1.0,107810700,15235730100,5053,141.0,141,837200,140,13700,18046450000,2707330000,2706967500,4959800,4381500,0,0,0
2023-11-03,HUMI,Humpuss Maritim Internasional Tbk.,--U-1130000000A112------------,140.0,0.0,143.0,139.0,140.0,0.0,80402400,11324881800,1363,140.0,140,212500,139,1146700,18046450000,2707330000,2706967500,2603500,3577000,0,0,0
2023-11-02,HUMI,Humpuss Maritim Internasional Tbk.,--U-1130000000A112------------,140.0,0.0,149.0,138.0,140.0,0.0,239315000,34122209500,6158,140.0,140,1857400,139,186200,18046450000,2707330000,2706967500,11151000,18315100,0,0,0
2023-11-01,HUMI,Humpuss Maritim Internasional Tbk.,--U-1130000000A112------------,144.0,0.0,146.0,137.0,140.0,-4.0,67602400,9551299500,4700,140.0,140,718200,139,1001500,18046450000,2707330000,2706967500,6833000,4051500,0,0,0
2023-10-31,HUMI,Humpuss Maritim Internasional Tbk.,--U-1130000000A112------------,133.0,0.0,158.0,133.0,144.0,11.0,455286500,67595405100,20445,144.0,145,100000200,144,1204500,18046450000,2707330000,2706967500,14709500,20828800,0,0,0
2023-10-30,HUMI,Humpuss Maritim Internasional Tbk.,--U-1130000000A112------------,140.0,0.0,140.0,133.0,133.0,-7.0,50608000,7000997500,1692,133.0,133,7000,132,263200,18046450000,2707330000,2706967500,949500,936300,0,0,0
2023-10-27,HUMI,Humpuss Maritim Internasional Tbk.,--U-1130000000A112------------,141.0,0.0,146.0,138.0,140.0,-1.0,118467900,16791040100,4498,140.0,140,692500,138,6700,18046450000,2707330000,2706967500,11152600,1499800,0,0,0
2023-10-26,HUMI,Humpuss Maritim Internasional Tbk.,--U-1130000000A112------------,140.0,0.0,143.0,136.0,141.0,1.0,70766200,9894260700,2490,141.0,141,694000,140,251400,18046450000,2707330000,2706967500,2896800,6879700,0,0,0
2023-10-25,HUMI,Humpuss Maritim Internasional Tbk.,--U-1130000000A112------------,140.0,0.0,141.0,130.0,140.0,0.0,78941300,10924045300,3171,140.0,141,1055600,140,15000,18046450000,2707330000,2706967500,2491300,3900100,0,0,0
2023-10-24,HUMI,Humpuss Maritim Internasional Tbk.,--U-1130000000A112------------,143.0,0.0,144.0,138.0,140.0,-3.0,41863800,5868882000,1767,140.0,140,1114300,139,37200,18046450000,2707330000,2706967500,1399100,921100,0,0,0
2023-10-23,HUMI,Humpuss Maritim Internasional Tbk.,--U-1130000000A112------------,142.0,0.0,152.0,136.0,143.0,1.0,86262600,12444162600,5906,143.0,143,1052200,142,40911000,18046450000,2707330000,2706967500,7339300,9762900,0,0,0
2023-10-20,HUMI,Humpuss Maritim Internasional Tbk.,--U-1130000000A112------------,158.0,0.0,149.0,125.0,142.0,-16.0,159264900,22734431100,9435,142.0,143,57100,142,2000,18046450000,2707330000,2706967500,9568200,18722100,0,0,0
2023-10-19,HUMI,Humpuss Maritim Internasional Tbk.,--U-1130000000A112------------,210.0,0.0,220.0,158.0,158.0,-52.0,716950400,134773314400,42415,158.0,158,22953100,0,0,18046450000,2707330000,2706967500,47089900,10589200,0,0,0
2023-10-18,HUMI,Humpuss Maritim Internasional Tbk.,--U-1130000000A112------------,173.0,0.0,214.0,171.0,210.0,37.0,210936100,40833548100,5333,210.0,210,1905300,208,703500,18046450000,2707330000,2706967500,12214900,17830200,0,0,0
2023-10-17,HUMI,Humpuss Maritim Internasional Tbk.,--U-1130000000A112------------,174.0,0.0,174.0,163.0,173.0,-1.0,68644600,11666266400,2277,173.0,173,615100,172,21000,18046450000,2707330000,2706967500,5120900,5963800,0,0,0
2023-10-16,HUMI,Humpuss Maritim Internasional Tbk.,--U-1130000000A112------------,180.0,0.0,185.0,173.0,174.0,-6.0,52987300,9469810300,2410,174.0,174,3900,173,1557900,18046450000,2707330000,2706967500,3886500,1518400,0,0,0
2023-10-13,HUMI,Humpuss Maritim Internasional Tbk.,--U-1130000000A112------------,184.0,0.0,186.0,178.0,180.0,-4.0,88969900,16308982100,2640,180.0,180,1710100,179,414100,18046450000,2707330000,2706967500,8427600,4664000,0,0,0
2023-10-12,HUMI,Humpuss Maritim Internasional Tbk.,--U-1130000000A112------------,175.0,0.0,185.0,174.0,184.0,9.0,133235800,23922153500,4614,184.0,184,326100,183,889900,18046450000,2707330000,2706967500,6337300,12625200,0,0,0
2023-10-11,HUMI,Humpuss Maritim Internasional Tbk.,--U-1130000000A112------------,173.0,0.0,176.0,171.0,175.0,2.0,46595700,8114431200,2427,175.0,175,194500,174,87800,18046450000,2707330000,2706967500,1982600,4874000,0,0,0
2023-10-10,HUMI,Humpuss Maritim Internasional Tbk.,--U-1130000000A112------------,175.0,0.0,178.0,166.0,173.0,-2.0,60511300,10425665400,2568,173.0,173,909600,172,265300,18046450000,2707330000,2706967500,3912100,4015700,0,0,0
2023-10-09,HUMI,Humpuss Maritim Internasional Tbk.,--U-1130000000A112------------,169.0,0.0,177.0,169.0,175.0,6.0,72980300,12675446300,3632,175.0,175,72800,174,106400,18046450000,2707330000,2706967500,969800,4207000,89322119,9825433090,1
2023-10-06,HUMI,Humpuss Maritim Internasional Tbk.,--U-1130000000A112------------,160.0,0.0,169.0,155.0,169.0,9.0,77841200,12755305100,3117,169.0,169,700100,168,520500,18046450000,2707330000,2706967500,1836300,7581600,0,0,0
2023-10-05,HUMI,Humpuss Maritim Internasional Tbk.,--U-1130000000A112------------,153.0,0.0,162.0,153.0,160.0,7.0,92530500,14551673200,3896,160.0,160,217900,159,172500,18046450000,2707330000,2706967500,2270100,13158300,0,0,0
2023-10-04,HUMI,Humpuss Maritim Internasional Tbk.,--U-1130000000A112------------,161.0,0.0,165.0,150.0,153.0,-8.0,66652200,10219719300,3455,153.0,153,192400,152,225300,18046450000,2707330000,2706967500,4177800,6630000,0,0,0
2023-10-03,HUMI,Humpuss Maritim Internasional Tbk.,--U-1130000000A112------------,176.0,0.0,180.0,161.0,161.0,-15.0,125962100,21713976800,5916,161.0,161,2421400,160,483800,18046450000,2707330000,2706967500,12737200,3981400,0,0,0
2023-10-02,HUMI,Humpuss Maritim Internasional Tbk.,--U-1130000000A112------------,181.0,0.0,183.0,176.0,176.0,-5.0,38916300,7041879100,2012,176.0,176,183800,175,866700,18046450000,2707330000,2706967500,3006300,1196600,0,0,0
2023-09-29,HUMI,Humpuss Maritim Internasional Tbk.,--U-1130000000A112------------,181.0,0.0,188.0,180.0,181.0,0.0,43667200,7987702900,3058,181.0,181,595900,180,1618600,18046450000,2707330000,2707000000,2046300,1600700,0,0,0
2023-09-27,HUMI,Humpuss Maritim Internasional Tbk.,--U-1130000000A112------------,181.0,0.0,190.0,180.0,181.0,0.0,100156600,18383938800,6719,181.0,182,276100,181,366900,18046450000,2707330000,2707000000,8893100,9346300,0,0,0
2023-09-26,HUMI,Humpuss Maritim Internasional Tbk.,--U-1130000000A112------------,188.0,0.0,192.0,181.0,181.0,-7.0,118186100,22068669100,4209,181.0,181,408000,180,4058800,18046450000,2707330000,2707000000,5703400,16685100,0,0,0
2023-09-25,HUMI,Humpuss Maritim Internasional Tbk.,--U-1130000000A112------------,190.0,0.0,191.0,186.0,188.0,-2.0,44771500,8464511800,2020,188.0,188,1061200,187,76400,18046450000,2707330000,2707000000,2060600,440100,0,0,0
2023-09-22,HUMI,Humpuss Maritim Internasional Tbk.,--U-1130000000A112------------,195.0,0.0,195.0,188.0,190.0,-5.0,58157200,11163376900,3510,190.0,190,2141600,189,129800,18046450000,2707330000,2707000000,4504400,1667500,0,0,0
2023-09-21,HUMI,Humpuss Maritim Internasional Tbk.,--U-1130000000A112------------,200.0,0.0,206.0,195.0,195.0,-5.0,119138600,23815626500,10304,195.0,195,140000,194,1567200,18046450000,2707330000,2707000000,7690200,5446400,0,0,0
2023-09-20,HUMI,Humpuss Maritim Internasional Tbk.,--U-1130000000A112------------,192.0,0.0,210.0,191.0,200.0,8.0,363343900,72079443600,14636,200.0,200,1432900,199,1152600,18046450000,2707330000,2707000000,18231900,19188000,0,0,0
2023-09-19,HUMI,Humpuss Maritim Internasional Tbk.,--U-1130000000A112------------,190.0,0.0,197.0,188.0,192.0,2.0,72085600,13807018100,3031,192.0,192,1018800,191,159800,18046450000,2707330000,2707000000,7462400,7012800,0,0,0
2023-09-18,HUMI,Humpuss Maritim Internasional Tbk.,--U-1130000000A112------------,191.0,0.0,196.0,188.0,190.0,-1.0,99308200,19039966200,3750,190.0,190,571700,189,298600,18046450000,2707330000,2707000000,2505700,7858100,0,0,0
2023-09-15,HUMI,Humpuss Maritim Internasional Tbk.,--U-1130000000A112------------,194.0,0.0,196.0,191.0,191.0,-3.0,95228100,18457588100,3207,191.0,191,1424400,190,2113000,18046450000,2707330000,2707000000,2194600,1359500,0,0,0
2023-09-14,HUMI,Humpuss Maritim Internasional Tbk.,--U-1130000000A112------------,194.0,0.0,197.0,190.0,194.0,0.0,149683600,29108078000,4735,194.0,194,476200,193,1124200,18046450000,2707330000,2707000000,3312200,4085800,0,0,0
2023-09-13,HUMI,Humpuss Maritim Internasional Tbk.,--U-1130000000A112------------,191.0,0.0,200.0,185.0,194.0,3.0,300006600,58099818300,13470,194.0,194,1759000,193,1829900,18046450000,2707330000,2707000000,5015400,4471600,0,0,0
2023-09-12,HUMI,Humpuss Maritim Internasional Tbk.,--U-1130000000A112------------,190.0,0.0,196.0,185.0,191.0,1.0,120029100,22909322000,6848,191.0,191,6070500,190,2590400,18046450000,2707330000,2707000000,9142200,3712800,0,0,0
2023-09-11,HUMI,Humpuss Maritim Internasional Tbk.,--U-1130000000A112------------,189.0,0.0,191.0,182.0,190.0,1.0,115422700,21766502800,5016,190.0,190,2165100,189,5053400,18046450000,2707330000,2707000000,7928100,466300,0,0,0
2023-09-08,HUMI,Humpuss Maritim Internasional Tbk.,--U-1130000000A112------------,188.0,0.0,192.0,174.0,189.0,1.0,113337600,21557878000,4514,189.0,190,15000,189,20700,18046450000,2707330000,2707000000,2595500,3040000,0,0,0
2023-09-07,HUMI,Humpuss Maritim Internasional Tbk.,--U-1130000000A112------------,200.0,0.0,210.0,185.0,188.0,-12.0,398874800,76886521200,17474,188.0,189,248400,187,4395000,18046450000,2707330000,2707000000,27689300,4731800,0,0,0
2023-09-06,HUMI,Humpuss Maritim Internasional Tbk.,--U-1130000000A112------------,210.0,0.0,212.0,193.0,200.0,-10.0,169714500,33887820400,11443,200.0,200,2085900,199,4500400,18046450000,2707330000,2707000000,6980400,9710400,0,0,0
2023-09-05,HUMI,Humpuss Maritim Internasional Tbk.,--U-1130000000A112------------,218.0,0.0,224.0,210.0,210.0,-8.0,184580200,39813065000,11075,210.0,210,205000,208,3588000,18046450000,2707330000,2707000000,2389300,1009500,0,0,0
2023-09-04,HUMI,Humpuss Maritim Internasional Tbk.,--U-1130000000A112------------,208.0,0.0,226.0,206.0,218.0,10.0,325696500,71098178800,17806,218.0,220,6499900,218,1503100,18046450000,2707330000,2707000000,12485900,14657800,0,0,0
2023-09-01,HUMI,Humpuss Maritim Internasional Tbk.,--U-1130000000A112------------,204.0,0.0,216.0,200.0,208.0,4.0,240178700,50257919800,11501,208.0,210,8385500,208,2277400,18046450000,2707330000,2707000000,3308500,12525200,0,0,0
2023-08-31,HUMI,Humpuss Maritim Internasional Tbk.,--U-1130000000A112------------,202.0,0.0,210.0,199.0,204.0,2.0,69861700,14286699200,4567,204.0,204,1631300,202,329800,18046450000,2707330000,2707000000,401900,3296500,0,0,0
2023-08-30,HUMI,Humpuss Maritim Internasional Tbk.,--U-1130000000A112------------,202.0,0.0,210.0,199.0,202.0,0.0,174649300,35662020100,6779,202.0,202,862100,200,209600,18046450000,2707330000,2707000000,2271300,7465900,0,0,0
2023-08-29,HUMI,Humpuss Maritim Internasional Tbk.,--U-1130000000A112------------,200.0,0.0,206.0,185.0,202.0,2.0,180659400,36253408500,9348,202.0,202,6847200,200,2184400,18046450000,2707330000,2707000000,3929000,6170800,0,0,0
2023-08-28,HUMI,Humpuss Maritim Internasional Tbk.,--U-1130000000A112------------,210.0,0.0,218.0,196.0,200.0,-10.0,340296100,70419267200,15253,200.0,200,14500,199,1676000,18046450000,2707330000,2707000000,2806100,10252400,0,0,0
2023-08-25,HUMI,Humpuss Maritim Internasional Tbk.,--U-1130000000A112------------,220.0,0.0,234.0,210.0,210.0,-10.0,580433800,128387412800,31771,210.0,210,492100,208,967800,18046450000,2707330000,2707000000,32996400,16368400,0,0,0
2023-08-24,HUMI,Humpuss Maritim Internasional Tbk.,--U-1130000000A112------------,204.0,0.0,230.0,193.0,220.0,16.0,776520600,166272173000,47091,220.0,220,4919400,218,862500,18046450000,2707330000,2707000000,18990000,11789300,0,0,0
2023-08-23,HUMI,Humpuss Maritim Internasional Tbk.,--U-1130000000A112------------,191.0,0.0,206.0,163.0,204.0,13.0,801895200,147969087500,44404,204.0,204,1083900,202,548900,18046450000,2707330000,2707000000,24126600,19586600,0,0,0
2023-08-22,HUMI,Humpuss Maritim Internasional Tbk.,--U-1130000000A112------------,224.0,0.0,220.0,191.0,191.0,-33.0,341094800,66691597800,14690,191.0,191,23439700,0,0,18046450000,2707330000,2707000000,5418200,19118500,0,0,0
2023-08-21,HUMI,Humpuss Maritim Internasional Tbk.,--U-1130000000A112------------,262.0,0.0,312.0,224.0,224.0,-38.0,1200370900,318806790000,80468,224.0,224,15703900,0,0,18046450000,2707330000,2707000000,19049600,14014400,0,0,0
2023-08-18,HUMI,Humpuss Maritim Internasional Tbk.,--U-1130000000A112------------,200.0,0.0,266.0,200.0,262.0,62.0,1015582500,243123252600,56397,262.0,262,11041900,260,1686300,18046450000,2707330000,2707000000,27198200,13348000,0,0,0
2023-08-16,HUMI,Humpuss Maritim Internasional Tbk.,--U-1130000000A112------------,151.0,0.0,202.0,149.0,200.0,49.0,1269021100,232475830200,74199,200.0,202,5948100,200,21910900,18046450000,2707330000,2707000000,19089300,7865000,470325181,60671948349,1
2023-08-15,HUMI,Humpuss Maritim Internasional Tbk.,--U-1130000000A112------------,112.0,0.0,151.0,110.0,151.0,39.0,537491200,70902570200,25895,151.0,0,0,151,13034000,18046450000,2707330000,2707000000,3706800,224000,657918500,71055198000,2
2023-08-14,HUMI,Humpuss Maritim Internasional Tbk.,--U-1130000000A112------------,102.0,0.0,112.0,102.0,112.0,10.0,226785900,24363257200,8528,112.0,112,271700,111,1579300,18046450000,2707330000,2707000000,137200,0,0,0,0
2023-08-11,HUMI,Humpuss Maritim Internasional Tbk.,--U-1130000000A112------------,101.0,0.0,104.0,99.0,102.0,1.0,152739400,15609755600,3233,102.0,102,1068900,101,30132800,18046450000,2707330000,2707000000,22900,6151000,0,0,0
2023-08-10,HUMI,Humpuss Maritim Internasional Tbk.,--U-1130000000A112------------,102.0,0.0,107.0,94.0,101.0,-1.0,175676600,18008707600,8606,101.0,101,737500,100,5412300,18046450000,2707330000,2707000000,320600,6769400,0,0,0
2023-08-09,HUMI,Humpuss Maritim Internasional Tbk.,--U-1130000000A112------------,100.0,0.0,120.0,92.0,102.0,2.0,443952700,45632948600,31156,102.0,102,1386800,101,5306400,18046450000,2707330000,2707000000,8430400,608800,0,0,0
