Date,Ticker,Name,Remarks,Previous,Open,High,Low,Close,Change,Volume,Value,Frequency,IndexIndividual,Offer,OfferVolume,Bid,BidVolume,ListedShares,TradebleShares,WeightForIndex,ForeignSell,ForeignBuy,NonRegularVolume,NonRegularValue,NonRegularFrequency
2026-05-29,VRNA,Mizuho Leasing Indonesia Tbk.,--UO2100000000G211------------,79.0,79.0,84.0,78.0,82.0,3.0,97100,7827100,34,82.7,82,16000,80,100,5687353997,5687353997,426551550,0,0,0,0,0
2026-05-26,VRNA,Mizuho Leasing Indonesia Tbk.,--UO2100000000G211------------,81.0,81.0,82.0,79.0,79.0,-2.0,95800,7692300,31,79.7,81,2600,79,46400,5687353997,5687353997,426551550,0,0,0,0,0
2026-05-25,VRNA,Mizuho Leasing Indonesia Tbk.,--UO2100000000G211------------,79.0,0.0,81.0,76.0,81.0,2.0,521500,40597500,51,81.7,81,105500,78,36000,5687353997,5687353997,426551550,0,25700,0,0,0
2026-05-22,VRNA,Mizuho Leasing Indonesia Tbk.,--UO2100000000G211------------,78.0,77.0,80.0,77.0,79.0,1.0,681200,53175600,37,79.7,80,50700,78,43900,5687353997,5687353997,426551550,0,0,0,0,0
2026-05-21,VRNA,Mizuho Leasing Indonesia Tbk.,--UO2100000000G211------------,78.0,78.0,80.0,76.0,78.0,0.0,268800,20916500,52,78.7,78,301100,77,18900,5687353997,5687353997,426551550,0,0,0,0,0
2026-05-20,VRNA,Mizuho Leasing Indonesia Tbk.,--UO2100000000G211------------,78.0,75.0,80.0,75.0,78.0,0.0,583800,45649600,72,78.7,78,358100,77,14000,5687353997,5687353997,426551550,0,0,0,0,0
2026-05-19,VRNA,Mizuho Leasing Indonesia Tbk.,--UO2100000000G211------------,79.0,80.0,84.0,78.0,78.0,-1.0,1801300,144268200,119,78.7,78,497900,77,182900,5687353997,5687353997,426551550,0,0,0,0,0
2026-05-18,VRNA,Mizuho Leasing Indonesia Tbk.,--UO2100000000G211------------,83.0,83.0,84.0,78.0,79.0,-4.0,1689400,134374800,194,79.7,79,7900,78,322700,5687353997,5687353997,426551550,13300,164100,0,0,0
2026-05-13,VRNA,Mizuho Leasing Indonesia Tbk.,--UO2100000000G211------------,79.0,0.0,86.0,77.0,83.0,4.0,2401000,199374200,487,83.7,83,50400,82,25000,5687353997,5687353997,426551550,141100,48100,0,0,0
2026-05-12,VRNA,Mizuho Leasing Indonesia Tbk.,--UO2100000000G211------------,79.0,80.0,80.0,78.0,79.0,0.0,186700,14707000,30,79.7,79,306100,78,255000,5687353997,5687353997,426551550,0,0,0,0,0
2026-05-11,VRNA,Mizuho Leasing Indonesia Tbk.,--UO2100000000G211------------,80.0,80.0,81.0,79.0,79.0,-1.0,263200,21014900,29,79.7,80,12400,79,71600,5687353997,5687353997,426551550,500,0,0,0,0
2026-05-08,VRNA,Mizuho Leasing Indonesia Tbk.,--UO2100000000G211------------,80.0,80.0,81.0,80.0,80.0,0.0,75900,6083200,37,80.7,80,545100,79,234800,5687353997,5687353997,426551550,0,0,0,0,0
2026-05-07,VRNA,Mizuho Leasing Indonesia Tbk.,--UO2100000000G211------------,80.0,0.0,82.0,80.0,80.0,0.0,300800,24229500,50,80.7,81,600,80,147700,5687353997,5687353997,426551550,0,0,0,0,0
2026-05-06,VRNA,Mizuho Leasing Indonesia Tbk.,--UO2100000000G211------------,81.0,80.0,81.0,79.0,80.0,-1.0,447800,35736000,36,80.7,81,33900,80,67300,5687353997,5687353997,426551550,0,0,0,0,0
2026-05-05,VRNA,Mizuho Leasing Indonesia Tbk.,--UO2100000000G211------------,81.0,0.0,82.0,80.0,81.0,0.0,451600,36472200,81,81.7,82,121400,81,5000,5687353997,5687353997,426551550,0,0,0,0,0
2026-05-04,VRNA,Mizuho Leasing Indonesia Tbk.,--UO2100000000G211------------,82.0,83.0,83.0,81.0,81.0,-1.0,228100,18512200,44,81.7,82,65100,81,102400,5687353997,5687353997,426551550,100,0,0,0,0
2026-04-30,VRNA,Mizuho Leasing Indonesia Tbk.,--UO2100000000G211------------,84.0,85.0,85.0,80.0,82.0,-2.0,802100,65405500,80,82.7,82,43800,81,114100,5687353997,5687353997,426551550,9200,9200,0,0,0
2026-04-29,VRNA,Mizuho Leasing Indonesia Tbk.,--UO2100000000G211------------,84.0,84.0,86.0,83.0,84.0,0.0,498000,41934400,90,84.8,85,111000,84,3700,5687353997,5687353997,426551550,0,5400,0,0,0
2026-04-28,VRNA,Mizuho Leasing Indonesia Tbk.,--UO2100000000G211------------,83.0,0.0,85.0,82.0,84.0,1.0,910300,76278700,127,84.8,85,674700,84,264100,5687353997,5687353997,426551550,0,0,0,0,0
2026-04-27,VRNA,Mizuho Leasing Indonesia Tbk.,--UO2100000000G211------------,81.0,80.0,86.0,80.0,83.0,2.0,2776200,231403700,527,83.7,83,59100,82,80900,5687353997,5687353997,426551550,121700,0,0,0,0
2026-04-24,VRNA,Mizuho Leasing Indonesia Tbk.,--UO2100000000G211------------,81.0,81.0,82.0,80.0,81.0,0.0,192000,15421500,51,81.7,81,36700,80,238600,5687353997,5687353997,426551550,0,0,0,0,0
2026-04-23,VRNA,Mizuho Leasing Indonesia Tbk.,--UO2100000000G211------------,81.0,81.0,83.0,80.0,81.0,0.0,451200,36689400,159,81.7,82,16300,81,92600,5687353997,5687353997,426551550,0,0,0,0,0
2026-04-22,VRNA,Mizuho Leasing Indonesia Tbk.,--UO2100000000G211------------,82.0,83.0,85.0,81.0,81.0,-1.0,1002400,82501200,189,81.7,82,409400,81,403200,5687353997,5687353997,426551550,0,0,0,0,0
2026-04-21,VRNA,Mizuho Leasing Indonesia Tbk.,--UO2100000000G211------------,80.0,81.0,84.0,79.0,82.0,2.0,1137800,92359200,152,82.7,83,126200,82,59200,5687353997,5687353997,426551550,0,0,0,0,0
2026-04-20,VRNA,Mizuho Leasing Indonesia Tbk.,--UO2100000000G211------------,83.0,83.0,85.0,80.0,80.0,-3.0,421300,34568000,92,80.7,82,63900,80,510300,5687353997,5687353997,426551550,6300,0,0,0,0
2026-04-17,VRNA,Mizuho Leasing Indonesia Tbk.,--UO2100000000G211------------,80.0,0.0,84.0,78.0,83.0,3.0,1714900,139288100,162,83.7,83,2100,81,200,5687353997,5687353997,426551550,0,30500,0,0,0
2026-04-16,VRNA,Mizuho Leasing Indonesia Tbk.,--UO2100000000G211------------,80.0,80.0,82.0,80.0,80.0,0.0,553800,44733800,103,80.7,81,12200,80,307300,5687353997,5687353997,426551550,0,0,0,0,0
2026-04-15,VRNA,Mizuho Leasing Indonesia Tbk.,--UO2100000000G211------------,80.0,80.0,87.0,79.0,80.0,0.0,4899800,408764500,560,80.7,81,15700,80,139700,5687353997,5687353997,426551550,307700,356500,0,0,0
2026-04-14,VRNA,Mizuho Leasing Indonesia Tbk.,--UO2100000000G211------------,81.0,82.0,84.0,79.0,80.0,-1.0,1718900,138546000,457,80.7,81,124800,80,220100,5687353997,5687353997,426551550,160500,178700,0,0,0
2026-04-13,VRNA,Mizuho Leasing Indonesia Tbk.,--UO2100000000G211------------,75.0,74.0,93.0,74.0,81.0,6.0,20860600,1772006100,2721,81.7,81,115000,80,290800,5687353997,5687353997,426551550,1207900,945600,0,0,0
2026-04-10,VRNA,Mizuho Leasing Indonesia Tbk.,--UO2100000000G211------------,74.0,75.0,76.0,74.0,75.0,1.0,34800,2590400,33,75.7,75,3000,74,200,5687353997,5687353997,426551550,0,0,0,0,0
2026-04-09,VRNA,Mizuho Leasing Indonesia Tbk.,--UO2100000000G211------------,75.0,0.0,77.0,72.0,74.0,-1.0,174800,12929700,85,74.7,75,4600,74,700,5687353997,5687353997,426551550,200,0,0,0,0
2026-04-08,VRNA,Mizuho Leasing Indonesia Tbk.,--UO2100000000G211------------,74.0,74.0,77.0,74.0,75.0,1.0,47200,3502400,28,75.7,75,17400,74,500,5687353997,5687353997,426551550,0,0,0,0,0
2026-04-07,VRNA,Mizuho Leasing Indonesia Tbk.,--UO2100000000G211------------,74.0,0.0,77.0,73.0,74.0,0.0,36100,2660700,24,74.7,74,27300,73,23700,5687353997,5687353997,426551550,0,0,0,0,0
2026-04-06,VRNA,Mizuho Leasing Indonesia Tbk.,--UO2100000000G211------------,76.0,0.0,76.0,73.0,74.0,-2.0,324400,24057100,39,74.7,75,109800,74,244900,5687353997,5687353997,426551550,100,0,0,0,0
2026-04-02,VRNA,Mizuho Leasing Indonesia Tbk.,--UO2100000000G211------------,76.0,75.0,76.0,74.0,76.0,0.0,171700,12739100,21,76.7,76,10300,74,71400,5687353997,5687353997,426551550,0,0,0,0,0
2026-04-01,VRNA,Mizuho Leasing Indonesia Tbk.,--UO2100000000G211------------,75.0,75.0,76.0,73.0,76.0,1.0,160700,11996300,36,76.7,76,14600,75,40800,5687353997,5687353997,426551550,0,0,0,0,0
2026-03-31,VRNA,Mizuho Leasing Indonesia Tbk.,--UO2100000000G211------------,74.0,74.0,75.0,72.0,75.0,1.0,77500,5609000,25,75.7,74,300,73,10000,5687353997,5687353997,426551550,400,0,0,0,0
2026-03-30,VRNA,Mizuho Leasing Indonesia Tbk.,--UO2100000000G211------------,75.0,75.0,75.0,71.0,74.0,-1.0,515000,37061600,79,74.7,74,4000,73,6000,5687353997,5687353997,426551550,2700,0,0,0,0
2026-03-27,VRNA,Mizuho Leasing Indonesia Tbk.,--UO2100000000G211------------,74.0,74.0,76.0,73.0,75.0,1.0,61200,4570200,23,75.7,75,30000,74,500,5687353997,5687353997,426551550,0,0,0,0,0
2026-03-26,VRNA,Mizuho Leasing Indonesia Tbk.,--UO2100000000G211------------,74.0,0.0,75.0,73.0,74.0,0.0,56400,4139700,23,74.7,74,14200,73,55000,5687353997,5687353997,426551550,0,0,0,0,0
2026-03-25,VRNA,Mizuho Leasing Indonesia Tbk.,--UO2100000000G211------------,74.0,71.0,80.0,71.0,74.0,0.0,770900,58017900,103,74.7,75,19700,73,10300,5687353997,5687353997,426551550,39900,87000,0,0,0
2026-03-17,VRNA,Mizuho Leasing Indonesia Tbk.,--UO2100000000G211------------,71.0,71.0,76.0,70.0,74.0,3.0,367600,26067500,107,74.7,74,97000,71,1600,5687353997,5687353997,426551550,0,28000,0,0,0
2026-03-16,VRNA,Mizuho Leasing Indonesia Tbk.,--UO2100000000G211------------,71.0,73.0,76.0,70.0,71.0,0.0,386200,27961000,137,71.6,73,43200,71,19900,5687353997,5687353997,426551550,15900,73400,0,0,0
2026-03-13,VRNA,Mizuho Leasing Indonesia Tbk.,--UO2100000000G211------------,75.0,76.0,76.0,71.0,71.0,-4.0,191700,13814600,52,71.6,72,63100,71,2200,5687353997,5687353997,426551550,0,0,0,0,0
2026-03-12,VRNA,Mizuho Leasing Indonesia Tbk.,--UO2100000000G211------------,74.0,0.0,75.0,72.0,75.0,1.0,198300,14491900,95,75.7,75,61100,74,1000,5687353997,5687353997,426551550,0,0,0,0,0
2026-03-11,VRNA,Mizuho Leasing Indonesia Tbk.,--UO2100000000G211------------,73.0,72.0,75.0,72.0,74.0,1.0,217700,16013400,58,74.7,74,146100,73,379100,5687353997,5687353997,426551550,0,0,0,0,0
2026-03-10,VRNA,Mizuho Leasing Indonesia Tbk.,--UO2100000000G211------------,74.0,74.0,76.0,71.0,73.0,-1.0,151500,11025800,122,73.7,74,219200,73,495900,5687353997,5687353997,426551550,28200,0,0,0,0
2026-03-09,VRNA,Mizuho Leasing Indonesia Tbk.,--UO2100000000G211------------,73.0,74.0,77.0,71.0,74.0,1.0,668000,49382300,228,74.7,74,9800,71,425800,5687353997,5687353997,426551550,39000,0,0,0,0
2026-03-06,VRNA,Mizuho Leasing Indonesia Tbk.,--UO2100000000G211------------,75.0,0.0,77.0,72.0,73.0,-2.0,363800,27058200,78,73.7,74,27000,73,10000,5687353997,5687353997,426551550,0,0,0,0,0
2026-03-05,VRNA,Mizuho Leasing Indonesia Tbk.,--UO2100000000G211------------,71.0,0.0,78.0,72.0,75.0,4.0,319600,23827300,98,75.7,75,2700,73,19100,5687353997,5687353997,426551550,0,0,0,0,0
2026-03-04,VRNA,Mizuho Leasing Indonesia Tbk.,--UO2100000000G211------------,74.0,74.0,74.0,71.0,71.0,-3.0,672500,48820800,199,71.6,72,201900,71,28200,5687353997,5687353997,426551550,0,0,0,0,0
2026-03-03,VRNA,Mizuho Leasing Indonesia Tbk.,--UO2100000000G211------------,75.0,75.0,78.0,74.0,74.0,-1.0,727000,54431600,355,74.7,75,339000,74,78600,5687353997,5687353997,426551550,0,0,0,0,0
2026-03-02,VRNA,Mizuho Leasing Indonesia Tbk.,--UO2100000000G211------------,84.0,82.0,83.0,75.0,75.0,-9.0,3462400,269162400,637,75.7,75,168500,74,215500,5687353997,5687353997,426551550,120800,339000,100000,8400000,1
2026-02-27,VRNA,Mizuho Leasing Indonesia Tbk.,--UO2100000000G211------------,81.0,84.0,103.0,83.0,84.0,3.0,38940800,3618595900,4562,84.8,85,273600,84,48100,5687353997,5687353997,426551550,1273400,976000,0,0,0
2026-02-26,VRNA,Mizuho Leasing Indonesia Tbk.,--UO2100000000G211------------,83.0,0.0,83.0,80.0,81.0,-2.0,230200,18685900,40,81.7,82,6800,81,94700,5687353997,5687353997,426551550,0,0,0,0,0
2026-02-25,VRNA,Mizuho Leasing Indonesia Tbk.,--UO2100000000G211------------,84.0,0.0,85.0,82.0,83.0,-1.0,96100,7969000,40,83.7,84,71900,83,38700,5687353997,5687353997,426551550,300,0,0,0,0
2026-02-24,VRNA,Mizuho Leasing Indonesia Tbk.,--UO2100000000G211------------,84.0,0.0,85.0,84.0,84.0,0.0,118300,9986000,31,84.8,84,2500,83,9000,5687353997,5687353997,426551550,0,0,0,0,0
2026-02-23,VRNA,Mizuho Leasing Indonesia Tbk.,--UO2100000000G211------------,83.0,0.0,84.0,83.0,84.0,1.0,234600,19694900,28,84.8,85,74100,84,5800,5687353997,5687353997,426551550,0,0,0,0,0
2026-02-20,VRNA,Mizuho Leasing Indonesia Tbk.,--UO2100000000G211------------,84.0,84.0,84.0,81.0,83.0,-1.0,385600,31592600,78,83.7,84,44700,83,2700,5687353997,5687353997,426551550,0,0,0,0,0
2026-02-19,VRNA,Mizuho Leasing Indonesia Tbk.,--UO2100000000G211------------,85.0,86.0,86.0,80.0,84.0,-1.0,130300,10619100,31,84.8,84,218200,83,25600,5687353997,5687353997,426551550,0,0,0,0,0
2026-02-18,VRNA,Mizuho Leasing Indonesia Tbk.,--UO2100000000G211------------,86.0,86.0,86.0,83.0,85.0,-1.0,241400,20214900,63,85.8,85,2900,83,3500,5687353997,5687353997,426551550,0,0,0,0,0
2026-02-13,VRNA,Mizuho Leasing Indonesia Tbk.,--UO2100000000G211------------,86.0,0.0,87.0,85.0,86.0,0.0,108800,9315400,29,86.8,87,128100,85,71400,5687353997,5687353997,426551550,0,0,0,0,0
2026-02-12,VRNA,Mizuho Leasing Indonesia Tbk.,--UO2100000000G211------------,86.0,86.0,87.0,84.0,86.0,0.0,271300,23296300,97,86.8,86,35600,85,56800,5687353997,5687353997,426551550,0,23100,0,0,0
2026-02-11,VRNA,Mizuho Leasing Indonesia Tbk.,--UO2100000000G211------------,84.0,85.0,86.0,83.0,86.0,2.0,172000,14480000,79,86.8,85,1200,84,30500,5687353997,5687353997,426551550,0,29500,0,0,0
2026-02-10,VRNA,Mizuho Leasing Indonesia Tbk.,--UO2100000000G211------------,83.0,0.0,85.0,83.0,84.0,1.0,141000,11728900,64,84.8,85,9700,84,30800,5687353997,5687353997,426551550,0,0,0,0,0
2026-02-09,VRNA,Mizuho Leasing Indonesia Tbk.,--UO2100000000G211------------,81.0,81.0,86.0,81.0,83.0,2.0,151400,12611800,127,83.7,83,34600,82,15500,5687353997,5687353997,426551550,0,19300,0,0,0
2026-02-06,VRNA,Mizuho Leasing Indonesia Tbk.,--UO2100000000G211------------,83.0,82.0,84.0,81.0,81.0,-2.0,100000,8179500,65,81.7,82,7200,81,70800,5687353997,5687353997,426551550,0,0,0,0,0
2026-02-05,VRNA,Mizuho Leasing Indonesia Tbk.,--UO2100000000G211------------,84.0,85.0,85.0,82.0,83.0,-1.0,167600,13831600,109,83.7,83,7300,82,61400,5687353997,5687353997,426551550,0,48600,0,0,0
2026-02-04,VRNA,Mizuho Leasing Indonesia Tbk.,--UO2100000000G211------------,83.0,0.0,85.0,80.0,84.0,1.0,182600,15060000,129,84.8,85,32600,84,47600,5687353997,5687353997,426551550,0,0,0,0,0
2026-02-03,VRNA,Mizuho Leasing Indonesia Tbk.,--UO2100000000G211------------,82.0,0.0,85.0,81.0,83.0,1.0,166100,13791700,99,83.7,84,14000,83,51500,5687353997,5687353997,426551550,0,40800,0,0,0
2026-02-02,VRNA,Mizuho Leasing Indonesia Tbk.,--UO2100000000G211------------,84.0,85.0,86.0,80.0,82.0,-2.0,159600,13081500,87,82.7,82,45800,81,72100,5687353997,5687353997,426551550,50700,0,0,0,0
2026-01-30,VRNA,Mizuho Leasing Indonesia Tbk.,--UO2100000000G211------------,83.0,82.0,85.0,82.0,84.0,1.0,281600,23699900,128,84.8,85,12900,83,24400,5687353997,5687353997,426551550,0,0,0,0,0
2026-01-29,VRNA,Mizuho Leasing Indonesia Tbk.,--UO2100000000G211------------,83.0,85.0,91.0,80.0,83.0,0.0,1213800,100985600,366,83.7,84,46500,83,3300,5687353997,5687353997,426551550,45700,61900,0,0,0
2026-01-28,VRNA,Mizuho Leasing Indonesia Tbk.,--UO2100000000G211------------,90.0,90.0,90.0,80.0,83.0,-7.0,3301300,279524800,357,83.7,83,188000,82,31300,5687353997,5687353997,426551550,38400,22200,0,0,0
2026-01-27,VRNA,Mizuho Leasing Indonesia Tbk.,--UO2100000000G211------------,90.0,90.0,91.0,89.0,90.0,0.0,892900,80053500,120,90.8,91,92300,90,70800,5687353997,5687353997,426551550,0,0,0,0,0
2026-01-26,VRNA,Mizuho Leasing Indonesia Tbk.,--UO2100000000G211------------,90.0,91.0,91.0,89.0,90.0,0.0,815200,73431600,108,90.8,90,34900,89,368400,5687353997,5687353997,426551550,0,20000,0,0,0
2026-01-23,VRNA,Mizuho Leasing Indonesia Tbk.,--UO2100000000G211------------,90.0,91.0,92.0,89.0,90.0,0.0,728700,65201100,105,90.8,91,217900,90,42500,5687353997,5687353997,426551550,0,0,0,0,0
2026-01-22,VRNA,Mizuho Leasing Indonesia Tbk.,--UO2100000000G211------------,91.0,91.0,92.0,89.0,90.0,-1.0,1777600,160678000,166,90.8,91,35000,90,205400,5687353997,5687353997,426551550,0,0,0,0,0
2026-01-21,VRNA,Mizuho Leasing Indonesia Tbk.,--UO2100000000G211------------,90.0,90.0,104.0,89.0,91.0,1.0,15901900,1517784600,1416,91.8,91,188800,90,2500,5687353997,5687353997,426551550,722800,722800,0,0,0
2026-01-20,VRNA,Mizuho Leasing Indonesia Tbk.,--UO2100000000G211------------,89.0,89.0,90.0,89.0,90.0,1.0,373100,33243700,81,90.8,90,536300,89,2900,5687353997,5687353997,426551550,0,0,0,0,0
2026-01-19,VRNA,Mizuho Leasing Indonesia Tbk.,--UO2100000000G211------------,90.0,90.0,90.0,88.0,89.0,-1.0,606600,53978500,164,89.8,90,287000,88,308100,5687353997,5687353997,426551550,0,31400,0,0,0
2026-01-15,VRNA,Mizuho Leasing Indonesia Tbk.,--UO2100000000G211------------,89.0,90.0,91.0,88.0,90.0,1.0,790800,70214600,117,90.8,90,94200,89,152700,5687353997,5687353997,426551550,0,0,0,0,0
2026-01-14,VRNA,Mizuho Leasing Indonesia Tbk.,--UO2100000000G211------------,90.0,90.0,90.0,88.0,89.0,-1.0,557200,49453800,106,89.8,90,62700,89,19500,5687353997,5687353997,426551550,0,0,0,0,0
2026-01-13,VRNA,Mizuho Leasing Indonesia Tbk.,--UO2100000000G211------------,89.0,91.0,91.0,88.0,90.0,1.0,314700,28132700,60,90.8,90,135500,89,13900,5687353997,5687353997,426551550,0,0,0,0,0
2026-01-12,VRNA,Mizuho Leasing Indonesia Tbk.,--UO2100000000G211------------,91.0,89.0,92.0,88.0,89.0,-2.0,1061700,94849100,198,89.8,89,122600,88,1664700,5687353997,5687353997,426551550,9000,0,0,0,0
2026-01-09,VRNA,Mizuho Leasing Indonesia Tbk.,--UO2100000000G211------------,90.0,91.0,92.0,89.0,91.0,1.0,130800,11841200,60,91.8,91,57500,89,162700,5687353997,5687353997,426551550,0,0,0,0,0
2026-01-08,VRNA,Mizuho Leasing Indonesia Tbk.,--UO2100000000G211------------,91.0,91.0,92.0,89.0,90.0,-1.0,1052800,95039100,105,90.8,91,113100,90,32200,5687353997,5687353997,426551550,0,0,0,0,0
2026-01-07,VRNA,Mizuho Leasing Indonesia Tbk.,--UO2100000000G211------------,91.0,93.0,93.0,90.0,91.0,0.0,642300,58354400,139,91.8,91,114500,90,9300,5687353997,5687353997,426551550,0,0,0,0,0
2026-01-06,VRNA,Mizuho Leasing Indonesia Tbk.,--UO2100000000G211------------,90.0,90.0,93.0,89.0,91.0,1.0,1264200,115127300,235,91.8,92,90600,90,54000,5687353997,5687353997,426551550,0,0,0,0,0
2026-01-05,VRNA,Mizuho Leasing Indonesia Tbk.,--UO2100000000G211------------,89.0,89.0,94.0,87.0,90.0,1.0,3816600,343985900,297,90.8,90,169500,88,169900,5687353997,5687353997,426551550,282900,362300,0,0,0
2026-01-02,VRNA,Mizuho Leasing Indonesia Tbk.,--UO2100000000G211------------,89.0,90.0,91.0,85.0,89.0,0.0,8777000,776357300,418,89.8,89,24000,88,22000,5687353997,5687353997,426551550,68600,32400,0,0,0
2025-12-30,VRNA,Mizuho Leasing Indonesia Tbk.,--UO2100000000G211------------,89.0,89.0,94.0,87.0,89.0,0.0,1147600,100946800,170,89.8,89,41400,87,36400,5687353997,5687353997,426551550,66100,320200,0,0,0
2025-12-29,VRNA,Mizuho Leasing Indonesia Tbk.,--UO2100000000G211------------,88.0,87.0,91.0,87.0,89.0,1.0,511300,44977800,100,89.8,89,30500,87,92200,5687353997,5687353997,426551550,0,125700,0,0,0
2025-12-24,VRNA,Mizuho Leasing Indonesia Tbk.,--UO2100000000G211------------,87.0,86.0,93.0,86.0,88.0,1.0,7823600,701815500,644,88.8,89,29500,88,20500,5687353997,5687353997,426551550,200700,14800,0,0,0
2025-12-23,VRNA,Mizuho Leasing Indonesia Tbk.,--UO2100000000G211------------,88.0,0.0,91.0,85.0,87.0,-1.0,8049000,713090000,500,87.8,90,5000,87,162000,5687353997,5687353997,426551550,216800,0,0,0,0
2025-12-22,VRNA,Mizuho Leasing Indonesia Tbk.,--UO2100000000G211------------,88.0,88.0,90.0,84.0,88.0,0.0,2557100,220744600,191,88.8,88,94900,86,4300,5687353997,5687353997,426551550,0,0,0,0,0
2025-12-19,VRNA,Mizuho Leasing Indonesia Tbk.,--UO2100000000G211------------,88.0,0.0,89.0,86.0,88.0,0.0,142700,12429000,71,88.8,88,31100,87,1000,5687353997,5687353997,426551550,0,0,0,0,0
2025-12-18,VRNA,Mizuho Leasing Indonesia Tbk.,--UO2100000000G211------------,88.0,87.0,88.0,85.0,88.0,0.0,545000,47183100,189,88.8,88,24900,87,57200,5687353997,5687353997,426551550,0,0,0,0,0
2025-12-17,VRNA,Mizuho Leasing Indonesia Tbk.,--UO2100000000G211------------,87.0,88.0,89.0,87.0,88.0,1.0,318300,27857800,104,88.8,88,47400,87,82600,5687353997,5687353997,426551550,0,0,0,0,0
2025-12-16,VRNA,Mizuho Leasing Indonesia Tbk.,--UO2100000000G211------------,87.0,88.0,89.0,87.0,87.0,0.0,639800,56150700,99,87.8,88,16400,87,229200,5687353997,5687353997,426551550,0,0,0,0,0
2025-12-15,VRNA,Mizuho Leasing Indonesia Tbk.,--UO2100000000G211------------,87.0,87.0,94.0,86.0,87.0,0.0,3689300,327643500,686,87.8,89,73500,87,62800,5687353997,5687353997,426551550,201100,166600,0,0,0
2025-12-12,VRNA,Mizuho Leasing Indonesia Tbk.,--UO2100000000G211------------,87.0,86.0,101.0,83.0,87.0,0.0,17945800,1658088100,2109,87.8,87,7000,86,22200,5687353997,5687353997,426551550,1051700,974300,0,0,0
2025-12-11,VRNA,Mizuho Leasing Indonesia Tbk.,--UO2100000000G211------------,87.0,0.0,88.0,85.0,87.0,0.0,268500,23137400,70,87.8,87,31000,86,100000,5687353997,5687353997,426551550,0,0,0,0,0
2025-12-10,VRNA,Mizuho Leasing Indonesia Tbk.,--UO2100000000G211------------,88.0,88.0,88.0,86.0,87.0,-1.0,154200,13423600,65,87.8,87,52200,86,30200,5687353997,5687353997,426551550,5100,0,0,0,0
2025-12-09,VRNA,Mizuho Leasing Indonesia Tbk.,--UO2100000000G211------------,88.0,0.0,89.0,84.0,88.0,0.0,258600,22138100,93,88.8,88,26900,87,21900,5687353997,5687353997,426551550,3000,0,0,0,0
2025-12-08,VRNA,Mizuho Leasing Indonesia Tbk.,--UO2100000000G211------------,88.0,89.0,89.0,85.0,88.0,0.0,340700,29637200,86,88.8,88,2300,87,29400,5687353997,5687353997,426551550,0,0,0,0,0
2025-12-05,VRNA,Mizuho Leasing Indonesia Tbk.,--UO2100000000G211------------,87.0,88.0,88.0,86.0,88.0,1.0,546000,47730300,91,88.8,89,37900,87,724100,5687353997,5687353997,426551550,0,0,0,0,0
2025-12-04,VRNA,Mizuho Leasing Indonesia Tbk.,--UO2100000000G211------------,86.0,0.0,88.0,84.0,87.0,1.0,426100,36826700,92,87.8,88,94900,86,37500,5687353997,5687353997,426551550,0,0,0,0,0
2025-12-03,VRNA,Mizuho Leasing Indonesia Tbk.,--UO2100000000G211------------,86.0,86.0,87.0,85.0,86.0,0.0,295200,25205000,64,86.8,86,21000,85,84700,5687353997,5687353997,426551550,0,0,0,0,0
2025-12-02,VRNA,Mizuho Leasing Indonesia Tbk.,--UO2100000000G211------------,86.0,86.0,89.0,84.0,86.0,0.0,437000,37524800,77,86.8,86,63100,85,164200,5687353997,5687353997,426551550,0,0,0,0,0
2025-12-01,VRNA,Mizuho Leasing Indonesia Tbk.,--UO2100000000G211------------,87.0,89.0,89.0,84.0,86.0,-1.0,383800,32670700,83,86.8,86,237400,85,36500,5687353997,5687353997,426551550,0,0,0,0,0
2025-11-28,VRNA,Mizuho Leasing Indonesia Tbk.,--UO2100000000G211------------,86.0,87.0,90.0,86.0,87.0,1.0,444000,39033000,99,87.8,87,36800,86,66600,5687353997,5687353997,426551550,0,17300,0,0,0
2025-11-27,VRNA,Mizuho Leasing Indonesia Tbk.,--UO2100000000G211------------,89.0,90.0,93.0,85.0,86.0,-3.0,1992900,176095300,280,86.8,86,106300,85,206800,5687353997,5687353997,426551550,118700,48500,0,0,0
2025-11-26,VRNA,Mizuho Leasing Indonesia Tbk.,--UO2100000000G211------------,89.0,89.0,89.0,85.0,89.0,0.0,448300,38848700,81,89.8,89,173000,88,1100,5687353997,5687353997,426551550,0,0,0,0,0
2025-11-25,VRNA,Mizuho Leasing Indonesia Tbk.,--UO2100000000G211------------,88.0,89.0,90.0,85.0,89.0,1.0,265000,22967500,63,89.8,89,301800,87,87000,5687353997,5687353997,426551550,0,0,0,0,0
2025-11-24,VRNA,Mizuho Leasing Indonesia Tbk.,--UO2100000000G211------------,90.0,90.0,90.0,87.0,88.0,-2.0,361400,31760500,70,88.8,89,7700,88,50100,5687353997,5687353997,426551550,600,0,0,0,0
2025-11-21,VRNA,Mizuho Leasing Indonesia Tbk.,--UO2100000000G211------------,89.0,89.0,90.0,87.0,90.0,1.0,470500,41679300,95,90.8,90,65800,89,2500,5687353997,5687353997,426551550,0,0,0,0,0
2025-11-20,VRNA,Mizuho Leasing Indonesia Tbk.,--UO2100000000G211------------,88.0,88.0,89.0,86.0,89.0,1.0,472800,41680400,76,89.8,89,223600,88,128600,5687353997,5687353997,426551550,0,0,0,0,0
2025-11-19,VRNA,Mizuho Leasing Indonesia Tbk.,--UO2100000000G211------------,86.0,86.0,88.0,85.0,88.0,2.0,101800,8807300,59,88.8,88,53300,86,1100,5687353997,5687353997,426551550,0,0,0,0,0
2025-11-18,VRNA,Mizuho Leasing Indonesia Tbk.,--UO2100000000G211------------,84.0,85.0,88.0,83.0,86.0,2.0,640700,55020200,307,86.8,88,31200,86,18900,5687353997,5687353997,426551550,0,0,0,0,0
2025-11-17,VRNA,Mizuho Leasing Indonesia Tbk.,--UO2100000000G211------------,86.0,86.0,87.0,84.0,84.0,-2.0,1375400,117874500,78,84.8,84,24100,83,36500,5687353997,5687353997,426551550,0,0,0,0,0
2025-11-14,VRNA,Mizuho Leasing Indonesia Tbk.,--UO2100000000G211------------,87.0,0.0,88.0,85.0,86.0,-1.0,270300,23189000,70,86.8,87,1200,86,2300,5687353997,5687353997,426551550,0,0,0,0,0
2025-11-13,VRNA,Mizuho Leasing Indonesia Tbk.,--UO2100000000G211------------,86.0,86.0,91.0,85.0,87.0,1.0,622900,55070900,203,87.8,87,7300,86,98000,5687353997,5687353997,426551550,0,0,0,0,0
2025-11-12,VRNA,Mizuho Leasing Indonesia Tbk.,--UO2100000000G211------------,85.0,85.0,89.0,84.0,86.0,1.0,253800,21651100,107,86.8,86,32400,85,4400,5687353997,5687353997,426551550,27600,27600,0,0,0
2025-11-11,VRNA,Mizuho Leasing Indonesia Tbk.,--UO2100000000G211------------,84.0,85.0,90.0,83.0,85.0,1.0,611400,52338100,253,85.8,85,43800,84,116300,5687353997,5687353997,426551550,18600,18600,0,0,0
2025-11-10,VRNA,Mizuho Leasing Indonesia Tbk.,--UO2100000000G211------------,87.0,86.0,87.0,82.0,84.0,-3.0,479800,40212700,105,84.8,85,30700,84,75500,5687353997,5687353997,426551550,0,0,0,0,0
2025-11-07,VRNA,Mizuho Leasing Indonesia Tbk.,--UO2100000000G211------------,87.0,87.0,89.0,85.0,87.0,0.0,332300,29056300,58,87.8,87,35900,86,25500,5687353997,5687353997,426551550,0,0,0,0,0
2025-11-06,VRNA,Mizuho Leasing Indonesia Tbk.,--UO2100000000G211------------,86.0,0.0,88.0,85.0,87.0,1.0,193000,16679700,269,87.8,86,10200,85,14100,5687353997,5687353997,426551550,0,39300,0,0,0
2025-11-05,VRNA,Mizuho Leasing Indonesia Tbk.,--UO2100000000G211------------,86.0,84.0,91.0,84.0,86.0,0.0,553200,48194300,386,86.8,86,31000,85,4500,5687353997,5687353997,426551550,100600,52100,0,0,0
2025-11-04,VRNA,Mizuho Leasing Indonesia Tbk.,--UO2100000000G211------------,85.0,0.0,87.0,84.0,86.0,1.0,157800,13366100,75,86.8,85,108500,84,50000,5687353997,5687353997,426551550,0,0,0,0,0
2025-11-03,VRNA,Mizuho Leasing Indonesia Tbk.,--UO2100000000G211------------,86.0,84.0,89.0,84.0,85.0,-1.0,179700,15222100,98,85.8,85,29300,83,63000,5687353997,5687353997,426551550,0,0,0,0,0
2025-10-31,VRNA,Mizuho Leasing Indonesia Tbk.,--UO2100000000G211------------,83.0,0.0,91.0,83.0,86.0,3.0,2235300,193598400,571,86.8,85,8700,84,1200,5687353997,5687353997,426551550,61700,48000,0,0,0
2025-10-30,VRNA,Mizuho Leasing Indonesia Tbk.,--UO2100000000G211------------,83.0,0.0,84.0,82.0,83.0,0.0,104800,8716200,59,83.7,83,31500,82,70200,5687353997,5687353997,426551550,0,0,0,0,0
2025-10-29,VRNA,Mizuho Leasing Indonesia Tbk.,--UO2100000000G211------------,85.0,85.0,89.0,82.0,83.0,-2.0,377200,31770900,157,83.7,85,8900,83,3500,5687353997,5687353997,426551550,0,0,0,0,0
2025-10-28,VRNA,Mizuho Leasing Indonesia Tbk.,--UO2100000000G211------------,84.0,83.0,85.0,82.0,85.0,1.0,197900,16415400,64,85.8,85,51200,82,100600,5687353997,5687353997,426551550,0,46200,0,0,0
2025-10-27,VRNA,Mizuho Leasing Indonesia Tbk.,--UO2100000000G211------------,88.0,88.0,88.0,83.0,84.0,-4.0,560200,47352100,222,84.8,84,27200,83,148800,5687353997,5687353997,426551550,0,49200,0,0,0
2025-10-24,VRNA,Mizuho Leasing Indonesia Tbk.,--UO2100000000G211------------,83.0,0.0,94.0,83.0,88.0,5.0,5055200,451212200,881,88.8,88,33400,86,189400,5687353997,5687353997,426551550,614000,591100,0,0,0
2025-10-23,VRNA,Mizuho Leasing Indonesia Tbk.,--UO2100000000G211------------,82.0,0.0,84.0,82.0,83.0,1.0,90100,7444000,36,83.7,83,30200,82,51800,5687353997,5687353997,426551550,0,18000,0,0,0
2025-10-22,VRNA,Mizuho Leasing Indonesia Tbk.,--UO2100000000G211------------,85.0,0.0,86.0,81.0,82.0,-3.0,113900,9490100,51,82.7,83,1500,82,4800,5687353997,5687353997,426551550,0,35900,0,0,0
2025-10-21,VRNA,Mizuho Leasing Indonesia Tbk.,--UO2100000000G211------------,83.0,82.0,86.0,80.0,85.0,2.0,92100,7689300,68,85.8,85,300,83,6500,5687353997,5687353997,426551550,10100,0,0,0,0
2025-10-20,VRNA,Mizuho Leasing Indonesia Tbk.,--UO2100000000G211------------,80.0,0.0,85.0,80.0,83.0,3.0,299600,24819400,63,83.7,83,27700,82,7500,5687353997,5687353997,426551550,92400,99400,0,0,0
2025-10-17,VRNA,Mizuho Leasing Indonesia Tbk.,--UO2100000000G211------------,83.0,0.0,82.0,79.0,80.0,-3.0,150300,12029500,58,80.7,80,50000,79,80400,5687353997,5687353997,426551550,0,0,0,0,0
2025-10-16,VRNA,Mizuho Leasing Indonesia Tbk.,--UO2100000000G211------------,85.0,85.0,85.0,80.0,83.0,-2.0,234200,19303500,56,83.7,83,40800,82,500,5687353997,5687353997,426551550,0,56700,0,0,0
2025-10-15,VRNA,Mizuho Leasing Indonesia Tbk.,--UO2100000000G211------------,82.0,0.0,85.0,80.0,85.0,3.0,155900,12618700,36,85.8,85,71000,81,49600,5687353997,5687353997,426551550,0,49300,0,0,0
2025-10-14,VRNA,Mizuho Leasing Indonesia Tbk.,--UO2100000000G211------------,85.0,0.0,88.0,80.0,82.0,-3.0,1096000,89659900,149,82.7,82,50800,81,53500,5687353997,5687353997,426551550,0,49400,0,0,0
2025-10-13,VRNA,Mizuho Leasing Indonesia Tbk.,--UO2100000000G211------------,88.0,88.0,89.0,84.0,85.0,-3.0,455600,38921100,101,85.8,88,21100,85,100600,5687353997,5687353997,426551550,0,42000,0,0,0
2025-10-10,VRNA,Mizuho Leasing Indonesia Tbk.,--UO2100000000G211------------,89.0,89.0,89.0,87.0,88.0,-1.0,366500,32377400,79,88.8,88,83400,87,59800,5687353997,5687353997,426551550,19500,0,0,0,0
2025-10-09,VRNA,Mizuho Leasing Indonesia Tbk.,--UO2100000000G211------------,89.0,0.0,89.0,86.0,89.0,0.0,140900,12288700,49,89.8,89,171000,86,58900,5687353997,5687353997,426551550,0,0,0,0,0
2025-10-08,VRNA,Mizuho Leasing Indonesia Tbk.,--UO2100000000G211------------,89.0,0.0,90.0,86.0,89.0,0.0,80600,7061300,47,89.8,89,131100,88,9500,5687353997,5687353997,426551550,0,0,0,0,0
2025-10-07,VRNA,Mizuho Leasing Indonesia Tbk.,--UO2100000000G211------------,88.0,88.0,90.0,88.0,89.0,1.0,105800,9332700,48,89.8,89,104700,88,100,5687353997,5687353997,426551550,0,0,0,0,0
2025-10-06,VRNA,Mizuho Leasing Indonesia Tbk.,--UO2100000000G211------------,88.0,88.0,91.0,88.0,88.0,0.0,424800,37861300,92,88.8,89,6800,88,14500,5687353997,5687353997,426551550,62900,0,0,0,0
2025-10-03,VRNA,Mizuho Leasing Indonesia Tbk.,--UO2100000000G211------------,90.0,90.0,90.0,88.0,88.0,-2.0,513500,45375700,56,88.8,89,19000,88,381800,5687353997,5687353997,426551550,0,0,0,0,0
2025-10-02,VRNA,Mizuho Leasing Indonesia Tbk.,--UO2100000000G211------------,89.0,89.0,90.0,88.0,90.0,1.0,400900,35572600,70,90.8,89,49900,88,539000,5687353997,5687353997,426551550,0,17400,0,0,0
2025-10-01,VRNA,Mizuho Leasing Indonesia Tbk.,--UO2100000000G211------------,89.0,90.0,92.0,88.0,89.0,0.0,656800,58389000,103,89.8,90,34700,88,34400,5687353997,5687353997,426551550,0,0,0,0,0
2025-09-30,VRNA,Mizuho Leasing Indonesia Tbk.,--UO2100000000G211------------,90.0,89.0,91.0,89.0,89.0,-1.0,572000,51399300,120,89.8,90,84700,89,280100,5687353997,5687353997,426551550,14500,19100,0,0,0
2025-09-29,VRNA,Mizuho Leasing Indonesia Tbk.,--UO2100000000G211------------,90.0,0.0,92.0,88.0,90.0,0.0,668100,59617500,133,90.8,90,36800,89,8600,5687353997,5687353997,426551550,23900,0,0,0,0
2025-09-26,VRNA,Mizuho Leasing Indonesia Tbk.,--UO2100000000G211------------,91.0,91.0,92.0,90.0,90.0,-1.0,415100,37641800,90,90.8,91,74500,90,31600,5687353997,5687353997,426551550,0,0,0,0,0
2025-09-25,VRNA,Mizuho Leasing Indonesia Tbk.,--UO2100000000G211------------,90.0,90.0,92.0,90.0,91.0,1.0,582300,52526100,81,91.8,91,31900,90,80100,5687353997,5687353997,426551550,0,10900,0,0,0
2025-09-24,VRNA,Mizuho Leasing Indonesia Tbk.,--UO2100000000G211------------,91.0,91.0,92.0,90.0,90.0,-1.0,576500,52139600,92,90.8,91,134200,90,329900,5687353997,5687353997,426551550,0,0,0,0,0
2025-09-23,VRNA,Mizuho Leasing Indonesia Tbk.,--UO2100000000G211------------,92.0,93.0,93.0,90.0,91.0,-1.0,952600,86575100,130,91.8,92,2200,90,1222700,5687353997,5687353997,426551550,0,103500,0,0,0
2025-09-22,VRNA,Mizuho Leasing Indonesia Tbk.,--UO2100000000G211------------,91.0,93.0,93.0,90.0,92.0,1.0,621900,56390000,88,92.8,92,158900,91,21400,5687353997,5687353997,426551550,0,12200,0,0,0
2025-09-19,VRNA,Mizuho Leasing Indonesia Tbk.,--UO2100000000G211------------,91.0,92.0,93.0,90.0,91.0,0.0,1348000,123393600,137,91.8,91,33300,90,663100,5687353997,5687353997,426551550,0,0,0,0,0
2025-09-18,VRNA,Mizuho Leasing Indonesia Tbk.,--UO2100000000G211------------,90.0,91.0,98.0,89.0,91.0,1.0,7207600,671569800,720,91.8,92,176500,90,123900,5687353997,5687353997,426551550,294800,226000,0,0,0
2025-09-17,VRNA,Mizuho Leasing Indonesia Tbk.,--UO2100000000G211------------,90.0,91.0,91.0,88.0,90.0,0.0,1189800,106656100,187,90.8,90,84500,89,16000,5687353997,5687353997,426551550,0,0,0,0,0
2025-09-16,VRNA,Mizuho Leasing Indonesia Tbk.,--UO2100000000G211------------,88.0,89.0,91.0,89.0,90.0,2.0,1276300,115127800,160,90.8,91,700500,90,3800,5687353997,5687353997,426551550,23400,25300,0,0,0
2025-09-15,VRNA,Mizuho Leasing Indonesia Tbk.,--UO2100000000G211------------,88.0,89.0,90.0,86.0,88.0,0.0,763600,66648800,135,88.8,88,14900,87,22300,5687353997,5687353997,426551550,0,78900,0,0,0
2025-09-12,VRNA,Mizuho Leasing Indonesia Tbk.,--UO2100000000G211------------,86.0,89.0,92.0,85.0,88.0,2.0,4836800,431928900,463,88.8,89,23300,88,5300,5687353997,5687353997,426551550,215800,214000,0,0,0
2025-09-11,VRNA,Mizuho Leasing Indonesia Tbk.,--UO2100000000G211------------,85.0,85.0,88.0,85.0,86.0,1.0,611600,52606600,116,86.8,87,900,86,12900,5687353997,5687353997,426551550,0,0,0,0,0
2025-09-10,VRNA,Mizuho Leasing Indonesia Tbk.,--UO2100000000G211------------,86.0,86.0,87.0,84.0,85.0,-1.0,458700,38850700,154,85.8,85,25000,84,31100,5687353997,5687353997,426551550,5300,0,0,0,0
2025-09-09,VRNA,Mizuho Leasing Indonesia Tbk.,--UO2100000000G211------------,88.0,88.0,90.0,83.0,86.0,-2.0,1540500,131837500,218,86.8,86,81100,83,52400,5687353997,5687353997,426551550,0,5300,0,0,0
2025-09-08,VRNA,Mizuho Leasing Indonesia Tbk.,--UO2100000000G211------------,91.0,90.0,91.0,87.0,88.0,-3.0,2876700,255195200,338,88.8,89,38900,87,410500,5687353997,5687353997,426551550,14400,36900,1383500,107913000,1
2025-09-04,VRNA,Mizuho Leasing Indonesia Tbk.,--UO2100000000G211------------,91.0,93.0,94.0,91.0,91.0,0.0,1436100,132483400,230,91.8,92,10100,91,402200,5687353997,5687353997,426551550,88300,80900,0,0,0
2025-09-03,VRNA,Mizuho Leasing Indonesia Tbk.,--UO2100000000G211------------,94.0,95.0,96.0,91.0,91.0,-3.0,2182500,201358900,296,91.8,93,60100,91,459600,5687353997,5687353997,426551550,34800,43700,0,0,0
2025-09-02,VRNA,Mizuho Leasing Indonesia Tbk.,--UO2100000000G211------------,95.0,96.0,97.0,92.0,94.0,-1.0,6610800,623527300,653,94.8,94,338200,92,487100,5687353997,5687353997,426551550,67100,191800,0,0,0
2025-09-01,VRNA,Mizuho Leasing Indonesia Tbk.,--UO2100000000G211------------,90.0,84.0,103.0,81.0,95.0,5.0,23577700,2281048700,1966,95.8,96,22500,95,166500,5687353997,5687353997,426551550,475100,374600,0,0,0
2025-08-29,VRNA,Mizuho Leasing Indonesia Tbk.,--UO2100000000G211------------,92.0,93.0,93.0,86.0,90.0,-2.0,4011700,356673500,429,90.8,90,151700,89,79300,5687353997,5687353997,426551550,153100,167600,0,0,0
2025-08-28,VRNA,Mizuho Leasing Indonesia Tbk.,--UO2100000000G211------------,95.0,96.0,97.0,91.0,92.0,-3.0,4543300,423725000,715,92.8,93,56900,92,51900,5687353997,5687353997,426551550,97400,97400,0,0,0
2025-08-27,VRNA,Mizuho Leasing Indonesia Tbk.,--UO2100000000G211------------,91.0,93.0,111.0,91.0,95.0,4.0,24138900,2396742100,2393,95.8,95,76000,94,53900,5687353997,5687353997,426551550,306400,306400,0,0,0
2025-08-26,VRNA,Mizuho Leasing Indonesia Tbk.,--UO2100000000G211------------,91.0,91.0,120.0,88.0,91.0,0.0,77012600,8101836600,6350,91.8,93,242200,91,434100,5687353997,5687353997,426551550,1157300,1265200,0,0,0
2025-08-25,VRNA,Mizuho Leasing Indonesia Tbk.,--UO2100000000G211------------,91.0,90.0,98.0,85.0,91.0,0.0,11747000,1083239900,1226,91.8,91,140800,90,21000,5687353997,5687353997,426551550,379500,262500,0,0,0
2025-08-22,VRNA,Mizuho Leasing Indonesia Tbk.,--UO2100000000G211------------,97.0,98.0,99.0,89.0,91.0,-6.0,26591800,2499347200,2593,91.8,92,50000,90,368100,5687353997,5687353997,426551550,518800,478200,0,0,0
2025-08-21,VRNA,Mizuho Leasing Indonesia Tbk.,--UO2100000000G211------------,78.0,79.0,100.0,77.0,97.0,19.0,37552800,3570838500,2948,97.9,98,1102100,97,143900,5687353997,5687353997,426551550,336800,223300,0,0,0
2025-08-20,VRNA,Mizuho Leasing Indonesia Tbk.,--UO2100000000G211------------,76.0,0.0,79.0,76.0,78.0,2.0,332800,25655700,72,78.7,79,41600,78,33900,5687353997,5687353997,426551550,9700,9700,0,0,0
2025-08-19,VRNA,Mizuho Leasing Indonesia Tbk.,--UO2100000000G211------------,77.0,77.0,78.0,75.0,76.0,-1.0,376900,28801300,88,76.7,76,40000,75,54600,5687353997,5687353997,426551550,10000,47800,0,0,0
2025-08-15,VRNA,Mizuho Leasing Indonesia Tbk.,--UO2100000000G211------------,82.0,82.0,82.0,74.0,77.0,-5.0,2641100,200535200,395,77.7,78,66800,76,21300,5687353997,5687353997,426551550,7800,200700,0,0,0
2025-08-14,VRNA,Mizuho Leasing Indonesia Tbk.,--UO2100000000G211------------,75.0,0.0,83.0,74.0,82.0,7.0,3615800,284645500,404,82.7,82,117100,79,100,5687353997,5687353997,426551550,143100,112500,0,0,0
2025-08-13,VRNA,Mizuho Leasing Indonesia Tbk.,--UO2100000000G211------------,74.0,74.0,76.0,73.0,75.0,1.0,1873000,140136500,115,75.7,77,487800,75,483100,5687353997,5687353997,426551550,0,1265500,0,0,0
2025-08-12,VRNA,Mizuho Leasing Indonesia Tbk.,--UO2100000000G211------------,72.0,0.0,74.0,72.0,74.0,2.0,62200,4543000,25,74.7,74,83800,73,11600,5687353997,5687353997,426551550,0,0,0,0,0
2025-08-11,VRNA,Mizuho Leasing Indonesia Tbk.,--UO2100000000G211------------,73.0,73.0,74.0,72.0,72.0,-1.0,161900,11736500,26,72.6,73,42800,72,117100,5687353997,5687353997,426551550,0,13200,0,0,0
2025-08-08,VRNA,Mizuho Leasing Indonesia Tbk.,--UO2100000000G211------------,72.0,72.0,74.0,72.0,73.0,1.0,218700,15942700,31,73.7,74,105200,73,26500,5687353997,5687353997,426551550,0,0,0,0,0
2025-08-07,VRNA,Mizuho Leasing Indonesia Tbk.,--UO2100000000G211------------,72.0,0.0,74.0,72.0,72.0,0.0,141000,10289100,36,72.6,73,64900,72,102300,5687353997,5687353997,426551550,0,0,0,0,0
2025-08-06,VRNA,Mizuho Leasing Indonesia Tbk.,--UO2100000000G211------------,74.0,74.0,74.0,71.0,72.0,-2.0,376000,26914800,82,72.6,72,5700,71,181200,5687353997,5687353997,426551550,0,0,0,0,0
2025-08-05,VRNA,Mizuho Leasing Indonesia Tbk.,--UO2100000000G211------------,73.0,0.0,75.0,71.0,74.0,1.0,946800,69844500,144,74.7,74,207200,73,5500,5687353997,5687353997,426551550,0,0,0,0,0
2025-08-04,VRNA,Mizuho Leasing Indonesia Tbk.,--UO2100000000G211------------,72.0,72.0,74.0,70.0,73.0,1.0,608500,43710500,102,73.7,74,119600,73,16000,5687353997,5687353997,426551550,0,128500,0,0,0
2025-08-01,VRNA,Mizuho Leasing Indonesia Tbk.,--UO2100000000G211------------,72.0,75.0,75.0,71.0,72.0,0.0,793400,58426100,119,72.6,74,149100,72,168600,5687353997,5687353997,426551550,0,0,0,0,0
2025-07-31,VRNA,Mizuho Leasing Indonesia Tbk.,--UO2100000000G211------------,72.0,72.0,72.0,70.0,72.0,0.0,124100,8695300,17,72.6,72,15800,71,13000,5687353997,5687353997,426551550,0,0,0,0,0
2025-07-30,VRNA,Mizuho Leasing Indonesia Tbk.,--UO2100000000G211------------,72.0,0.0,72.0,68.0,72.0,0.0,708400,49317600,62,72.6,72,241100,71,20000,5687353997,5687353997,426551550,0,0,0,0,0
2025-07-29,VRNA,Mizuho Leasing Indonesia Tbk.,--UO2100000000G211------------,73.0,0.0,73.0,72.0,72.0,-1.0,154200,11117800,33,72.6,73,52700,72,110200,5687353997,5687353997,426551550,0,0,0,0,0
2025-07-28,VRNA,Mizuho Leasing Indonesia Tbk.,--UO2100000000G211------------,73.0,0.0,73.0,72.0,73.0,0.0,124800,9100100,18,73.7,73,325500,72,77800,5687353997,5687353997,426551550,0,50300,0,0,0
2025-07-25,VRNA,Mizuho Leasing Indonesia Tbk.,--UO2100000000G211------------,74.0,74.0,74.0,73.0,73.0,-1.0,31100,2270400,8,73.7,73,529900,72,163100,5687353997,5687353997,426551550,0,0,0,0,0
2025-07-24,VRNA,Mizuho Leasing Indonesia Tbk.,--UO2100000000G211------------,73.0,73.0,74.0,73.0,74.0,1.0,1600,118300,3,74.7,74,535000,73,10500,5687353997,5687353997,426551550,0,0,0,0,0
2025-07-23,VRNA,Mizuho Leasing Indonesia Tbk.,--UO2100000000G211------------,74.0,0.0,73.0,72.0,73.0,-1.0,7100,516100,11,73.7,73,447200,72,224300,5687353997,5687353997,426551550,0,0,0,0,0
2025-07-22,VRNA,Mizuho Leasing Indonesia Tbk.,--UO2100000000G211------------,74.0,0.0,75.0,73.0,74.0,0.0,21600,1581200,17,74.7,74,10500,73,700,5687353997,5687353997,426551550,0,0,0,0,0
2025-07-21,VRNA,Mizuho Leasing Indonesia Tbk.,--UO2100000000G211------------,74.0,0.0,75.0,72.0,74.0,0.0,24500,1792800,20,74.7,74,28900,73,5600,5687353997,5687353997,426551550,0,0,0,0,0
2025-07-18,VRNA,Mizuho Leasing Indonesia Tbk.,--UO2100000000G211------------,73.0,0.0,75.0,73.0,74.0,1.0,79900,5925600,13,74.7,74,16800,73,10000,5687353997,5687353997,426551550,10100,0,0,0,0
2025-07-17,VRNA,Mizuho Leasing Indonesia Tbk.,--UO2100000000G211------------,72.0,0.0,74.0,73.0,73.0,1.0,56800,4172500,16,73.7,74,448200,72,143400,5687353997,5687353997,426551550,0,0,0,0,0
2025-07-16,VRNA,Mizuho Leasing Indonesia Tbk.,--UO2100000000G211------------,74.0,0.0,74.0,72.0,72.0,-2.0,236100,17236500,27,72.6,73,405600,72,171600,5687353997,5687353997,426551550,0,18100,0,0,0
2025-07-15,VRNA,Mizuho Leasing Indonesia Tbk.,--UO2100000000G211------------,74.0,73.0,74.0,73.0,74.0,0.0,234100,17133800,19,74.7,74,693300,73,174400,5687353997,5687353997,426551550,0,0,0,0,0
2025-07-14,VRNA,Mizuho Leasing Indonesia Tbk.,--UO2100000000G211------------,74.0,74.0,74.0,73.0,74.0,0.0,71900,5300500,18,74.7,74,28000,73,190800,5687353997,5687353997,426551550,0,0,0,0,0
2025-07-11,VRNA,Mizuho Leasing Indonesia Tbk.,--UO2100000000G211------------,73.0,73.0,74.0,72.0,74.0,1.0,774000,56586600,24,74.7,74,41500,73,363600,5687353997,5687353997,426551550,0,6600,0,0,0
2025-07-10,VRNA,Mizuho Leasing Indonesia Tbk.,--UO2100000000G211------------,75.0,74.0,74.0,72.0,73.0,-2.0,285400,20721400,35,73.7,74,124400,72,124000,5687353997,5687353997,426551550,0,0,0,0,0
2025-07-09,VRNA,Mizuho Leasing Indonesia Tbk.,--UO2100000000G211------------,73.0,74.0,75.0,73.0,75.0,2.0,110600,8128900,51,75.7,75,161500,73,15500,5687353997,5687353997,426551550,0,0,0,0,0
2025-07-08,VRNA,Mizuho Leasing Indonesia Tbk.,--UO2100000000G211------------,72.0,0.0,73.0,71.0,73.0,1.0,117200,8445400,22,73.7,73,116200,72,102600,5687353997,5687353997,426551550,0,0,0,0,0
2025-07-07,VRNA,Mizuho Leasing Indonesia Tbk.,--UO2100000000G211------------,71.0,71.0,73.0,71.0,72.0,1.0,539500,38716400,36,72.6,72,55300,71,88900,5687353997,5687353997,426551550,0,4000,0,0,0
2025-07-04,VRNA,Mizuho Leasing Indonesia Tbk.,--UO2100000000G211------------,71.0,72.0,73.0,71.0,71.0,0.0,407200,29056400,33,71.6,72,175000,71,10900,5687353997,5687353997,426551550,0,0,0,0,0
2025-07-03,VRNA,Mizuho Leasing Indonesia Tbk.,--UO2100000000G211------------,72.0,0.0,73.0,69.0,71.0,-1.0,1459000,102192700,100,71.6,72,128800,70,65500,5687353997,5687353997,426551550,0,0,0,0,0
2025-07-02,VRNA,Mizuho Leasing Indonesia Tbk.,--UO2100000000G211------------,72.0,0.0,72.0,71.0,72.0,0.0,222100,15860400,38,72.6,72,133800,71,149700,5687353997,5687353997,426551550,0,0,0,0,0
2025-07-01,VRNA,Mizuho Leasing Indonesia Tbk.,--UO2100000000G211------------,73.0,0.0,74.0,72.0,72.0,-1.0,418300,30267100,42,72.6,72,17100,71,37200,5687353997,5687353997,426551550,0,0,0,0,0
2025-06-30,VRNA,Mizuho Leasing Indonesia Tbk.,--UO2100000000G211------------,75.0,75.0,75.0,73.0,73.0,-2.0,176300,12981900,42,73.7,73,26700,72,273500,5687353997,5687353997,426551550,0,5500,0,0,0
2025-06-26,VRNA,Mizuho Leasing Indonesia Tbk.,--UO2100000000G211------------,74.0,75.0,75.0,74.0,75.0,1.0,74200,5509100,36,75.7,75,162000,74,33500,5687353997,5687353997,426551550,0,0,0,0,0
2025-06-25,VRNA,Mizuho Leasing Indonesia Tbk.,--UO2100000000G211------------,77.0,0.0,76.0,72.0,74.0,-3.0,374900,27527000,71,74.7,76,43100,74,2000,5687353997,5687353997,426551550,0,8500,0,0,0
2025-06-24,VRNA,Mizuho Leasing Indonesia Tbk.,--UO2100000000G211------------,77.0,0.0,78.0,74.0,77.0,0.0,114500,8582700,66,77.7,77,188000,76,500,5687353997,5687353997,426551550,7500,0,0,0,0
2025-06-23,VRNA,Mizuho Leasing Indonesia Tbk.,--UO2100000000G211------------,77.0,0.0,77.0,75.0,77.0,0.0,331000,25012500,79,77.7,77,413600,75,7900,5687353997,5687353997,426551550,0,0,0,0,0
2025-06-20,VRNA,Mizuho Leasing Indonesia Tbk.,--UO2100000000G211------------,78.0,0.0,79.0,76.0,77.0,-1.0,539400,41504600,81,77.7,77,23000,76,95600,5687353997,5687353997,426551550,0,1900,0,0,0
2025-06-19,VRNA,Mizuho Leasing Indonesia Tbk.,--UO2100000000G211------------,79.0,0.0,82.0,77.0,78.0,-1.0,751400,58979100,159,78.7,78,52100,77,59100,5687353997,5687353997,426551550,1200,27000,0,0,0
2025-06-18,VRNA,Mizuho Leasing Indonesia Tbk.,--UO2100000000G211------------,81.0,82.0,101.0,76.0,79.0,-2.0,19395800,1732086700,2713,79.7,80,68500,79,51000,5687353997,5687353997,426551550,65500,37200,0,0,0
2025-06-17,VRNA,Mizuho Leasing Indonesia Tbk.,--UO2100000000G211------------,81.0,81.0,82.0,81.0,81.0,0.0,945300,77392000,53,81.7,82,258900,81,182400,5687353997,5687353997,426551550,0,0,0,0,0
2025-06-16,VRNA,Mizuho Leasing Indonesia Tbk.,--UO2100000000G211------------,81.0,0.0,82.0,80.0,81.0,0.0,535100,43396400,23,81.7,82,10500,81,134300,5687353997,5687353997,426551550,0,0,0,0,0
2025-06-13,VRNA,Mizuho Leasing Indonesia Tbk.,--UO2100000000G211------------,81.0,0.0,82.0,79.0,81.0,0.0,1006700,81462400,45,81.7,82,551900,81,260500,5687353997,5687353997,426551550,0,0,0,0,0
2025-06-12,VRNA,Mizuho Leasing Indonesia Tbk.,--UO2100000000G211------------,82.0,0.0,82.0,81.0,81.0,-1.0,32200,2613200,11,81.7,81,26800,80,26000,5687353997,5687353997,426551550,0,0,0,0,0
2025-06-11,VRNA,Mizuho Leasing Indonesia Tbk.,--UO2100000000G211------------,80.0,0.0,83.0,78.0,82.0,2.0,505100,41115700,59,82.7,82,5000,80,120400,5687353997,5687353997,426551550,0,12700,0,0,0
2025-06-10,VRNA,Mizuho Leasing Indonesia Tbk.,--UO2100000000G211------------,80.0,80.0,80.0,79.0,80.0,0.0,29200,2335900,15,80.7,80,31700,79,3900,5687353997,5687353997,426551550,0,0,0,0,0
2025-06-05,VRNA,Mizuho Leasing Indonesia Tbk.,--UO2100000000G211------------,79.0,0.0,80.0,79.0,80.0,1.0,28900,2283600,9,80.7,80,60900,79,359800,5687353997,5687353997,426551550,0,0,0,0,0
2025-06-04,VRNA,Mizuho Leasing Indonesia Tbk.,--UO2100000000G211------------,79.0,0.0,79.0,79.0,79.0,0.0,15300,1208700,9,79.7,80,34900,79,143300,5687353997,5687353997,426551550,0,0,0,0,0
2025-06-03,VRNA,Mizuho Leasing Indonesia Tbk.,--UO2100000000G211------------,80.0,0.0,80.0,79.0,79.0,-1.0,213300,16851300,12,79.7,79,7000,78,10100,5687353997,5687353997,426551550,0,0,0,0,0
2025-06-02,VRNA,Mizuho Leasing Indonesia Tbk.,--UO2100000000G211------------,79.0,0.0,80.0,79.0,80.0,1.0,26000,2060000,18,80.7,80,1400,79,10600,5687353997,5687353997,426551550,0,0,0,0,0
2025-05-28,VRNA,Mizuho Leasing Indonesia Tbk.,--UO2100000000G211------------,80.0,0.0,82.0,79.0,79.0,-1.0,278200,22175800,38,79.7,81,200,80,300,5687353997,5687353997,426551550,0,0,0,0,0
2025-05-27,VRNA,Mizuho Leasing Indonesia Tbk.,--UO2100000000G211------------,80.0,0.0,82.0,80.0,80.0,0.0,126800,10160600,13,80.7,81,2000,80,303200,5687353997,5687353997,426551550,0,0,0,0,0
2025-05-26,VRNA,Mizuho Leasing Indonesia Tbk.,--UO2100000000G211------------,82.0,82.0,82.0,80.0,80.0,-2.0,14800,1188800,15,80.7,82,3100,80,58900,5687353997,5687353997,426551550,0,0,0,0,0
2025-05-23,VRNA,Mizuho Leasing Indonesia Tbk.,--UO2100000000G211------------,80.0,0.0,82.0,81.0,82.0,2.0,5300,430200,13,82.7,82,16100,81,100,5687353997,5687353997,426551550,0,0,0,0,0
2025-05-22,VRNA,Mizuho Leasing Indonesia Tbk.,--UO2100000000G211------------,82.0,0.0,82.0,80.0,80.0,-2.0,158200,12661000,25,80.7,81,7100,80,1500,5687353997,5687353997,426551550,0,4000,0,0,0
2025-05-21,VRNA,Mizuho Leasing Indonesia Tbk.,--UO2100000000G211------------,80.0,0.0,82.0,80.0,82.0,2.0,37000,3005400,20,82.7,82,10100,81,7100,5687353997,5687353997,426551550,0,0,0,0,0
2025-05-20,VRNA,Mizuho Leasing Indonesia Tbk.,--UO2100000000G211------------,84.0,84.0,84.0,80.0,80.0,-4.0,212800,17108700,45,80.7,82,23500,80,27600,5687353997,5687353997,426551550,0,5100,0,0,0
2025-05-19,VRNA,Mizuho Leasing Indonesia Tbk.,--UO2100000000G211------------,84.0,86.0,86.0,81.0,84.0,0.0,150300,12278000,65,84.8,84,39900,81,75900,5687353997,5687353997,426551550,1300,7800,0,0,0
2025-05-16,VRNA,Mizuho Leasing Indonesia Tbk.,--UO2100000000G211------------,80.0,0.0,86.0,80.0,84.0,4.0,1183400,99053200,147,84.8,85,3000,84,80200,5687353997,5687353997,426551550,27100,0,0,0,0
2025-05-15,VRNA,Mizuho Leasing Indonesia Tbk.,--UO2100000000G211------------,80.0,0.0,81.0,79.0,80.0,0.0,5800,464100,10,80.7,80,100,79,51700,5687353997,5687353997,426551550,0,0,0,0,0
2025-05-14,VRNA,Mizuho Leasing Indonesia Tbk.,--UO2100000000G211------------,78.0,80.0,81.0,78.0,80.0,2.0,37600,2978500,24,80.7,81,22300,80,4700,5687353997,5687353997,426551550,0,0,0,0,0
2025-05-09,VRNA,Mizuho Leasing Indonesia Tbk.,--UO2100000000G211------------,78.0,0.0,81.0,78.0,78.0,0.0,79900,6378800,21,78.7,80,6900,78,44600,5687353997,5687353997,426551550,0,0,0,0,0
2025-05-08,VRNA,Mizuho Leasing Indonesia Tbk.,--UO2100000000G211------------,80.0,0.0,80.0,78.0,78.0,-2.0,22400,1767300,9,78.7,80,7500,79,200,5687353997,5687353997,426551550,0,0,0,0,0
2025-05-07,VRNA,Mizuho Leasing Indonesia Tbk.,--UO2100000000G211------------,80.0,0.0,80.0,78.0,80.0,0.0,14100,1114100,10,80.7,81,258300,80,4500,5687353997,5687353997,426551550,0,0,0,0,0
2025-05-06,VRNA,Mizuho Leasing Indonesia Tbk.,--UO2100000000G211------------,78.0,0.0,80.0,78.0,80.0,2.0,15200,1206000,8,80.7,80,3700,79,200,5687353997,5687353997,426551550,0,0,0,0,0
2025-05-05,VRNA,Mizuho Leasing Indonesia Tbk.,--UO2100000000G211------------,78.0,79.0,80.0,78.0,78.0,0.0,21900,1727400,13,78.7,80,9900,78,21100,5687353997,5687353997,426551550,0,0,0,0,0
2025-05-02,VRNA,Mizuho Leasing Indonesia Tbk.,--UO2100000000G211------------,80.0,0.0,80.0,78.0,78.0,-2.0,21400,1677400,12,78.7,81,260300,78,5500,5687353997,5687353997,426551550,0,0,0,0,0
2025-04-30,VRNA,Mizuho Leasing Indonesia Tbk.,--UO2100000000G211------------,80.0,80.0,80.0,80.0,80.0,0.0,9200,736000,9,80.7,81,260200,80,100,5687353997,5687353997,426551550,0,0,0,0,0
2025-04-29,VRNA,Mizuho Leasing Indonesia Tbk.,--UO2100000000G211------------,79.0,0.0,81.0,78.0,80.0,1.0,8800,703800,10,80.7,81,267100,79,10200,5687353997,5687353997,426551550,0,0,0,0,0
2025-04-28,VRNA,Mizuho Leasing Indonesia Tbk.,--UO2100000000G211------------,81.0,0.0,81.0,79.0,79.0,-2.0,29000,2317100,20,79.7,80,2400,79,13400,5687353997,5687353997,426551550,0,1400,0,0,0
2025-04-25,VRNA,Mizuho Leasing Indonesia Tbk.,--UO2100000000G211------------,82.0,82.0,82.0,79.0,81.0,-1.0,11300,897100,13,81.7,81,10400,80,14800,5687353997,5687353997,426551550,0,0,0,0,0
2025-04-24,VRNA,Mizuho Leasing Indonesia Tbk.,--UO2100000000G211------------,78.0,0.0,82.0,80.0,82.0,4.0,21800,1763400,12,82.7,81,100,79,4600,5687353997,5687353997,426551550,0,0,0,0,0
2025-04-23,VRNA,Mizuho Leasing Indonesia Tbk.,--UO2100000000G211------------,76.0,0.0,79.0,77.0,78.0,2.0,58200,4532600,14,78.7,79,6000,78,1800,5687353997,5687353997,426551550,0,0,0,0,0
2025-04-22,VRNA,Mizuho Leasing Indonesia Tbk.,--UO2100000000G211------------,76.0,0.0,76.0,76.0,76.0,0.0,4000,304000,5,76.7,77,10200,76,100,5687353997,5687353997,426551550,0,0,0,0,0
2025-04-21,VRNA,Mizuho Leasing Indonesia Tbk.,--UO2100000000G211------------,76.0,0.0,77.0,75.0,76.0,0.0,63400,4773500,14,76.7,77,10400,76,146900,5687353997,5687353997,426551550,0,3100,0,0,0
2025-04-17,VRNA,Mizuho Leasing Indonesia Tbk.,--UO2100000000G211------------,79.0,79.0,79.0,76.0,76.0,-3.0,26900,2064700,6,76.7,78,13400,76,162000,5687353997,5687353997,426551550,0,0,0,0,0
2025-04-16,VRNA,Mizuho Leasing Indonesia Tbk.,--UO2100000000G211------------,79.0,0.0,79.0,75.0,79.0,0.0,49600,3768400,16,79.7,79,13900,76,72300,5687353997,5687353997,426551550,0,0,0,0,0
2025-04-15,VRNA,Mizuho Leasing Indonesia Tbk.,--UO2100000000G211------------,78.0,0.0,79.0,76.0,79.0,1.0,52300,4011100,15,79.7,79,10800,76,7200,5687353997,5687353997,426551550,0,0,0,0,0
2025-04-14,VRNA,Mizuho Leasing Indonesia Tbk.,--UO2100000000G211------------,82.0,82.0,82.0,78.0,78.0,-4.0,8300,664400,17,78.7,80,4000,79,10000,5687353997,5687353997,426551550,4700,0,0,0,0
2025-04-11,VRNA,Mizuho Leasing Indonesia Tbk.,--UO2100000000G211------------,82.0,0.0,82.0,75.0,82.0,0.0,14200,1107100,24,82.7,82,15700,77,12500,5687353997,5687353997,426551550,0,4900,0,0,0
2025-04-10,VRNA,Mizuho Leasing Indonesia Tbk.,--UO2100000000G211------------,77.0,0.0,88.0,73.0,82.0,5.0,642100,51840100,208,82.7,82,4500,75,4400,5687353997,5687353997,426551550,23000,22200,0,0,0
2025-04-09,VRNA,Mizuho Leasing Indonesia Tbk.,--UO2100000000G211------------,78.0,0.0,77.0,72.0,77.0,-1.0,600,43900,4,77.7,77,30000,73,1000,5687353997,5687353997,426551550,0,0,0,0,0
2025-04-08,VRNA,Mizuho Leasing Indonesia Tbk.,--UO2100000000G211------------,81.0,76.0,79.0,69.0,78.0,-3.0,118800,8405000,28,78.7,78,29900,70,23300,5687353997,5687353997,426551550,0,0,0,0,0
2025-03-27,VRNA,Mizuho Leasing Indonesia Tbk.,--UO2100000000G211------------,81.0,0.0,81.0,76.0,81.0,0.0,71200,5714000,19,81.7,82,10000,79,1100,5687353997,5687353997,426551550,0,0,0,0,0
2025-03-26,VRNA,Mizuho Leasing Indonesia Tbk.,--UO2100000000G211------------,78.0,0.0,81.0,73.0,81.0,3.0,114700,8640800,21,81.7,82,11000,80,2000,5687353997,5687353997,426551550,100,0,0,0,0
2025-03-25,VRNA,Mizuho Leasing Indonesia Tbk.,--UO2100000000G211------------,78.0,0.0,83.0,68.0,78.0,0.0,731500,57391800,57,78.7,81,500,78,11000,5687353997,5687353997,426551550,700,0,0,0,0
2025-03-24,VRNA,Mizuho Leasing Indonesia Tbk.,--UO2100000000G211------------,79.0,0.0,79.0,78.0,78.0,-1.0,19300,1512200,8,78.7,79,35800,78,12400,5687353997,5687353997,426551550,0,0,0,0,0
2025-03-21,VRNA,Mizuho Leasing Indonesia Tbk.,--UO2100000000G211------------,80.0,0.0,79.0,76.0,79.0,-1.0,700,55000,2,79.7,80,3000,79,15400,5687353997,5687353997,426551550,0,0,0,0,0
2025-03-20,VRNA,Mizuho Leasing Indonesia Tbk.,--UO2100000000G211------------,83.0,0.0,81.0,80.0,80.0,-3.0,15200,1221100,8,80.7,81,2900,79,15000,5687353997,5687353997,426551550,0,0,0,0,0
2025-03-19,VRNA,Mizuho Leasing Indonesia Tbk.,--UO2100000000G211------------,80.0,0.0,83.0,79.0,83.0,3.0,48500,3952500,14,83.7,83,323400,81,20000,5687353997,5687353997,426551550,100,0,0,0,0
2025-03-18,VRNA,Mizuho Leasing Indonesia Tbk.,--UO2100000000G211------------,78.0,0.0,83.0,78.0,80.0,2.0,59500,4819200,29,80.7,83,262500,80,13600,5687353997,5687353997,426551550,300,0,0,0,0
2025-03-17,VRNA,Mizuho Leasing Indonesia Tbk.,--UO2100000000G211------------,81.0,0.0,81.0,74.0,78.0,-3.0,244400,19463200,23,78.7,81,15400,78,100,5687353997,5687353997,426551550,0,0,0,0,0
2025-03-14,VRNA,Mizuho Leasing Indonesia Tbk.,--UO2100000000G211------------,81.0,0.0,81.0,81.0,81.0,0.0,9100,737100,2,81.7,82,274500,80,100,5687353997,5687353997,426551550,0,0,0,0,0
2025-03-13,VRNA,Mizuho Leasing Indonesia Tbk.,--UO2100000000G211------------,79.0,0.0,81.0,80.0,81.0,2.0,236400,19109200,9,81.7,82,10000,80,100500,5687353997,5687353997,426551550,0,0,0,0,0
2025-03-12,VRNA,Mizuho Leasing Indonesia Tbk.,--UO2100000000G211------------,80.0,81.0,81.0,79.0,79.0,-1.0,230600,18235100,21,79.7,82,43500,79,237800,5687353997,5687353997,426551550,0,0,0,0,0
2025-03-11,VRNA,Mizuho Leasing Indonesia Tbk.,--UO2100000000G211------------,81.0,0.0,81.0,80.0,80.0,-1.0,376800,30144400,11,80.7,81,9600,80,5100,5687353997,5687353997,426551550,0,0,0,0,0
2025-03-10,VRNA,Mizuho Leasing Indonesia Tbk.,--UO2100000000G211------------,82.0,82.0,82.0,81.0,81.0,-1.0,700,56900,3,81.7,82,9800,81,400,5687353997,5687353997,426551550,0,0,0,0,0
2025-03-07,VRNA,Mizuho Leasing Indonesia Tbk.,--UO2100000000G211------------,80.0,0.0,82.0,80.0,82.0,2.0,60900,4872800,6,82.7,82,9900,81,700,5687353997,5687353997,426551550,0,0,0,0,0
2025-03-06,VRNA,Mizuho Leasing Indonesia Tbk.,--UO2100000000G211------------,80.0,0.0,80.0,80.0,80.0,0.0,65800,5264000,3,80.7,81,500,80,434000,5687353997,5687353997,426551550,0,0,0,0,0
2025-03-05,VRNA,Mizuho Leasing Indonesia Tbk.,--UO2100000000G211------------,80.0,0.0,80.0,80.0,80.0,0.0,700,56000,1,80.7,81,25500,80,492000,5687353997,5687353997,426551550,0,0,0,0,0
2025-03-04,VRNA,Mizuho Leasing Indonesia Tbk.,--UO2100000000G211------------,81.0,0.0,82.0,80.0,80.0,-1.0,10000,802000,4,80.7,82,9500,80,494900,5687353997,5687353997,426551550,0,0,0,0,0
2025-03-03,VRNA,Mizuho Leasing Indonesia Tbk.,--UO2100000000G211------------,80.0,0.0,81.0,81.0,81.0,1.0,26000,2106000,4,81.7,82,10000,80,493500,5687353997,5687353997,426551550,0,0,0,0,0
2025-02-28,VRNA,Mizuho Leasing Indonesia Tbk.,--UO2100000000G211------------,81.0,0.0,81.0,80.0,80.0,-1.0,84700,6776100,9,80.7,81,100,80,491600,5687353997,5687353997,426551550,0,0,0,0,0
2025-02-27,VRNA,Mizuho Leasing Indonesia Tbk.,--UO2100000000G211------------,82.0,0.0,82.0,81.0,81.0,-1.0,224800,18219900,15,81.7,82,9000,81,609700,5687353997,5687353997,426551550,0,0,0,0,0
2025-02-26,VRNA,Mizuho Leasing Indonesia Tbk.,--UO2100000000G211------------,81.0,0.0,83.0,82.0,82.0,1.0,27600,2265300,9,82.7,82,500,81,12200,5687353997,5687353997,426551550,0,0,0,0,0
2025-02-25,VRNA,Mizuho Leasing Indonesia Tbk.,--UO2100000000G211------------,82.0,0.0,81.0,81.0,81.0,-1.0,7700,623700,4,81.7,83,10500,81,12900,5687353997,5687353997,426551550,0,0,0,0,0
2025-02-24,VRNA,Mizuho Leasing Indonesia Tbk.,--UO2100000000G211------------,82.0,0.0,82.0,81.0,82.0,0.0,6600,541100,4,82.7,82,3500,81,64700,5687353997,5687353997,426551550,0,0,0,0,0
2025-02-21,VRNA,Mizuho Leasing Indonesia Tbk.,--UO2100000000G211------------,82.0,0.0,82.0,81.0,82.0,0.0,26500,2151500,6,82.7,83,15800,82,5000,5687353997,5687353997,426551550,0,0,0,0,0
2025-02-20,VRNA,Mizuho Leasing Indonesia Tbk.,--UO2100000000G211------------,82.0,0.0,82.0,82.0,82.0,0.0,10000,820000,1,82.7,82,19100,81,38800,5687353997,5687353997,426551550,0,0,0,0,0
2025-02-19,VRNA,Mizuho Leasing Indonesia Tbk.,--UO2100000000G211------------,82.0,0.0,83.0,82.0,82.0,0.0,12800,1059600,9,82.7,82,19000,81,37300,5687353997,5687353997,426551550,0,0,0,0,0
2025-02-18,VRNA,Mizuho Leasing Indonesia Tbk.,--UO2100000000G211------------,81.0,81.0,82.0,81.0,82.0,1.0,14700,1193500,4,82.7,82,10000,81,103500,5687353997,5687353997,426551550,0,0,0,0,0
2025-02-17,VRNA,Mizuho Leasing Indonesia Tbk.,--UO2100000000G211------------,81.0,0.0,82.0,81.0,81.0,0.0,31600,2560500,8,81.7,82,5300,81,4600,5687353997,5687353997,426551550,0,2300,0,0,0
2025-02-14,VRNA,Mizuho Leasing Indonesia Tbk.,--UO2100000000G211------------,82.0,0.0,83.0,81.0,81.0,-1.0,3700,299900,5,81.7,83,10700,81,21500,5687353997,5687353997,426551550,0,0,0,0,0
2025-02-13,VRNA,Mizuho Leasing Indonesia Tbk.,--UO2100000000G211------------,82.0,0.0,82.0,80.0,82.0,0.0,24500,1979500,14,82.7,82,3700,80,583900,5687353997,5687353997,426551550,0,0,0,0,0
2025-02-12,VRNA,Mizuho Leasing Indonesia Tbk.,--UO2100000000G211------------,84.0,83.0,83.0,81.0,82.0,-2.0,39600,3222800,19,82.7,82,4700,81,24800,5687353997,5687353997,426551550,0,10700,0,0,0
2025-02-11,VRNA,Mizuho Leasing Indonesia Tbk.,--UO2100000000G211------------,83.0,0.0,84.0,81.0,84.0,1.0,600,49800,5,84.8,83,20100,81,25300,5687353997,5687353997,426551550,0,0,0,0,0
2025-02-10,VRNA,Mizuho Leasing Indonesia Tbk.,--UO2100000000G211------------,82.0,83.0,84.0,83.0,83.0,1.0,25400,2111600,11,83.7,84,25000,83,900,5687353997,5687353997,426551550,0,0,0,0,0
2025-02-07,VRNA,Mizuho Leasing Indonesia Tbk.,--UO2100000000G211------------,80.0,0.0,83.0,81.0,82.0,2.0,24400,2000300,17,82.7,83,10000,82,1700,5687353997,5687353997,426551550,0,0,0,0,0
2025-02-06,VRNA,Mizuho Leasing Indonesia Tbk.,--UO2100000000G211------------,80.0,0.0,82.0,80.0,80.0,0.0,107300,8659700,23,80.7,82,12100,80,578300,5687353997,5687353997,426551550,0,6600,0,0,0
2025-02-05,VRNA,Mizuho Leasing Indonesia Tbk.,--UO2100000000G211------------,83.0,0.0,84.0,80.0,80.0,-3.0,45600,3711900,11,80.7,84,14100,81,137300,5687353997,5687353997,426551550,0,4800,0,0,0
2025-02-04,VRNA,Mizuho Leasing Indonesia Tbk.,--UO2100000000G211------------,84.0,0.0,84.0,83.0,83.0,-1.0,28400,2368000,11,83.7,83,87300,82,17400,5687353997,5687353997,426551550,0,0,0,0,0
2025-02-03,VRNA,Mizuho Leasing Indonesia Tbk.,--UO2100000000G211------------,84.0,0.0,84.0,83.0,84.0,0.0,3200,266900,11,84.8,84,12200,83,5800,5687353997,5687353997,426551550,0,0,0,0,0
2025-01-31,VRNA,Mizuho Leasing Indonesia Tbk.,--UO2100000000G211------------,83.0,84.0,84.0,84.0,84.0,1.0,16700,1402800,12,84.8,85,28000,83,1900,5687353997,5687353997,426551550,0,0,0,0,0
2025-01-30,VRNA,Mizuho Leasing Indonesia Tbk.,--UO2100000000G211------------,83.0,0.0,84.0,83.0,83.0,0.0,19100,1603400,8,83.7,84,23700,83,600,5687353997,5687353997,426551550,0,0,0,0,0
2025-01-24,VRNA,Mizuho Leasing Indonesia Tbk.,--UO2100000000G211------------,84.0,0.0,84.0,83.0,83.0,-1.0,21200,1763900,15,83.7,84,16800,82,11000,5687353997,5687353997,426551550,0,0,0,0,0
2025-01-23,VRNA,Mizuho Leasing Indonesia Tbk.,--UO2100000000G211------------,83.0,0.0,85.0,83.0,84.0,1.0,27400,2298700,12,84.8,84,6300,83,10700,5687353997,5687353997,426551550,0,0,0,0,0
2025-01-22,VRNA,Mizuho Leasing Indonesia Tbk.,--UO2100000000G211------------,85.0,0.0,85.0,80.0,83.0,-2.0,220000,17855700,43,83.7,84,2600,83,7800,5687353997,5687353997,426551550,0,0,0,0,0
2025-01-21,VRNA,Mizuho Leasing Indonesia Tbk.,--UO2100000000G211------------,85.0,0.0,89.0,83.0,85.0,0.0,2197700,189037000,63,85.8,85,5900,84,10000,5687353997,5687353997,426551550,7200,7200,0,0,0
2025-01-20,VRNA,Mizuho Leasing Indonesia Tbk.,--UO2100000000G211------------,85.0,0.0,93.0,80.0,85.0,0.0,775500,67074800,80,85.8,85,12100,84,1600,5687353997,5687353997,426551550,13700,0,0,0,0
2025-01-17,VRNA,Mizuho Leasing Indonesia Tbk.,--UO2100000000G211------------,85.0,0.0,86.0,85.0,85.0,0.0,15100,1283600,11,85.8,85,13300,84,7000,5687353997,5687353997,426551550,0,0,0,0,0
2025-01-16,VRNA,Mizuho Leasing Indonesia Tbk.,--UO2100000000G211------------,85.0,85.0,85.0,84.0,85.0,0.0,19700,1664900,23,85.8,85,195300,84,2400,5687353997,5687353997,426551550,0,0,0,0,0
2025-01-15,VRNA,Mizuho Leasing Indonesia Tbk.,--UO2100000000G211------------,86.0,0.0,87.0,80.0,85.0,-1.0,1039600,87352300,59,85.8,85,64700,84,5200,5687353997,5687353997,426551550,0,4900,0,0,0
2025-01-14,VRNA,Mizuho Leasing Indonesia Tbk.,--UO2100000000G211------------,86.0,0.0,87.0,86.0,86.0,0.0,13800,1192300,16,86.8,87,28300,86,44000,5687353997,5687353997,426551550,0,0,0,0,0
2025-01-13,VRNA,Mizuho Leasing Indonesia Tbk.,--UO2100000000G211------------,86.0,0.0,93.0,86.0,86.0,0.0,2439000,215070900,72,86.8,87,25300,86,44900,5687353997,5687353997,426551550,61200,52900,0,0,0
2025-01-10,VRNA,Mizuho Leasing Indonesia Tbk.,--UO2100000000G211------------,87.0,0.0,87.0,85.0,86.0,-1.0,33400,2874600,10,86.8,87,23300,86,15100,5687353997,5687353997,426551550,0,0,0,0,0
2025-01-09,VRNA,Mizuho Leasing Indonesia Tbk.,--UO2100000000G211------------,87.0,0.0,87.0,86.0,87.0,0.0,36100,3109100,11,87.8,87,29100,86,300,5687353997,5687353997,426551550,0,0,0,0,0
2025-01-08,VRNA,Mizuho Leasing Indonesia Tbk.,--UO2100000000G211------------,88.0,0.0,87.0,87.0,87.0,-1.0,1300,113100,2,87.8,87,7200,86,22500,5687353997,5687353997,426551550,0,0,0,0,0
2025-01-07,VRNA,Mizuho Leasing Indonesia Tbk.,--UO2100000000G211------------,87.0,0.0,88.0,85.0,88.0,1.0,74800,6411600,14,88.8,88,38500,86,200,5687353997,5687353997,426551550,0,0,0,0,0
2025-01-06,VRNA,Mizuho Leasing Indonesia Tbk.,--UO2100000000G211------------,88.0,0.0,88.0,85.0,87.0,-1.0,47700,4122900,11,87.8,88,82900,87,1600,5687353997,5687353997,426551550,0,0,0,0,0
2025-01-03,VRNA,Mizuho Leasing Indonesia Tbk.,--UO2100000000G211------------,86.0,0.0,88.0,86.0,88.0,2.0,133700,11543900,41,88.8,87,10000,86,200,5687353997,5687353997,426551550,0,17100,0,0,0
2025-01-02,VRNA,Mizuho Leasing Indonesia Tbk.,--UO2100000000G211------------,88.0,0.0,97.0,86.0,86.0,-2.0,1495300,136407100,361,86.8,88,16000,86,154000,5687353997,5687353997,426551550,107800,0,0,0,0
2024-12-30,VRNA,Mizuho Leasing Indonesia Tbk.,--UO2100000000G211------------,90.0,90.0,90.0,85.0,88.0,-2.0,116100,9898600,33,88.8,87,20000,85,537300,5687353997,5687353997,426551550,0,0,0,0,0
2024-12-27,VRNA,Mizuho Leasing Indonesia Tbk.,--UO2100000000G211------------,88.0,0.0,90.0,88.0,90.0,2.0,16100,1417300,11,90.8,89,5000,86,200,5687353997,5687353997,426551550,5600,0,0,0,0
2024-12-24,VRNA,Mizuho Leasing Indonesia Tbk.,--UO2100000000G211------------,88.0,0.0,88.0,88.0,88.0,0.0,100,8800,1,88.8,88,40300,86,800,5687353997,5687353997,426551550,0,0,0,0,0
2024-12-23,VRNA,Mizuho Leasing Indonesia Tbk.,--UO2100000000G211------------,86.0,0.0,88.0,85.0,88.0,2.0,1800,154900,7,88.8,88,48900,86,400,5687353997,5687353997,426551550,0,0,0,0,0
2024-12-20,VRNA,Mizuho Leasing Indonesia Tbk.,--UO2100000000G211------------,87.0,0.0,89.0,85.0,86.0,-1.0,49900,4298100,21,86.8,87,1000,86,1000,5687353997,5687353997,426551550,0,0,0,0,0
2024-12-19,VRNA,Mizuho Leasing Indonesia Tbk.,--UO2100000000G211------------,90.0,0.0,89.0,87.0,87.0,-3.0,11700,1018200,7,87.8,88,2000,86,13500,5687353997,5687353997,426551550,0,0,0,0,0
2024-12-18,VRNA,Mizuho Leasing Indonesia Tbk.,--UO2100000000G211------------,88.0,0.0,90.0,87.0,90.0,2.0,3300,289600,10,90.8,90,9000,86,10500,5687353997,5687353997,426551550,0,0,0,0,0
2024-12-17,VRNA,Mizuho Leasing Indonesia Tbk.,--UO2100000000G211------------,90.0,0.0,90.0,88.0,88.0,-2.0,13500,1188200,10,88.8,89,2000,88,4200,5687353997,5687353997,426551550,0,0,0,0,0
2024-12-16,VRNA,Mizuho Leasing Indonesia Tbk.,--UO2100000000G211------------,90.0,90.0,90.0,88.0,90.0,0.0,1800,159200,8,90.8,90,17700,88,1700,5687353997,5687353997,426551550,0,0,0,0,0
2024-12-13,VRNA,Mizuho Leasing Indonesia Tbk.,--UO2100000000G211------------,90.0,0.0,90.0,86.0,90.0,0.0,107700,9416900,9,90.8,90,12800,86,57800,5687353997,5687353997,426551550,0,0,0,0,0
2024-12-12,VRNA,Mizuho Leasing Indonesia Tbk.,--UO2100000000G211------------,89.0,91.0,91.0,88.0,90.0,1.0,10000,885400,11,90.8,90,12200,88,118400,5687353997,5687353997,426551550,0,0,0,0,0
2024-12-11,VRNA,Mizuho Leasing Indonesia Tbk.,--UO2100000000G211------------,90.0,0.0,90.0,89.0,89.0,-1.0,50500,4494900,11,89.8,90,11600,88,116000,5687353997,5687353997,426551550,0,0,0,0,0
2024-12-10,VRNA,Mizuho Leasing Indonesia Tbk.,--UO2100000000G211------------,89.0,0.0,90.0,88.0,90.0,1.0,6200,552300,10,90.8,89,2500,88,59500,5687353997,5687353997,426551550,0,0,0,0,0
2024-12-09,VRNA,Mizuho Leasing Indonesia Tbk.,--UO2100000000G211------------,91.0,0.0,91.0,88.0,89.0,-2.0,30300,2730300,15,89.8,91,2200,88,1300,5687353997,5687353997,426551550,2600,0,0,0,0
2024-12-06,VRNA,Mizuho Leasing Indonesia Tbk.,--U-2100000000G211------------,90.0,0.0,91.0,87.0,91.0,1.0,52800,4666400,36,91.8,91,3100,87,32100,5687353997,5687353997,426551550,0,0,0,0,0
2024-12-05,VRNA,Mizuho Leasing Indonesia Tbk.,--U-2100000000G211------------,89.0,0.0,91.0,89.0,90.0,1.0,159200,14332400,40,90.8,91,15500,88,300,5687353997,5687353997,426551550,0,0,0,0,0
2024-12-04,VRNA,Mizuho Leasing Indonesia Tbk.,--U-2100000000G211------------,88.0,0.0,89.0,87.0,89.0,1.0,9800,860800,16,89.8,89,9200,87,10000,5687353997,5687353997,426551550,0,0,0,0,0
2024-12-03,VRNA,Mizuho Leasing Indonesia Tbk.,--U-2100000000G211------------,86.0,0.0,88.0,86.0,88.0,2.0,65200,5628200,29,88.8,89,10500,88,2100,5687353997,5687353997,426551550,0,0,0,0,0
2024-12-02,VRNA,Mizuho Leasing Indonesia Tbk.,--U-2100000000G211------------,87.0,0.0,87.0,86.0,86.0,-1.0,10400,894700,6,86.8,87,11200,86,3000,5687353997,5687353997,426551550,0,0,0,0,0
2024-11-29,VRNA,Mizuho Leasing Indonesia Tbk.,--U-2100000000G211------------,87.0,0.0,87.0,86.0,87.0,0.0,13900,1195800,22,87.8,86,10000,85,608800,5687353997,5687353997,426551550,0,0,0,0,0
2024-11-28,VRNA,Mizuho Leasing Indonesia Tbk.,--U-2100000000G211------------,88.0,0.0,89.0,85.0,87.0,-1.0,108200,9299000,24,87.8,88,19400,85,614000,5687353997,5687353997,426551550,0,0,0,0,0
2024-11-26,VRNA,Mizuho Leasing Indonesia Tbk.,--U-2100000000G211------------,88.0,0.0,88.0,87.0,88.0,0.0,14100,1232200,5,88.8,88,23600,87,14000,5687353997,5687353997,426551550,0,0,0,0,0
2024-11-25,VRNA,Mizuho Leasing Indonesia Tbk.,--U-2100000000G211------------,89.0,0.0,89.0,88.0,88.0,-1.0,1600,142300,4,88.8,89,10600,87,4800,5687353997,5687353997,426551550,0,0,0,0,0
2024-11-22,VRNA,Mizuho Leasing Indonesia Tbk.,--U-2100000000G211------------,89.0,0.0,89.0,89.0,89.0,0.0,400,35600,4,89.8,89,10200,87,2000,5687353997,5687353997,426551550,0,0,0,0,0
2024-11-21,VRNA,Mizuho Leasing Indonesia Tbk.,--U-2100000000G211------------,89.0,0.0,90.0,87.0,89.0,0.0,104700,9143300,32,89.8,88,10000,87,100,5687353997,5687353997,426551550,0,0,0,0,0
2024-11-20,VRNA,Mizuho Leasing Indonesia Tbk.,--U-2100000000G211------------,87.0,0.0,90.0,86.0,89.0,2.0,58500,5066200,20,89.8,89,43300,86,28100,5687353997,5687353997,426551550,0,0,0,0,0
2024-11-19,VRNA,Mizuho Leasing Indonesia Tbk.,--U-2100000000G211------------,90.0,0.0,89.0,87.0,87.0,-3.0,75800,6657200,28,87.8,88,14900,87,11400,5687353997,5687353997,426551550,0,0,0,0,0
2024-11-18,VRNA,Mizuho Leasing Indonesia Tbk.,--U-2100000000G211------------,88.0,0.0,90.0,86.0,90.0,2.0,159500,13900100,13,90.8,89,24000,86,73600,5687353997,5687353997,426551550,0,63300,0,0,0
2024-11-15,VRNA,Mizuho Leasing Indonesia Tbk.,--U-2100000000G211------------,88.0,0.0,89.0,88.0,88.0,0.0,38000,3347300,15,88.8,89,39700,88,33400,5687353997,5687353997,426551550,0,0,0,0,0
2024-11-14,VRNA,Mizuho Leasing Indonesia Tbk.,--U-2100000000G211------------,89.0,0.0,90.0,88.0,88.0,-1.0,17500,1543800,13,88.8,89,24000,88,40400,5687353997,5687353997,426551550,0,0,0,0,0
2024-11-13,VRNA,Mizuho Leasing Indonesia Tbk.,--U-2100000000G211------------,88.0,0.0,90.0,88.0,89.0,1.0,11700,1030400,7,89.8,89,2300,88,44400,5687353997,5687353997,426551550,0,0,0,0,0
2024-11-12,VRNA,Mizuho Leasing Indonesia Tbk.,--U-2100000000G211------------,89.0,0.0,89.0,88.0,88.0,-1.0,100800,8872000,18,88.8,89,2000,88,10700,5687353997,5687353997,426551550,0,29400,0,0,0
2024-11-11,VRNA,Mizuho Leasing Indonesia Tbk.,--U-2100000000G211------------,91.0,0.0,93.0,89.0,89.0,-2.0,143200,12947200,34,89.8,89,21500,88,33000,5687353997,5687353997,426551550,39500,0,0,0,0
2024-11-08,VRNA,Mizuho Leasing Indonesia Tbk.,--U-2100000000G211------------,90.0,0.0,96.0,86.0,91.0,1.0,330100,30855800,76,91.8,92,2300,91,5600,5687353997,5687353997,426551550,21900,0,0,0,0
2024-11-07,VRNA,Mizuho Leasing Indonesia Tbk.,--U-2100000000G211------------,87.0,0.0,90.0,87.0,90.0,3.0,4800,422700,16,90.8,90,54700,87,18800,5687353997,5687353997,426551550,0,0,0,0,0
2024-11-06,VRNA,Mizuho Leasing Indonesia Tbk.,--U-2100000000G211------------,89.0,0.0,90.0,87.0,87.0,-2.0,25400,2212700,9,87.8,88,400,87,12400,5687353997,5687353997,426551550,0,0,0,0,0
2024-11-05,VRNA,Mizuho Leasing Indonesia Tbk.,--U-2100000000G211------------,89.0,0.0,90.0,88.0,89.0,0.0,16300,1439200,29,89.8,89,8500,87,4500,5687353997,5687353997,426551550,0,0,0,0,0
2024-11-04,VRNA,Mizuho Leasing Indonesia Tbk.,--U-2100000000G211------------,89.0,0.0,91.0,88.0,89.0,0.0,56500,4986900,40,89.8,89,10300,88,20500,5687353997,5687353997,426551550,0,5000,0,0,0
2024-11-01,VRNA,Mizuho Leasing Indonesia Tbk.,--U-2100000000G211------------,90.0,0.0,97.0,89.0,89.0,-1.0,717600,66798800,214,89.8,89,15500,88,54700,5687353997,5687353997,426551550,93300,61500,0,0,0
2024-10-31,VRNA,Mizuho Leasing Indonesia Tbk.,--U-2100000000G211------------,92.0,0.0,99.0,87.0,90.0,-2.0,1129100,101826800,220,90.8,90,78200,89,2000,5687353997,5687353997,426551550,50200,8500,0,0,0
2024-10-30,VRNA,Mizuho Leasing Indonesia Tbk.,--U-2100000000G211------------,90.0,0.0,96.0,89.0,92.0,2.0,670700,61650100,112,92.8,93,94900,92,338200,5687353997,5687353997,426551550,10000,14700,0,0,0
2024-10-29,VRNA,Mizuho Leasing Indonesia Tbk.,--U-2100000000G211------------,90.0,0.0,91.0,90.0,90.0,0.0,4000,360500,7,90.8,90,16500,89,53000,5687353997,5687353997,426551550,0,0,0,0,0
2024-10-28,VRNA,Mizuho Leasing Indonesia Tbk.,--U-2100000000G211------------,91.0,0.0,91.0,89.0,90.0,-1.0,8600,769500,10,90.8,91,9900,89,52400,5687353997,5687353997,426551550,0,0,0,0,0
2024-10-25,VRNA,Mizuho Leasing Indonesia Tbk.,--U-2100000000G211------------,91.0,0.0,92.0,89.0,91.0,0.0,185500,16535200,19,91.8,90,10000,89,74600,5687353997,5687353997,426551550,0,0,0,0,0
2024-10-24,VRNA,Mizuho Leasing Indonesia Tbk.,--U-2100000000G211------------,91.0,0.0,93.0,90.0,91.0,0.0,110700,10040600,30,91.8,91,22300,90,45000,5687353997,5687353997,426551550,0,21500,0,0,0
2024-10-23,VRNA,Mizuho Leasing Indonesia Tbk.,--U-2100000000G211------------,90.0,0.0,92.0,90.0,91.0,1.0,61600,5600400,27,91.8,92,3900,90,2800,5687353997,5687353997,426551550,0,0,0,0,0
2024-10-22,VRNA,Mizuho Leasing Indonesia Tbk.,--U-2100000000G211------------,90.0,0.0,91.0,90.0,90.0,0.0,46900,4225300,17,90.8,91,5700,90,2600,5687353997,5687353997,426551550,0,0,0,0,0
2024-10-21,VRNA,Mizuho Leasing Indonesia Tbk.,--U-2100000000G211------------,91.0,0.0,91.0,90.0,90.0,-1.0,84600,7614800,15,90.8,91,12200,90,5300,5687353997,5687353997,426551550,0,0,0,0,0
2024-10-18,VRNA,Mizuho Leasing Indonesia Tbk.,--U-2100000000G211------------,90.0,0.0,93.0,90.0,91.0,1.0,123900,11265700,28,91.8,93,75700,89,206000,5687353997,5687353997,426551550,10200,0,0,0,0
2024-10-17,VRNA,Mizuho Leasing Indonesia Tbk.,--U-2100000000G211------------,91.0,0.0,90.0,89.0,90.0,-1.0,135200,12162100,22,90.8,90,1200,89,62200,5687353997,5687353997,426551550,0,0,0,0,0
2024-10-16,VRNA,Mizuho Leasing Indonesia Tbk.,--U-2100000000G211------------,90.0,0.0,91.0,89.0,91.0,1.0,61400,5472300,12,91.8,91,17000,89,21900,5687353997,5687353997,426551550,0,0,0,0,0
2024-10-15,VRNA,Mizuho Leasing Indonesia Tbk.,--U-2100000000G211------------,89.0,0.0,90.0,89.0,90.0,1.0,201400,17926200,29,90.8,90,5500,89,100,5687353997,5687353997,426551550,0,25000,0,0,0
2024-10-14,VRNA,Mizuho Leasing Indonesia Tbk.,--U-2100000000G211------------,91.0,0.0,91.0,89.0,89.0,-2.0,162900,14632700,25,89.8,90,56000,89,60200,5687353997,5687353997,426551550,0,43200,0,0,0
2024-10-11,VRNA,Mizuho Leasing Indonesia Tbk.,--U-2100000000G211------------,90.0,0.0,91.0,91.0,91.0,1.0,5300,482300,7,91.8,91,9500,90,6100,5687353997,5687353997,426551550,0,0,0,0,0
2024-10-10,VRNA,Mizuho Leasing Indonesia Tbk.,--U-2100000000G211------------,90.0,0.0,91.0,90.0,90.0,0.0,146900,13221100,14,90.8,91,10100,89,91100,5687353997,5687353997,426551550,0,0,0,0,0
2024-10-09,VRNA,Mizuho Leasing Indonesia Tbk.,--U-2100000000G211------------,91.0,0.0,92.0,90.0,90.0,-1.0,114000,10334900,17,90.8,91,49800,90,25700,5687353997,5687353997,426551550,0,0,0,0,0
2024-10-08,VRNA,Mizuho Leasing Indonesia Tbk.,--U-2100000000G211------------,91.0,0.0,92.0,91.0,91.0,0.0,87700,7980800,16,91.8,92,51100,90,6100,5687353997,5687353997,426551550,9500,0,0,0,0
2024-10-07,VRNA,Mizuho Leasing Indonesia Tbk.,--U-2100000000G211------------,90.0,0.0,92.0,90.0,91.0,1.0,32700,2975700,4,91.8,91,15300,90,3900,5687353997,5687353997,426551550,0,0,0,0,0
2024-10-04,VRNA,Mizuho Leasing Indonesia Tbk.,--U-2100000000G211------------,91.0,0.0,92.0,89.0,90.0,-1.0,5200,468200,4,90.8,91,4900,90,8800,5687353997,5687353997,426551550,0,0,0,0,0
2024-10-03,VRNA,Mizuho Leasing Indonesia Tbk.,--U-2100000000G211------------,90.0,0.0,91.0,89.0,91.0,1.0,224200,20122600,25,91.8,91,54100,90,50000,5687353997,5687353997,426551550,0,0,0,0,0
2024-10-02,VRNA,Mizuho Leasing Indonesia Tbk.,--U-2100000000G211------------,91.0,0.0,92.0,89.0,90.0,-1.0,81200,7301900,29,90.8,90,160900,89,60100,5687353997,5687353997,426551550,0,0,0,0,0
2024-10-01,VRNA,Mizuho Leasing Indonesia Tbk.,--U-2100000000G211------------,91.0,0.0,92.0,91.0,91.0,0.0,14100,1287800,23,91.8,91,53800,90,18800,5687353997,5687353997,426551550,0,0,0,0,0
2024-09-30,VRNA,Mizuho Leasing Indonesia Tbk.,--U-2100000000G211------------,93.0,0.0,93.0,90.0,91.0,-2.0,262300,23676700,25,91.8,91,500,90,3600,5687353997,5687353997,426551550,0,23000,0,0,0
2024-09-27,VRNA,Mizuho Leasing Indonesia Tbk.,--U-2100000000G211------------,94.0,0.0,94.0,91.0,93.0,-1.0,223000,20355500,23,93.8,93,4800,91,62800,5687353997,5687353997,426551550,0,11000,0,0,0
2024-09-26,VRNA,Mizuho Leasing Indonesia Tbk.,--U-2100000000G211------------,94.0,0.0,94.0,91.0,94.0,0.0,83900,7703300,22,94.8,93,100,91,34000,5687353997,5687353997,426551550,0,0,0,0,0
2024-09-25,VRNA,Mizuho Leasing Indonesia Tbk.,--U-2100000000G211------------,93.0,0.0,94.0,92.0,94.0,1.0,75200,6931800,26,94.8,94,47300,91,12500,5687353997,5687353997,426551550,0,17900,0,0,0
2024-09-24,VRNA,Mizuho Leasing Indonesia Tbk.,--U-2100000000G211------------,92.0,0.0,94.0,90.0,93.0,1.0,54900,5038500,17,93.8,93,300,91,22500,5687353997,5687353997,426551550,0,0,0,0,0
2024-09-23,VRNA,Mizuho Leasing Indonesia Tbk.,--U-2100000000G211------------,91.0,0.0,93.0,90.0,92.0,1.0,62200,5751400,23,92.8,93,100,92,10000,5687353997,5687353997,426551550,0,0,0,0,0
2024-09-20,VRNA,Mizuho Leasing Indonesia Tbk.,--U-2100000000G211------------,91.0,0.0,94.0,91.0,91.0,0.0,24100,2194000,8,91.8,91,3600,90,79500,5687353997,5687353997,426551550,0,0,0,0,0
2024-09-19,VRNA,Mizuho Leasing Indonesia Tbk.,--U-2100000000G211------------,91.0,0.0,94.0,90.0,91.0,0.0,449300,41537600,122,91.8,95,269500,91,35000,5687353997,5687353997,426551550,26800,0,0,0,0
2024-09-18,VRNA,Mizuho Leasing Indonesia Tbk.,--U-2100000000G211------------,92.0,0.0,94.0,90.0,91.0,-1.0,150300,13671600,35,91.8,91,3400,90,75000,5687353997,5687353997,426551550,0,54200,0,0,0
2024-09-17,VRNA,Mizuho Leasing Indonesia Tbk.,--U-2100000000G211------------,91.0,0.0,95.0,91.0,92.0,1.0,271600,25163500,57,92.8,93,108700,92,11900,5687353997,5687353997,426551550,39500,8000,0,0,0
2024-09-13,VRNA,Mizuho Leasing Indonesia Tbk.,--U-2100000000G211------------,90.0,0.0,92.0,89.0,91.0,1.0,126500,11375500,35,91.8,92,36800,89,9300,5687353997,5687353997,426551550,0,18000,0,0,0
2024-09-12,VRNA,Mizuho Leasing Indonesia Tbk.,--U-2100000000G211------------,88.0,0.0,94.0,88.0,90.0,2.0,1457000,133306100,153,90.8,91,2100,90,57900,5687353997,5687353997,426551550,126100,8200,0,0,0
2024-09-11,VRNA,Mizuho Leasing Indonesia Tbk.,--U-2100000000G211------------,88.0,0.0,89.0,87.0,88.0,0.0,72200,6352800,15,88.8,88,59200,87,248600,5687353997,5687353997,426551550,0,0,0,0,0
2024-09-10,VRNA,Mizuho Leasing Indonesia Tbk.,--U-2100000000G211------------,88.0,0.0,89.0,87.0,88.0,0.0,82200,7233700,123,88.8,89,251400,87,211300,5687353997,5687353997,426551550,0,0,0,0,0
2024-09-09,VRNA,Mizuho Leasing Indonesia Tbk.,--U-2100000000G211------------,87.0,0.0,88.0,87.0,88.0,1.0,364100,31830500,39,88.8,88,130000,87,151200,5687353997,5687353997,426551550,0,27800,0,0,0
2024-09-06,VRNA,Mizuho Leasing Indonesia Tbk.,--U-2100000000G211------------,88.0,0.0,90.0,87.0,87.0,-1.0,326200,28645100,41,87.8,89,180700,88,10000,5687353997,5687353997,426551550,0,27800,0,0,0
2024-09-05,VRNA,Mizuho Leasing Indonesia Tbk.,--U-2100000000G211------------,89.0,0.0,91.0,87.0,88.0,-1.0,206700,18443700,34,88.8,89,4700,88,55300,5687353997,5687353997,426551550,33600,7400,0,0,0
2024-09-04,VRNA,Mizuho Leasing Indonesia Tbk.,--U-2100000000G211------------,90.0,0.0,90.0,87.0,89.0,-1.0,354100,30949400,39,89.8,89,200,88,23100,5687353997,5687353997,426551550,0,0,0,0,0
2024-09-03,VRNA,Mizuho Leasing Indonesia Tbk.,--U-2100000000G211------------,89.0,0.0,91.0,87.0,90.0,1.0,668900,59800700,110,90.8,90,54400,89,5600,5687353997,5687353997,426551550,0,0,0,0,0
2024-09-02,VRNA,Mizuho Leasing Indonesia Tbk.,--U-2100000000G211------------,98.0,0.0,97.0,84.0,89.0,-9.0,4527400,398145900,403,89.8,90,335300,89,43100,5687353997,5687353997,426551550,0,102200,0,0,0
2024-08-30,VRNA,Mizuho Leasing Indonesia Tbk.,--U-2100000000G211------------,101.0,0.0,100.0,97.0,98.0,-3.0,259900,25625300,31,98.9,98,232400,97,20800,5687353997,5687353997,426551550,0,9000,0,0,0
2024-08-29,VRNA,Mizuho Leasing Indonesia Tbk.,--U-2100000000G211------------,101.0,0.0,102.0,96.0,101.0,0.0,314700,31094300,54,101.9,100,6700,98,300,5687353997,5687353997,426551550,0,0,0,0,0
2024-08-28,VRNA,Mizuho Leasing Indonesia Tbk.,--U-2100000000G211------------,100.0,0.0,104.0,100.0,101.0,1.0,138900,14298100,25,101.9,101,192200,99,21500,5687353997,5687353997,426551550,62800,0,0,0,0
2024-08-27,VRNA,Mizuho Leasing Indonesia Tbk.,--U-2100000000G211------------,99.0,0.0,102.0,99.0,100.0,1.0,284900,28320200,52,100.9,100,9900,99,10000,5687353997,5687353997,426551550,0,0,0,0,0
2024-08-26,VRNA,Mizuho Leasing Indonesia Tbk.,--U-2100000000G211------------,103.0,0.0,103.0,99.0,99.0,-4.0,157200,15673800,28,99.9,101,200,98,12500,5687353997,5687353997,426551550,0,0,0,0,0
2024-08-23,VRNA,Mizuho Leasing Indonesia Tbk.,--U-2100000000G211------------,101.0,0.0,103.0,99.0,103.0,2.0,81800,8233000,15,103.9,103,24600,100,27200,5687353997,5687353997,426551550,0,0,0,0,0
2024-08-22,VRNA,Mizuho Leasing Indonesia Tbk.,--U-2100000000G211------------,101.0,0.0,101.0,100.0,101.0,0.0,95500,9643700,13,101.9,102,3000,100,29200,5687353997,5687353997,426551550,0,53100,0,0,0
2024-08-21,VRNA,Mizuho Leasing Indonesia Tbk.,--U-2100000000G211------------,101.0,0.0,101.0,101.0,101.0,0.0,30400,3070400,8,101.9,101,300,100,5600,5687353997,5687353997,426551550,0,0,0,0,0
2024-08-20,VRNA,Mizuho Leasing Indonesia Tbk.,--U-2100000000G211------------,104.0,0.0,102.0,101.0,101.0,-3.0,236000,24047300,21,101.9,104,100000,101,85400,5687353997,5687353997,426551550,0,0,0,0,0
2024-08-19,VRNA,Mizuho Leasing Indonesia Tbk.,--U-2100000000G211------------,102.0,0.0,104.0,99.0,104.0,2.0,218600,22369200,36,104.9,104,13800,99,18200,5687353997,5687353997,426551550,0,0,0,0,0
2024-08-16,VRNA,Mizuho Leasing Indonesia Tbk.,--U-2100000000G211------------,105.0,0.0,105.0,99.0,102.0,-3.0,172700,17508900,39,102.9,104,54100,102,9700,5687353997,5687353997,426551550,0,5000,0,0,0
2024-08-15,VRNA,Mizuho Leasing Indonesia Tbk.,--U-2100000000G211------------,106.0,0.0,110.0,102.0,103.0,-3.0,274600,28501600,58,103.9,103,56800,102,72700,5687353997,5687353997,426551550,50000,0,0,0,0
2024-08-14,VRNA,Mizuho Leasing Indonesia Tbk.,--U-2100000000G211------------,106.0,0.0,110.0,102.0,103.0,-3.0,274600,28501600,58,103.9,103,56800,102,72700,5687353997,5687353997,426551550,50000,0,0,0,0
2024-08-13,VRNA,Mizuho Leasing Indonesia Tbk.,--U-2100000000G211------------,103.0,0.0,106.0,99.0,106.0,3.0,475500,48875300,220,106.9,106,70100,102,5400,5687353997,5687353997,426551550,0,21500,0,0,0
2024-08-12,VRNA,Mizuho Leasing Indonesia Tbk.,--U-2100000000G211------------,100.0,0.0,110.0,99.0,103.0,3.0,3562900,376098300,500,103.9,105,24600,103,32800,5687353997,5687353997,426551550,109800,75800,0,0,0
2024-08-09,VRNA,Mizuho Leasing Indonesia Tbk.,--U-2100000000G211------------,98.0,0.0,100.0,95.0,100.0,2.0,455700,44479400,94,100.9,100,192800,96,166700,5687353997,5687353997,426551550,22300,61300,0,0,0
2024-08-08,VRNA,Mizuho Leasing Indonesia Tbk.,--U-2100000000G211------------,94.0,0.0,101.0,94.0,98.0,4.0,1092500,107666900,158,98.9,99,103100,96,107900,5687353997,5687353997,426551550,35900,0,0,0,0
2024-08-07,VRNA,Mizuho Leasing Indonesia Tbk.,--U-2100000000G211------------,89.0,0.0,97.0,88.0,94.0,5.0,4038400,373953900,289,94.8,95,10000,94,50400,5687353997,5687353997,426551550,5100,66800,0,0,0
2024-08-06,VRNA,Mizuho Leasing Indonesia Tbk.,--U-2100000000G211------------,86.0,0.0,90.0,87.0,89.0,3.0,761800,67497600,33,89.8,90,209400,89,69600,5687353997,5687353997,426551550,78000,2400,0,0,0
2024-08-05,VRNA,Mizuho Leasing Indonesia Tbk.,--U-2100000000G211------------,91.0,0.0,91.0,85.0,86.0,-5.0,1628800,143158000,33,86.8,88,115000,86,59100,5687353997,5687353997,426551550,0,0,0,0,0
2024-08-02,VRNA,Mizuho Leasing Indonesia Tbk.,--U-2100000000G211------------,90.0,0.0,91.0,89.0,91.0,1.0,563500,50225000,15,91.8,91,498900,88,20100,5687353997,5687353997,426551550,0,0,0,0,0
2024-08-01,VRNA,Mizuho Leasing Indonesia Tbk.,--U-2100000000G211------------,90.0,0.0,90.0,88.0,90.0,0.0,311200,27698200,11,90.8,90,275700,89,200600,5687353997,5687353997,426551550,0,0,0,0,0
2024-07-31,VRNA,Mizuho Leasing Indonesia Tbk.,--U-2100000000G211------------,91.0,0.0,90.0,88.0,90.0,-1.0,350600,31409200,23,90.8,90,309100,89,565900,5687353997,5687353997,426551550,5000,0,0,0,0
2024-07-30,VRNA,Mizuho Leasing Indonesia Tbk.,--U-2100000000G211------------,91.0,0.0,90.0,88.0,90.0,-1.0,350600,31409200,23,90.8,90,309100,89,565900,5687353997,5687353997,426551550,5000,0,0,0,0
2024-07-29,VRNA,Mizuho Leasing Indonesia Tbk.,--U-2100000000G211------------,90.0,0.0,91.0,90.0,91.0,1.0,65100,5909100,13,91.8,91,95000,90,485100,5687353997,5687353997,426551550,0,0,0,0,0
2024-07-26,VRNA,Mizuho Leasing Indonesia Tbk.,--U-2100000000G211------------,89.0,0.0,91.0,89.0,90.0,1.0,14900,1338100,16,90.8,91,602500,90,2500,5687353997,5687353997,426551550,4600,0,0,0,0
2024-07-25,VRNA,Mizuho Leasing Indonesia Tbk.,--U-2100000000G211------------,89.0,0.0,89.0,88.0,89.0,0.0,4600,407700,6,89.8,89,2400,88,6500,5687353997,5687353997,426551550,0,0,0,0,0
2024-07-24,VRNA,Mizuho Leasing Indonesia Tbk.,--U-2100000000G211------------,88.0,0.0,89.0,87.0,89.0,1.0,11100,982000,7,89.8,89,5200,88,5000,5687353997,5687353997,426551550,0,0,0,0,0
2024-07-23,VRNA,Mizuho Leasing Indonesia Tbk.,--U-2100000000G211------------,90.0,0.0,91.0,88.0,88.0,-2.0,9600,853900,8,88.8,90,500,88,33300,5687353997,5687353997,426551550,0,0,0,0,0
2024-07-22,VRNA,Mizuho Leasing Indonesia Tbk.,--U-2100000000G211------------,89.0,0.0,92.0,89.0,90.0,1.0,414200,37467300,22,90.8,90,4500,88,52700,5687353997,5687353997,426551550,0,0,0,0,0
2024-07-19,VRNA,Mizuho Leasing Indonesia Tbk.,--U-2100000000G211------------,89.0,0.0,90.0,88.0,89.0,0.0,16900,1490100,15,89.8,90,300,89,500,5687353997,5687353997,426551550,0,0,0,0,0
2024-07-18,VRNA,Mizuho Leasing Indonesia Tbk.,--U-2100000000G211------------,91.0,0.0,91.0,89.0,89.0,-2.0,42500,3809800,17,89.8,91,85700,88,60800,5687353997,5687353997,426551550,2100,0,0,0,0
2024-07-17,VRNA,Mizuho Leasing Indonesia Tbk.,--U-2100000000G211------------,90.0,0.0,91.0,90.0,91.0,1.0,30700,2784700,18,91.8,90,8000,89,3700,5687353997,5687353997,426551550,500,0,0,0,0
2024-07-16,VRNA,Mizuho Leasing Indonesia Tbk.,--U-2100000000G211------------,88.0,0.0,91.0,87.0,90.0,2.0,1252900,112532800,67,90.8,91,422800,90,1023400,5687353997,5687353997,426551550,0,1176700,0,0,0
2024-07-12,VRNA,Mizuho Leasing Indonesia Tbk.,--U-2100000000G211------------,86.0,0.0,90.0,86.0,87.0,1.0,281600,24665300,31,87.8,89,15300,87,4600,5687353997,5687353997,426551550,2500,0,0,0,0
2024-07-11,VRNA,Mizuho Leasing Indonesia Tbk.,--U-2100000000G211------------,86.0,0.0,87.0,85.0,86.0,0.0,88800,7636800,10,86.8,87,109900,86,1400,5687353997,5687353997,426551550,0,0,0,0,0
2024-07-10,VRNA,Mizuho Leasing Indonesia Tbk.,--U-2100000000G211------------,86.0,0.0,87.0,85.0,86.0,0.0,8200,705200,17,86.8,87,36900,85,443300,5687353997,5687353997,426551550,0,0,0,0,0
2024-07-09,VRNA,Mizuho Leasing Indonesia Tbk.,--U-2100000000G211------------,86.0,0.0,86.0,85.0,86.0,0.0,83600,7189500,18,86.8,87,10000,86,48100,5687353997,5687353997,426551550,0,0,0,0,0
2024-07-08,VRNA,Mizuho Leasing Indonesia Tbk.,--U-2100000000G211------------,87.0,0.0,86.0,85.0,86.0,-1.0,124400,10586100,26,86.8,86,16900,85,207800,5687353997,5687353997,426551550,1300,0,0,0,0
2024-07-05,VRNA,Mizuho Leasing Indonesia Tbk.,--U-2100000000G211------------,87.0,0.0,89.0,84.0,87.0,0.0,606100,52053600,97,87.8,87,101300,86,100,5687353997,5687353997,426551550,0,0,0,0,0
2024-07-04,VRNA,Mizuho Leasing Indonesia Tbk.,--U-2100000000G211------------,87.0,0.0,87.0,86.0,86.0,-1.0,91900,7914400,19,86.8,88,15000,86,46100,5687353997,5687353997,426551550,0,0,0,0,0
2024-07-03,VRNA,Mizuho Leasing Indonesia Tbk.,--U-2100000000G211------------,87.0,0.0,87.0,86.0,86.0,-1.0,91900,7914400,19,86.8,88,15000,86,46100,5687353997,5687353997,426551550,0,0,0,0,0
2024-07-02,VRNA,Mizuho Leasing Indonesia Tbk.,--U-2100000000G211------------,89.0,0.0,89.0,84.0,87.0,-2.0,179300,15293300,48,87.8,87,20800,86,6600,5687353997,5687353997,426551550,0,0,0,0,0
2024-07-01,VRNA,Mizuho Leasing Indonesia Tbk.,--U-2100000000G211------------,86.0,0.0,89.0,86.0,89.0,3.0,1065400,92888400,43,89.8,90,515200,89,16500,5687353997,5687353997,426551550,0,0,0,0,0
2024-06-28,VRNA,Mizuho Leasing Indonesia Tbk.,--U-2100000000G211------------,86.0,0.0,87.0,84.0,85.0,-1.0,1394400,118839200,136,85.8,86,339200,85,2222600,5687353997,5687353997,426551550,0,0,0,0,0
2024-06-27,VRNA,Mizuho Leasing Indonesia Tbk.,--U-2100000000G211------------,85.0,0.0,86.0,85.0,86.0,1.0,13700,1175500,6,86.8,86,36700,85,17700,5687353997,5687353997,426551550,10000,0,0,0,0
2024-06-26,VRNA,Mizuho Leasing Indonesia Tbk.,--U-2100000000G211------------,86.0,0.0,87.0,85.0,85.0,-1.0,6000,510200,5,85.8,86,11500,85,5800,5687353997,5687353997,426551550,0,0,0,0,0
2024-06-25,VRNA,Mizuho Leasing Indonesia Tbk.,--U-2100000000G211------------,86.0,0.0,87.0,85.0,85.0,-1.0,6000,510200,5,85.8,86,11500,85,5800,5687353997,5687353997,426551550,0,0,0,0,0
2024-06-24,VRNA,Mizuho Leasing Indonesia Tbk.,--U-2100000000G211------------,86.0,0.0,87.0,84.0,86.0,0.0,104000,8843800,11,86.8,87,52300,85,8400,5687353997,5687353997,426551550,1600,0,0,0,0
2024-06-21,VRNA,Mizuho Leasing Indonesia Tbk.,--U-2100000000G211------------,86.0,0.0,86.0,85.0,86.0,0.0,13500,1148800,6,86.8,86,48800,85,13000,5687353997,5687353997,426551550,200,0,0,0,0
2024-06-20,VRNA,Mizuho Leasing Indonesia Tbk.,--U-2100000000G211------------,85.0,0.0,86.0,86.0,86.0,1.0,2200,189200,4,86.8,87,22200,85,4500,5687353997,5687353997,426551550,100,0,0,0,0
2024-06-19,VRNA,Mizuho Leasing Indonesia Tbk.,--U-2100000000G211------------,86.0,0.0,88.0,85.0,85.0,-1.0,116300,9896600,14,85.8,87,19700,85,27500,5687353997,5687353997,426551550,0,0,0,0,0
2024-06-14,VRNA,Mizuho Leasing Indonesia Tbk.,--U-2100000000G211------------,87.0,0.0,90.0,86.0,86.0,-1.0,228000,19994200,26,86.8,89,28600,87,1400,5687353997,5687353997,426551550,500,0,0,0,0
2024-06-13,VRNA,Mizuho Leasing Indonesia Tbk.,--U-2100000000G211------------,86.0,0.0,87.0,85.0,87.0,1.0,146300,12519100,16,87.8,88,10000,86,1000,5687353997,5687353997,426551550,100,43700,0,0,0
2024-06-12,VRNA,Mizuho Leasing Indonesia Tbk.,--U-2100000000G211------------,86.0,0.0,86.0,85.0,86.0,0.0,55600,4753500,15,86.8,86,2000,85,213200,5687353997,5687353997,426551550,0,0,0,0,0
2024-06-11,VRNA,Mizuho Leasing Indonesia Tbk.,--U-2100000000G211------------,86.0,0.0,87.0,86.0,86.0,0.0,51100,4395700,8,86.8,87,26100,86,4600,5687353997,5687353997,426551550,0,0,0,0,0
2024-06-10,VRNA,Mizuho Leasing Indonesia Tbk.,--U-2100000000G211------------,87.0,0.0,87.0,84.0,86.0,-1.0,1212200,103347700,48,86.8,88,10000,86,7600,5687353997,5687353997,426551550,0,0,0,0,0
2024-06-07,VRNA,Mizuho Leasing Indonesia Tbk.,--U-2100000000G211------------,89.0,0.0,89.0,87.0,87.0,-2.0,1065100,93070500,13,87.8,89,204400,88,10000,5687353997,5687353997,426551550,0,0,0,0,0
2024-06-06,VRNA,Mizuho Leasing Indonesia Tbk.,--U-2100000000G211------------,88.0,0.0,90.0,88.0,89.0,1.0,76100,6713000,11,89.8,89,35600,88,352700,5687353997,5687353997,426551550,0,0,0,0,0
2024-06-05,VRNA,Mizuho Leasing Indonesia Tbk.,--U-2100000000G211------------,88.0,0.0,90.0,88.0,88.0,0.0,68600,6048600,21,88.8,89,11700,88,366000,5687353997,5687353997,426551550,0,0,0,0,0
2024-06-04,VRNA,Mizuho Leasing Indonesia Tbk.,--U-2100000000G211------------,90.0,0.0,93.0,88.0,88.0,-2.0,77600,6902900,20,88.8,90,44300,88,57600,5687353997,5687353997,426551550,0,0,0,0,0
2024-06-03,VRNA,Mizuho Leasing Indonesia Tbk.,--U-2100000000G211------------,89.0,0.0,91.0,89.0,90.0,1.0,47700,4306700,26,90.8,90,47500,89,5200,5687353997,5687353997,426551550,0,0,0,0,0
2024-05-31,VRNA,Mizuho Leasing Indonesia Tbk.,--U-2100000000G211------------,89.0,0.0,90.0,88.0,89.0,0.0,29100,2593900,17,89.8,90,2800,89,56000,5687353997,5687353997,426551550,0,0,0,0,0
2024-05-30,VRNA,Mizuho Leasing Indonesia Tbk.,--U-2100000000G211------------,95.0,0.0,95.0,89.0,89.0,-6.0,863900,77063400,35,89.8,92,28100,89,595200,5687353997,5687353997,426551550,14300,13800,0,0,0
2024-05-29,VRNA,Mizuho Leasing Indonesia Tbk.,--U-2100000000G211------------,90.0,0.0,95.0,88.0,95.0,5.0,1989700,180246900,72,95.8,92,10000,90,5000,5687353997,5687353997,426551550,0,0,0,0,0
2024-05-28,VRNA,Mizuho Leasing Indonesia Tbk.,--U-2100000000G211------------,88.0,0.0,98.0,88.0,90.0,2.0,1361500,126892100,222,90.8,91,19600,90,6600,5687353997,5687353997,426551550,7900,24500,0,0,0
2024-05-27,VRNA,Mizuho Leasing Indonesia Tbk.,--U-2100000000G211------------,88.0,0.0,105.0,85.0,88.0,0.0,2461300,226880200,380,88.8,91,5600,88,19600,5687353997,5687353997,426551550,115500,84800,0,0,0
2024-05-22,VRNA,Mizuho Leasing Indonesia Tbk.,--U-2100000000G211------------,88.0,0.0,89.0,88.0,88.0,0.0,108200,9521700,9,88.8,89,28800,88,244000,5687353997,5687353997,426551550,0,0,0,0,0
2024-05-21,VRNA,Mizuho Leasing Indonesia Tbk.,--U-2100000000G211------------,88.0,0.0,89.0,88.0,88.0,0.0,9500,836100,4,88.8,89,10100,88,90700,5687353997,5687353997,426551550,0,0,0,0,0
2024-05-20,VRNA,Mizuho Leasing Indonesia Tbk.,--U-2100000000G211------------,87.0,0.0,88.0,87.0,88.0,1.0,15600,1361400,5,88.8,88,12300,87,39600,5687353997,5687353997,426551550,0,0,0,0,0
2024-05-17,VRNA,Mizuho Leasing Indonesia Tbk.,--U-2100000000G211------------,89.0,0.0,88.0,87.0,87.0,-2.0,175300,15287100,19,87.8,89,11400,86,120900,5687353997,5687353997,426551550,0,0,0,0,0
2024-05-16,VRNA,Mizuho Leasing Indonesia Tbk.,--U-2100000000G211------------,92.0,0.0,91.0,89.0,89.0,-3.0,26600,2373300,13,89.8,90,200,88,1000,5687353997,5687353997,426551550,0,0,0,0,0
2024-05-15,VRNA,Mizuho Leasing Indonesia Tbk.,--U-2100000000G211------------,90.0,0.0,93.0,87.0,92.0,2.0,277400,25335900,46,92.8,91,5000,87,6000,5687353997,5687353997,426551550,30300,0,0,0,0
2024-05-14,VRNA,Mizuho Leasing Indonesia Tbk.,--U-2100000000G211------------,88.0,0.0,90.0,87.0,90.0,2.0,453700,40618800,31,90.8,91,10400,88,7000,5687353997,5687353997,426551550,0,0,0,0,0
2024-05-13,VRNA,Mizuho Leasing Indonesia Tbk.,--U-2100000000G211------------,87.0,0.0,88.0,85.0,88.0,1.0,310100,26832000,40,88.8,89,66200,88,3400,5687353997,5687353997,426551550,0,0,0,0,0
2024-05-08,VRNA,Mizuho Leasing Indonesia Tbk.,--U-2100000000G211------------,87.0,0.0,88.0,85.0,87.0,0.0,39800,3419300,18,87.8,87,229700,86,10000,5687353997,5687353997,426551550,600,0,0,0,0
2024-05-07,VRNA,Mizuho Leasing Indonesia Tbk.,--U-2100000000G211------------,85.0,0.0,87.0,86.0,87.0,2.0,6800,590500,11,87.8,88,10200,86,27200,5687353997,5687353997,426551550,900,0,0,0,0
2024-05-06,VRNA,Mizuho Leasing Indonesia Tbk.,--U-2100000000G211------------,87.0,0.0,88.0,85.0,85.0,-2.0,706800,60411900,39,85.8,87,3500,86,50000,5687353997,5687353997,426551550,0,0,0,0,0
2024-05-03,VRNA,Mizuho Leasing Indonesia Tbk.,--U-2100000000G211------------,88.0,0.0,88.0,86.0,87.0,-1.0,563200,48953800,31,87.8,88,9700,86,13100,5687353997,5687353997,426551550,0,28500,0,0,0
2024-05-02,VRNA,Mizuho Leasing Indonesia Tbk.,--U-2100000000G211------------,93.0,0.0,91.0,88.0,88.0,-5.0,45000,3990700,18,88.8,90,10000,88,280600,5687353997,5687353997,426551550,0,0,0,0,0
2024-04-30,VRNA,Mizuho Leasing Indonesia Tbk.,--U-2100000000G211------------,93.0,0.0,95.0,88.0,93.0,0.0,136500,12293800,30,93.8,91,10000,90,1100,5687353997,5687353997,426551550,20000,0,0,0,0
2024-04-29,VRNA,Mizuho Leasing Indonesia Tbk.,--U-2100000000G211------------,93.0,0.0,94.0,90.0,93.0,0.0,1700,155300,4,93.8,93,9900,90,20900,5687353997,5687353997,426551550,0,0,0,0,0
2024-04-26,VRNA,Mizuho Leasing Indonesia Tbk.,--U-2100000000G211------------,94.0,0.0,97.0,89.0,93.0,-1.0,127400,12122900,13,93.8,92,5000,90,2000,5687353997,5687353997,426551550,0,0,0,0,0
2024-04-25,VRNA,Mizuho Leasing Indonesia Tbk.,--U-2100000000G211------------,90.0,0.0,95.0,90.0,94.0,4.0,98100,9240000,27,94.8,95,48300,94,9600,5687353997,5687353997,426551550,0,0,0,0,0
2024-04-24,VRNA,Mizuho Leasing Indonesia Tbk.,--U-2100000000G211------------,90.0,0.0,95.0,90.0,90.0,0.0,119200,10863800,31,90.8,92,11900,90,12900,5687353997,5687353997,426551550,1300,0,0,0,0
2024-04-23,VRNA,Mizuho Leasing Indonesia Tbk.,--U-2100000000G211------------,90.0,0.0,93.0,88.0,90.0,0.0,1766200,162346100,50,90.8,92,50500,90,29200,5687353997,5687353997,426551550,0,1700000,0,0,0
2024-04-22,VRNA,Mizuho Leasing Indonesia Tbk.,--U-2100000000G211------------,86.0,0.0,90.0,86.0,90.0,4.0,26400,2308600,11,90.8,89,11000,88,3000,5687353997,5687353997,426551550,1800,0,0,0,0
2024-04-19,VRNA,Mizuho Leasing Indonesia Tbk.,--U-2100000000G211------------,88.0,0.0,88.0,86.0,86.0,-2.0,74800,6461500,14,86.8,87,13800,86,93500,5687353997,5687353997,426551550,0,0,0,0,0
2024-04-18,VRNA,Mizuho Leasing Indonesia Tbk.,--U-2100000000G211------------,89.0,0.0,90.0,80.0,88.0,-1.0,7700,677500,8,88.8,89,67000,87,19800,5687353997,5687353997,426551550,0,0,0,0,0
2024-04-17,VRNA,Mizuho Leasing Indonesia Tbk.,--U-2100000000G211------------,88.0,0.0,90.0,85.0,89.0,1.0,178900,15707500,16,89.8,89,45800,88,4500,5687353997,5687353997,426551550,0,0,0,0,0
2024-04-16,VRNA,Mizuho Leasing Indonesia Tbk.,--U-2100000000G211------------,89.0,0.0,88.0,87.0,88.0,-1.0,280800,24500400,20,88.8,88,42600,87,43800,5687353997,5687353997,426551550,0,7600,0,0,0
2024-04-05,VRNA,Mizuho Leasing Indonesia Tbk.,--U-2100000000G211------------,89.0,0.0,91.0,89.0,89.0,0.0,1300,116300,2,89.8,91,52100,89,49900,5687353997,5687353997,426551550,0,0,0,0,0
2024-04-04,VRNA,Mizuho Leasing Indonesia Tbk.,--U-2100000000G211------------,91.0,0.0,90.0,87.0,89.0,-2.0,415500,36716100,41,89.8,90,40600,89,141000,5687353997,5687353997,426551550,0,0,0,0,0
2024-04-03,VRNA,Mizuho Leasing Indonesia Tbk.,--U-2100000000G211------------,90.0,0.0,93.0,80.0,91.0,1.0,454800,41065300,40,91.8,90,5000,89,62800,5687353997,5687353997,426551550,1800,0,0,0,0
2024-04-02,VRNA,Mizuho Leasing Indonesia Tbk.,--U-2100000000G211------------,90.0,0.0,91.0,89.0,90.0,0.0,683000,61354100,20,90.8,91,102500,89,18300,5687353997,5687353997,426551550,0,447000,0,0,0
2024-04-01,VRNA,Mizuho Leasing Indonesia Tbk.,--U-2100000000G211------------,91.0,0.0,91.0,85.0,90.0,-1.0,548900,49357500,23,90.8,90,82000,89,100,5687353997,5687353997,426551550,11000,0,0,0,0
2024-03-28,VRNA,Mizuho Leasing Indonesia Tbk.,--U-2100000000G211------------,92.0,0.0,100.0,85.0,91.0,-1.0,1318200,125691900,136,91.8,92,20000,91,12600,5687353997,5687353997,426551550,23400,18800,0,0,0
2024-03-27,VRNA,Mizuho Leasing Indonesia Tbk.,--U-2100000000G211------------,92.0,0.0,93.0,90.0,92.0,0.0,108400,9820300,20,92.8,93,15400,92,5500,5687353997,5687353997,426551550,0,46000,0,0,0
2024-03-26,VRNA,Mizuho Leasing Indonesia Tbk.,--U-2100000000G211------------,95.0,0.0,98.0,85.0,92.0,-3.0,315600,30091700,56,92.8,92,102800,91,100,5687353997,5687353997,426551550,47900,0,0,0,0
2024-03-22,VRNA,Mizuho Leasing Indonesia Tbk.,--U-2100000000G211------------,91.0,0.0,92.0,90.0,92.0,1.0,121700,11036300,24,92.8,92,9100,91,10300,5687353997,5687353997,426551550,0,0,0,0,0
2024-03-21,VRNA,Mizuho Leasing Indonesia Tbk.,--U-2100000000G211------------,90.0,0.0,91.0,88.0,91.0,1.0,117100,10389600,28,91.8,92,5400,91,4500,5687353997,5687353997,426551550,0,0,0,0,0
2024-03-20,VRNA,Mizuho Leasing Indonesia Tbk.,--U-2100000000G211------------,91.0,0.0,92.0,90.0,90.0,-1.0,85600,7790400,21,90.8,92,17400,90,266000,5687353997,5687353997,426551550,0,0,0,0,0
2024-03-19,VRNA,Mizuho Leasing Indonesia Tbk.,--U-2100000000G211------------,92.0,0.0,98.0,90.0,91.0,-1.0,51400,4714000,27,91.8,92,58300,91,21400,5687353997,5687353997,426551550,3900,0,0,0,0
2024-03-18,VRNA,Mizuho Leasing Indonesia Tbk.,--U-2100000000G211------------,91.0,0.0,93.0,91.0,92.0,1.0,180000,16536600,43,92.8,92,8300,91,147100,5687353997,5687353997,426551550,800,0,0,0,0
2024-03-15,VRNA,Mizuho Leasing Indonesia Tbk.,--U-2100000000G211------------,89.0,0.0,91.0,89.0,91.0,2.0,330800,29766700,30,91.8,91,54000,90,32000,5687353997,5687353997,426551550,0,0,0,0,0
2024-03-14,VRNA,Mizuho Leasing Indonesia Tbk.,--U-2100000000G211------------,90.0,0.0,91.0,88.0,89.0,-1.0,26200,2338000,11,89.8,90,24800,89,180600,5687353997,5687353997,426551550,400,0,0,0,0
2024-03-13,VRNA,Mizuho Leasing Indonesia Tbk.,--U-2100000000G211------------,89.0,0.0,90.0,89.0,90.0,1.0,600,53500,3,90.8,90,77500,89,129500,5687353997,5687353997,426551550,0,0,0,0,0
2024-03-08,VRNA,Mizuho Leasing Indonesia Tbk.,--U-2100000000G211------------,89.0,0.0,90.0,88.0,89.0,0.0,182900,16160700,14,89.8,90,46800,89,196100,5687353997,5687353997,426551550,0,0,0,0,0
2024-03-07,VRNA,Mizuho Leasing Indonesia Tbk.,--U-2100000000G211------------,89.0,0.0,90.0,88.0,89.0,0.0,235800,20927200,22,89.8,89,100000,88,44100,5687353997,5687353997,426551550,0,0,0,0,0
2024-03-06,VRNA,Mizuho Leasing Indonesia Tbk.,--U-2100000000G211------------,89.0,0.0,91.0,88.0,89.0,0.0,97500,8620100,23,89.8,90,50000,88,45600,5687353997,5687353997,426551550,0,0,0,0,0
2024-03-05,VRNA,Mizuho Leasing Indonesia Tbk.,--U-2100000000G211------------,92.0,0.0,92.0,88.0,89.0,-3.0,173800,15521100,29,89.8,91,29000,89,8600,5687353997,5687353997,426551550,100,0,0,0,0
2024-03-04,VRNA,Mizuho Leasing Indonesia Tbk.,--U-2100000000G211------------,92.0,0.0,96.0,91.0,92.0,0.0,244400,22668300,71,92.8,92,58000,91,31900,5687353997,5687353997,426551550,2900,0,0,0,0
2024-03-01,VRNA,Mizuho Leasing Indonesia Tbk.,--U-2100000000G211------------,92.0,0.0,93.0,91.0,92.0,0.0,9300,855000,13,92.8,92,26600,91,9900,5687353997,5687353997,426551550,0,0,0,0,0
2024-02-29,VRNA,Mizuho Leasing Indonesia Tbk.,--U-2100000000G211------------,91.0,0.0,92.0,90.0,92.0,1.0,81600,7345500,16,92.8,92,54300,90,4500,5687353997,5687353997,426551550,0,0,0,0,0
2024-02-28,VRNA,Mizuho Leasing Indonesia Tbk.,--U-2100000000G211------------,93.0,0.0,95.0,87.0,91.0,-2.0,730800,66861800,135,91.8,91,2200,90,57800,5687353997,5687353997,426551550,25200,26200,0,0,0
2024-02-27,VRNA,Mizuho Leasing Indonesia Tbk.,--U-2100000000G211------------,93.0,0.0,95.0,87.0,91.0,-2.0,730800,66861800,135,91.8,91,2200,90,57800,5687353997,5687353997,426551550,25200,26200,0,0,0
2024-02-26,VRNA,Mizuho Leasing Indonesia Tbk.,--U-2100000000G211------------,88.0,0.0,97.0,88.0,93.0,5.0,4484300,406151400,303,93.8,93,52600,92,88400,5687353997,5687353997,426551550,21100,3479200,0,0,0
2024-02-23,VRNA,Mizuho Leasing Indonesia Tbk.,--U-2100000000G211------------,88.0,0.0,89.0,86.0,88.0,0.0,296400,26070700,28,88.8,88,52900,87,14300,5687353997,5687353997,426551550,9900,30200,0,0,0
2024-02-22,VRNA,Mizuho Leasing Indonesia Tbk.,--U-2100000000G211------------,88.0,0.0,89.0,86.0,88.0,0.0,248000,21848300,31,88.8,89,190000,86,120700,5687353997,5687353997,426551550,28500,0,0,0,0
2024-02-21,VRNA,Mizuho Leasing Indonesia Tbk.,--U-2100000000G211------------,86.0,0.0,89.0,85.0,88.0,2.0,54600,4739900,26,88.8,88,9900,86,13100,5687353997,5687353997,426551550,0,0,0,0,0
2024-02-20,VRNA,Mizuho Leasing Indonesia Tbk.,--U-2100000000G211------------,88.0,0.0,88.0,85.0,86.0,-2.0,23200,1996300,10,86.8,87,5400,86,227800,5687353997,5687353997,426551550,0,0,0,0,0
2024-02-19,VRNA,Mizuho Leasing Indonesia Tbk.,--U-2100000000G211------------,85.0,0.0,89.0,85.0,88.0,3.0,408300,35896600,21,88.8,88,24400,86,20000,5687353997,5687353997,426551550,0,0,0,0,0
2024-02-16,VRNA,Mizuho Leasing Indonesia Tbk.,--U-2100000000G211------------,85.0,0.0,87.0,85.0,85.0,0.0,175600,14932100,18,85.8,86,1000,85,9100,5687353997,5687353997,426551550,0,0,0,0,0
2024-02-15,VRNA,Mizuho Leasing Indonesia Tbk.,--U-2100000000G211------------,86.0,0.0,87.0,84.0,85.0,-1.0,139800,11895800,23,85.8,86,4000,85,41800,5687353997,5687353997,426551550,0,0,0,0,0
2024-02-13,VRNA,Mizuho Leasing Indonesia Tbk.,--U-2100000000G211------------,87.0,0.0,89.0,85.0,86.0,-1.0,388900,33202800,26,86.8,87,16400,86,124900,5687353997,5687353997,426551550,0,0,0,0,0
2024-02-12,VRNA,Mizuho Leasing Indonesia Tbk.,--U-2100000000G211------------,87.0,0.0,89.0,85.0,86.0,-1.0,388900,33202800,26,86.8,87,16400,86,124900,5687353997,5687353997,426551550,0,0,0,0,0
2024-02-07,VRNA,Mizuho Leasing Indonesia Tbk.,--U-2100000000G211------------,88.0,0.0,89.0,87.0,87.0,-1.0,142900,12605400,22,87.8,88,25000,87,30800,5687353997,5687353997,426551550,0,0,0,0,0
2024-02-06,VRNA,Mizuho Leasing Indonesia Tbk.,--U-2100000000G211------------,87.0,0.0,88.0,88.0,88.0,1.0,100,8800,1,88.8,88,100900,86,57100,5687353997,5687353997,426551550,0,0,0,0,0
2024-02-05,VRNA,Mizuho Leasing Indonesia Tbk.,--U-2100000000G211------------,88.0,0.0,89.0,86.0,87.0,-1.0,180700,15886000,26,87.8,88,25000,87,21200,5687353997,5687353997,426551550,0,0,0,0,0
2024-02-02,VRNA,Mizuho Leasing Indonesia Tbk.,--U-2100000000G211------------,88.0,0.0,88.0,86.0,88.0,0.0,299300,26062400,41,88.8,88,76500,86,363900,5687353997,5687353997,426551550,0,23000,0,0,0
2024-02-01,VRNA,Mizuho Leasing Indonesia Tbk.,--U-2100000000G211------------,87.0,0.0,88.0,87.0,88.0,1.0,415200,36375800,34,88.8,88,45900,87,19600,5687353997,5687353997,426551550,0,0,0,0,0
2024-01-31,VRNA,Mizuho Leasing Indonesia Tbk.,--U-2100000000G211------------,87.0,0.0,88.0,87.0,88.0,1.0,415200,36375800,34,88.8,88,45900,87,19600,5687353997,5687353997,426551550,0,0,0,0,0
2024-01-30,VRNA,Mizuho Leasing Indonesia Tbk.,--U-2100000000G211------------,87.0,0.0,88.0,86.0,87.0,0.0,170600,14842100,35,87.8,87,51500,86,233900,5687353997,5687353997,426551550,0,6700,0,0,0
2024-01-29,VRNA,Mizuho Leasing Indonesia Tbk.,--U-2100000000G211------------,87.0,0.0,88.0,86.0,87.0,0.0,194200,16890700,42,87.8,87,42900,86,355300,5687353997,5687353997,426551550,0,33600,0,0,0
2024-01-26,VRNA,Mizuho Leasing Indonesia Tbk.,--U-2100000000G211------------,87.0,0.0,88.0,86.0,87.0,0.0,497700,43210300,50,87.8,87,154800,86,251800,5687353997,5687353997,426551550,0,0,0,0,0
2024-01-25,VRNA,Mizuho Leasing Indonesia Tbk.,--U-2100000000G211------------,88.0,0.0,88.0,86.0,87.0,-1.0,467500,40677700,30,87.8,88,109400,87,75600,5687353997,5687353997,426551550,26100,0,0,0,0
2024-01-24,VRNA,Mizuho Leasing Indonesia Tbk.,--U-2100000000G211------------,88.0,0.0,88.0,85.0,88.0,0.0,849500,73901300,60,88.8,88,228900,86,305800,5687353997,5687353997,426551550,0,26100,0,0,0
2024-01-23,VRNA,Mizuho Leasing Indonesia Tbk.,--U-2100000000G211------------,87.0,0.0,92.0,86.0,88.0,1.0,2602500,228784400,341,88.8,88,270700,86,61700,5687353997,5687353997,426551550,178200,15700,0,0,0
2024-01-22,VRNA,Mizuho Leasing Indonesia Tbk.,--U-2100000000G211------------,87.0,0.0,87.0,86.0,87.0,0.0,2268600,197003200,50,87.8,88,530000,87,25000,5687353997,5687353997,426551550,0,135300,0,0,0
2024-01-19,VRNA,Mizuho Leasing Indonesia Tbk.,--U-2100000000G211------------,87.0,0.0,88.0,87.0,87.0,0.0,222300,19505500,25,87.8,88,472900,87,25000,5687353997,5687353997,426551550,7000,10400,0,0,0
2024-01-18,VRNA,Mizuho Leasing Indonesia Tbk.,--U-2100000000G211------------,87.0,0.0,88.0,87.0,87.0,0.0,31900,2785300,12,87.8,87,12200,86,47700,5687353997,5687353997,426551550,0,5500,0,0,0
2024-01-17,VRNA,Mizuho Leasing Indonesia Tbk.,--U-2100000000G211------------,88.0,0.0,88.0,86.0,87.0,-1.0,201300,17459900,29,87.8,88,332900,86,172600,5687353997,5687353997,426551550,9900,10000,0,0,0
2024-01-16,VRNA,Mizuho Leasing Indonesia Tbk.,--U-2100000000G211------------,86.0,0.0,89.0,87.0,88.0,2.0,140100,12254400,34,88.8,88,183400,87,15100,5687353997,5687353997,426551550,15000,0,0,0,0
2024-01-15,VRNA,Mizuho Leasing Indonesia Tbk.,--U-2100000000G211------------,88.0,0.0,88.0,86.0,86.0,-2.0,115400,9967000,24,86.8,88,200300,86,5000,5687353997,5687353997,426551550,0,0,0,0,0
2024-01-12,VRNA,Mizuho Leasing Indonesia Tbk.,--U-2100000000G211------------,87.0,0.0,90.0,87.0,88.0,1.0,227900,20333800,36,88.8,88,200,87,154300,5687353997,5687353997,426551550,7000,0,0,0,0
2024-01-11,VRNA,Mizuho Leasing Indonesia Tbk.,--U-2100000000G211------------,87.0,0.0,88.0,86.0,87.0,0.0,247600,21533000,30,87.8,88,499300,87,139500,5687353997,5687353997,426551550,9700,22900,0,0,0
2024-01-10,VRNA,Mizuho Leasing Indonesia Tbk.,--U-2100000000G211------------,87.0,0.0,88.0,86.0,87.0,0.0,28100,2437900,13,87.8,88,517400,87,300,5687353997,5687353997,426551550,11200,0,0,0,0
2024-01-09,VRNA,Mizuho Leasing Indonesia Tbk.,--U-2100000000G211------------,88.0,0.0,88.0,87.0,87.0,-1.0,62400,5429900,14,87.8,87,40400,86,168300,5687353997,5687353997,426551550,0,0,0,0,0
2024-01-08,VRNA,Mizuho Leasing Indonesia Tbk.,--U-2100000000G211------------,88.0,0.0,88.0,86.0,88.0,0.0,392300,34438000,27,88.8,88,1300,87,59000,5687353997,5687353997,426551550,48300,0,0,0,0
2024-01-05,VRNA,Mizuho Leasing Indonesia Tbk.,--U-2100000000G211------------,88.0,0.0,89.0,86.0,88.0,0.0,132900,11693800,10,88.8,88,73000,87,53900,5687353997,5687353997,426551550,30000,0,0,0,0
2024-01-04,VRNA,Mizuho Leasing Indonesia Tbk.,--U-2100000000G211------------,86.0,0.0,89.0,87.0,88.0,2.0,467200,41407000,30,88.8,89,728800,87,51000,5687353997,5687353997,426551550,0,0,0,0,0
2024-01-03,VRNA,Mizuho Leasing Indonesia Tbk.,--U-2100000000G211------------,86.0,0.0,86.0,86.0,86.0,0.0,17200,1479200,13,86.8,87,10100,86,24200,5687353997,5687353997,426551550,0,0,0,0,0
2024-01-02,VRNA,Mizuho Leasing Indonesia Tbk.,--U-2100000000G211------------,86.0,0.0,86.0,85.0,86.0,0.0,91800,7814800,24,86.8,86,35200,85,22600,5687353997,5687353997,426551550,0,0,0,0,0
2023-12-29,VRNA,Mizuho Leasing Indonesia Tbk.,--U-2100000000G211------------,89.0,0.0,89.0,85.0,86.0,-3.0,39000,3355700,15,86.8,88,13900,86,12300,5687353997,5687353997,426551550,0,0,0,0,0
2023-12-28,VRNA,Mizuho Leasing Indonesia Tbk.,--U-2100000000G211------------,85.0,0.0,89.0,85.0,89.0,4.0,586900,51178700,48,89.8,89,177500,86,146500,5687353997,5687353997,426551550,0,0,0,0,0
2023-12-27,VRNA,Mizuho Leasing Indonesia Tbk.,--U-2100000000G211------------,86.0,0.0,86.0,84.0,85.0,-1.0,57000,4831800,7,85.8,86,2600,85,166300,5687353997,5687353997,426551550,13800,0,0,0,0
2023-12-22,VRNA,Mizuho Leasing Indonesia Tbk.,--U-2100000000G211------------,85.0,0.0,87.0,85.0,86.0,1.0,65400,5583300,10,86.8,86,84100,84,133800,5687353997,5687353997,426551550,10000,0,0,0,0
2023-12-21,VRNA,Mizuho Leasing Indonesia Tbk.,--U-2100000000G211------------,87.0,0.0,87.0,85.0,85.0,-2.0,662700,56394900,54,85.8,87,127900,84,136700,5687353997,5687353997,426551550,0,35200,0,0,0
2023-12-20,VRNA,Mizuho Leasing Indonesia Tbk.,--U-2100000000G211------------,88.0,0.0,89.0,86.0,87.0,-1.0,415900,36701900,46,87.8,87,2900,86,91300,5687353997,5687353997,426551550,26000,0,0,0,0
2023-12-19,VRNA,Mizuho Leasing Indonesia Tbk.,--U-2100000000G211------------,88.0,0.0,88.0,86.0,88.0,0.0,203500,17750900,18,88.8,88,91500,86,102200,5687353997,5687353997,426551550,0,14200,0,0,0
2023-12-18,VRNA,Mizuho Leasing Indonesia Tbk.,--U-2100000000G211------------,88.0,0.0,90.0,87.0,88.0,0.0,397500,35217400,45,88.8,89,140200,87,19400,5687353997,5687353997,426551550,9300,5300,0,0,0
2023-12-15,VRNA,Mizuho Leasing Indonesia Tbk.,--U-2100000000G211------------,89.0,0.0,89.0,87.0,88.0,-1.0,172100,15126800,16,88.8,88,4100,87,3100,5687353997,5687353997,426551550,0,5700,0,0,0
2023-12-14,VRNA,Mizuho Leasing Indonesia Tbk.,--U-2100000000G211------------,89.0,0.0,89.0,88.0,89.0,0.0,122100,10746100,8,89.8,89,54900,87,29500,5687353997,5687353997,426551550,0,29800,0,0,0
2023-12-13,VRNA,Mizuho Leasing Indonesia Tbk.,--U-2100000000G211------------,89.0,0.0,89.0,88.0,89.0,0.0,356200,31660700,24,89.8,89,35000,87,23000,5687353997,5687353997,426551550,10000,0,0,0,0
2023-12-12,VRNA,Mizuho Leasing Indonesia Tbk.,--U-2100000000G211------------,87.0,0.0,89.0,86.0,89.0,2.0,667100,59220400,71,89.8,88,18100,87,16700,5687353997,5687353997,426551550,0,0,0,0,0
2023-12-11,VRNA,Mizuho Leasing Indonesia Tbk.,--U-2100000000G211------------,87.0,0.0,88.0,87.0,87.0,0.0,33500,2914800,15,87.8,87,1900,86,41500,5687353997,5687353997,426551550,0,0,0,0,0
2023-12-08,VRNA,Mizuho Leasing Indonesia Tbk.,--U-2100000000G211------------,89.0,0.0,90.0,87.0,87.0,-2.0,197600,17512300,27,87.8,90,19000,87,95500,5687353997,5687353997,426551550,0,0,0,0,0
2023-12-07,VRNA,Mizuho Leasing Indonesia Tbk.,--U-2100000000G211------------,88.0,0.0,89.0,87.0,89.0,1.0,195900,17235000,15,89.8,89,44900,88,200,5687353997,5687353997,426551550,0,10000,0,0,0
2023-12-06,VRNA,Mizuho Leasing Indonesia Tbk.,--U-2100000000G211------------,87.0,0.0,88.0,86.0,88.0,1.0,68100,5867600,20,88.8,87,10000,86,17400,5687353997,5687353997,426551550,0,5400,0,0,0
2023-12-05,VRNA,Mizuho Leasing Indonesia Tbk.,--U-2100000000G211------------,88.0,0.0,90.0,87.0,87.0,-1.0,146500,12973900,21,87.8,90,2100,87,7300,5687353997,5687353997,426551550,0,0,0,0,0
2023-12-04,VRNA,Mizuho Leasing Indonesia Tbk.,--U-2100000000G211------------,88.0,0.0,89.0,87.0,88.0,0.0,63300,5576200,23,88.8,88,1200,87,20000,5687353997,5687353997,426551550,0,0,0,0,0
2023-12-01,VRNA,Mizuho Leasing Indonesia Tbk.,--U-2100000000G211------------,88.0,0.0,89.0,88.0,88.0,0.0,63000,5544200,5,88.8,89,14300,87,10700,5687353997,5687353997,426551550,0,0,0,0,0
2023-11-30,VRNA,Mizuho Leasing Indonesia Tbk.,--U-2100000000G211------------,88.0,0.0,89.0,86.0,88.0,0.0,258600,22726700,40,88.8,88,108900,87,28600,5687353997,5687353997,426551550,0,35500,0,0,0
2023-11-29,VRNA,Mizuho Leasing Indonesia Tbk.,--U-2100000000G211------------,89.0,0.0,88.0,87.0,88.0,-1.0,13800,1208700,6,88.8,88,37200,87,8700,5687353997,5687353997,426551550,0,0,0,0,0
2023-11-28,VRNA,Mizuho Leasing Indonesia Tbk.,--U-2100000000G211------------,88.0,0.0,89.0,87.0,89.0,1.0,124300,11013300,22,89.8,89,23000,87,34500,5687353997,5687353997,426551550,0,0,0,0,0
2023-11-27,VRNA,Mizuho Leasing Indonesia Tbk.,--U-2100000000G211------------,86.0,0.0,91.0,87.0,88.0,2.0,1126800,101642900,59,88.8,88,105100,87,55800,5687353997,5687353997,426551550,223100,44500,0,0,0
2023-11-24,VRNA,Mizuho Leasing Indonesia Tbk.,--U-2100000000G211------------,85.0,0.0,89.0,84.0,86.0,1.0,243700,21472500,29,86.8,88,3500,86,9800,5687353997,5687353997,426551550,4100,0,0,0,0
2023-11-23,VRNA,Mizuho Leasing Indonesia Tbk.,--U-2100000000G211------------,85.0,0.0,86.0,85.0,85.0,0.0,74700,6362000,19,85.8,86,67900,85,86100,5687353997,5687353997,426551550,1000,0,0,0,0
2023-11-22,VRNA,Mizuho Leasing Indonesia Tbk.,--U-2100000000G211------------,86.0,0.0,87.0,85.0,85.0,-1.0,398200,33888500,55,85.8,87,11500,85,18400,5687353997,5687353997,426551550,0,0,0,0,0
2023-11-21,VRNA,Mizuho Leasing Indonesia Tbk.,--U-2100000000G211------------,88.0,0.0,90.0,86.0,86.0,-2.0,398100,34690000,49,86.8,87,4000,86,120400,5687353997,5687353997,426551550,6400,0,0,0,0
2023-11-20,VRNA,Mizuho Leasing Indonesia Tbk.,--U-2100000000G211------------,89.0,0.0,89.0,85.0,88.0,-1.0,593300,51161700,50,88.8,87,20000,86,252700,5687353997,5687353997,426551550,100,0,0,0,0
2023-11-17,VRNA,Mizuho Leasing Indonesia Tbk.,--U-2100000000G211------------,86.0,0.0,91.0,87.0,89.0,3.0,1187800,105832200,252,89.8,89,103000,87,158800,5687353997,5687353997,426551550,66900,0,0,0,0
2023-11-16,VRNA,Mizuho Leasing Indonesia Tbk.,--U-2100000000G211------------,89.0,0.0,89.0,86.0,86.0,-3.0,374500,32273800,34,86.8,87,10000,86,2300,5687353997,5687353997,426551550,0,0,0,0,0
2023-11-15,VRNA,Mizuho Leasing Indonesia Tbk.,--U-2100000000G211------------,90.0,0.0,90.0,88.0,89.0,-1.0,23600,2079000,9,89.8,89,148100,88,300,5687353997,5687353997,426551550,12400,0,0,0,0
2023-11-14,VRNA,Mizuho Leasing Indonesia Tbk.,--U-2100000000G211------------,87.0,0.0,90.0,86.0,90.0,3.0,341700,30196000,27,90.8,89,185000,87,37200,5687353997,5687353997,426551550,0,0,0,0,0
2023-11-13,VRNA,Mizuho Leasing Indonesia Tbk.,--U-2100000000G211------------,86.0,0.0,89.0,87.0,87.0,1.0,68200,6032800,16,87.8,87,185000,86,8400,5687353997,5687353997,426551550,0,0,0,0,0
2023-11-10,VRNA,Mizuho Leasing Indonesia Tbk.,--U-2100000000G211------------,87.0,0.0,90.0,85.0,86.0,-1.0,359300,31583300,38,86.8,88,3000,86,9700,5687353997,5687353997,426551550,400,0,0,0,0
2023-11-09,VRNA,Mizuho Leasing Indonesia Tbk.,--U-2100000000G211------------,87.0,0.0,87.0,86.0,87.0,0.0,205300,17836000,15,87.8,87,23100,86,6700,5687353997,5687353997,426551550,0,0,0,0,0
2023-11-08,VRNA,Mizuho Leasing Indonesia Tbk.,--U-2100000000G211------------,87.0,0.0,87.0,85.0,87.0,0.0,97700,8463800,22,87.8,87,66000,86,500,5687353997,5687353997,426551550,0,0,0,0,0
2023-11-07,VRNA,Mizuho Leasing Indonesia Tbk.,--U-2100000000G211------------,87.0,0.0,90.0,83.0,87.0,0.0,1857200,157950900,132,87.8,87,131900,85,76800,5687353997,5687353997,426551550,23400,0,0,0,0
2023-11-06,VRNA,Mizuho Leasing Indonesia Tbk.,--U-2100000000G211------------,90.0,0.0,90.0,87.0,87.0,-3.0,124900,11023200,28,87.8,89,4000,87,32100,5687353997,5687353997,426551550,3300,0,0,0,0
2023-11-03,VRNA,Mizuho Leasing Indonesia Tbk.,--U-2100000000G211------------,88.0,0.0,90.0,87.0,90.0,2.0,97900,8778400,19,90.8,90,90500,88,10000,5687353997,5687353997,426551550,0,0,0,0,0
2023-11-02,VRNA,Mizuho Leasing Indonesia Tbk.,--U-2100000000G211------------,88.0,0.0,88.0,87.0,88.0,0.0,28100,2452200,13,88.8,88,24000,87,2100,5687353997,5687353997,426551550,0,0,0,0,0
2023-11-01,VRNA,Mizuho Leasing Indonesia Tbk.,--U-2100000000G211------------,86.0,0.0,91.0,86.0,88.0,2.0,412200,36840400,73,88.8,88,45900,87,3600,5687353997,5687353997,426551550,68200,0,0,0,0
2023-10-31,VRNA,Mizuho Leasing Indonesia Tbk.,--U-2100000000G211------------,86.0,0.0,89.0,86.0,86.0,0.0,105300,9126600,24,86.8,86,129600,85,19100,5687353997,5687353997,426551550,10100,0,0,0,0
2023-10-30,VRNA,Mizuho Leasing Indonesia Tbk.,--U-2100000000G211------------,88.0,0.0,88.0,85.0,86.0,-2.0,117000,10059100,24,86.8,88,70000,85,5400,5687353997,5687353997,426551550,0,0,0,0,0
2023-10-27,VRNA,Mizuho Leasing Indonesia Tbk.,--U-2100000000G211------------,88.0,0.0,88.0,86.0,88.0,0.0,90600,7942500,12,88.8,88,105200,86,44900,5687353997,5687353997,426551550,0,0,0,0,0
2023-10-26,VRNA,Mizuho Leasing Indonesia Tbk.,--U-2100000000G211------------,89.0,0.0,89.0,84.0,88.0,-1.0,368400,32027900,32,88.8,88,18600,87,100,5687353997,5687353997,426551550,12000,0,0,0,0
2023-10-25,VRNA,Mizuho Leasing Indonesia Tbk.,--U-2100000000G211------------,88.0,0.0,90.0,88.0,89.0,1.0,32300,2875800,17,89.8,89,30100,88,60000,5687353997,5687353997,426551550,0,0,0,0,0
2023-10-24,VRNA,Mizuho Leasing Indonesia Tbk.,--U-2100000000G211------------,88.0,0.0,90.0,88.0,88.0,0.0,269700,23849000,57,88.8,89,51500,87,36200,5687353997,5687353997,426551550,1000,0,0,0,0
2023-10-23,VRNA,Mizuho Leasing Indonesia Tbk.,--U-2100000000G211------------,91.0,0.0,89.0,88.0,88.0,-3.0,224900,19931500,29,88.8,88,168500,87,300,5687353997,5687353997,426551550,0,0,0,0,0
2023-10-20,VRNA,Mizuho Leasing Indonesia Tbk.,--U-2100000000G211------------,91.0,0.0,91.0,88.0,91.0,0.0,215800,19229400,18,91.8,90,20000,88,5200,5687353997,5687353997,426551550,0,0,0,0,0
2023-10-19,VRNA,Mizuho Leasing Indonesia Tbk.,--U-2100000000G211------------,91.0,0.0,91.0,90.0,91.0,0.0,13200,1193000,5,91.8,91,8900,90,2000,5687353997,5687353997,426551550,0,0,0,0,0
2023-10-18,VRNA,Mizuho Leasing Indonesia Tbk.,--U-2100000000G211------------,91.0,0.0,91.0,89.0,91.0,0.0,382800,34767600,22,91.8,91,15100,89,40800,5687353997,5687353997,426551550,22000,0,0,0,0
2023-10-17,VRNA,Mizuho Leasing Indonesia Tbk.,--U-2100000000G211------------,92.0,0.0,92.0,89.0,91.0,-1.0,64700,5822300,15,91.8,91,306200,90,600,5687353997,5687353997,426551550,0,0,0,0,0
2023-10-16,VRNA,Mizuho Leasing Indonesia Tbk.,--U-2100000000G211------------,91.0,0.0,92.0,89.0,92.0,1.0,352000,31749900,44,92.8,91,10000,90,100,5687353997,5687353997,426551550,3300,0,0,0,0
2023-10-13,VRNA,Mizuho Leasing Indonesia Tbk.,--U-2100000000G211------------,90.0,0.0,91.0,89.0,91.0,1.0,274200,24829100,42,91.8,91,79500,90,100,5687353997,5687353997,426551550,0,0,0,0,0
2023-10-12,VRNA,Mizuho Leasing Indonesia Tbk.,--U-2100000000G211------------,91.0,0.0,91.0,90.0,90.0,-1.0,318700,28893800,38,90.8,92,82300,90,17900,5687353997,5687353997,426551550,4800,0,0,0,0
2023-10-11,VRNA,Mizuho Leasing Indonesia Tbk.,--U-2100000000G211------------,90.0,0.0,91.0,90.0,91.0,1.0,23300,2097800,9,91.8,91,10900,90,3000,5687353997,5687353997,426551550,6000,0,0,0,0
2023-10-10,VRNA,Mizuho Leasing Indonesia Tbk.,--U-2100000000G211------------,90.0,0.0,91.0,89.0,90.0,0.0,316100,28199400,35,90.8,90,200,89,103300,5687353997,5687353997,426551550,0,0,0,0,0
2023-10-09,VRNA,Mizuho Leasing Indonesia Tbk.,--U-2100000000G211------------,91.0,0.0,91.0,89.0,90.0,-1.0,322000,28659200,19,90.8,90,62200,89,2000,5687353997,5687353997,426551550,0,0,0,0,0
2023-10-06,VRNA,Mizuho Leasing Indonesia Tbk.,--U-2100000000G211------------,91.0,0.0,91.0,89.0,91.0,0.0,82700,7451900,23,91.8,91,52100,89,74400,5687353997,5687353997,426551550,900,0,0,0,0
2023-10-05,VRNA,Mizuho Leasing Indonesia Tbk.,--U-2100000000G211------------,90.0,0.0,91.0,89.0,91.0,1.0,53600,4819100,23,91.8,91,97600,90,3300,5687353997,5687353997,426551550,700,0,0,0,0
2023-10-04,VRNA,Mizuho Leasing Indonesia Tbk.,--U-2100000000G211------------,90.0,0.0,90.0,89.0,90.0,0.0,4400,392600,12,90.8,90,48700,89,6300,5687353997,5687353997,426551550,0,0,0,0,0
2023-10-03,VRNA,Mizuho Leasing Indonesia Tbk.,--U-2100000000G211------------,90.0,0.0,91.0,88.0,90.0,0.0,409300,36513800,32,90.8,90,10300,89,96400,5687353997,5687353997,426551550,15300,0,0,0,0
2023-10-02,VRNA,Mizuho Leasing Indonesia Tbk.,--U-2100000000G211------------,91.0,0.0,92.0,88.0,90.0,-1.0,755000,67227100,44,90.8,90,353500,89,37100,5687353997,5687353997,426551550,3000,0,0,0,0
2023-09-29,VRNA,Mizuho Leasing Indonesia Tbk.,--U-2100000000G211------------,89.0,0.0,91.0,88.0,91.0,2.0,411300,36830200,53,91.8,91,138400,89,30700,5687353997,5687353997,426551550,0,0,0,0,0
2023-09-27,VRNA,Mizuho Leasing Indonesia Tbk.,--U-2100000000G211------------,89.0,0.0,89.0,87.0,89.0,0.0,221500,19496800,19,89.8,89,127200,88,147300,5687353997,5687353997,426551550,0,0,0,0,0
2023-09-26,VRNA,Mizuho Leasing Indonesia Tbk.,--U-2100000000G211------------,89.0,0.0,90.0,88.0,89.0,0.0,427300,37657100,43,89.8,89,400,88,54000,5687353997,5687353997,426551550,100,0,0,0,0
2023-09-25,VRNA,Mizuho Leasing Indonesia Tbk.,--U-2100000000G211------------,89.0,0.0,90.0,88.0,89.0,0.0,161700,14373100,30,89.8,90,99900,89,27900,5687353997,5687353997,426551550,200,0,0,0,0
2023-09-22,VRNA,Mizuho Leasing Indonesia Tbk.,--U-2100000000G211------------,89.0,0.0,90.0,88.0,89.0,0.0,35800,3183500,22,89.8,89,103300,88,123000,5687353997,5687353997,426551550,500,0,0,0,0
2023-09-21,VRNA,Mizuho Leasing Indonesia Tbk.,--U-2100000000G211------------,89.0,0.0,89.0,88.0,89.0,0.0,139100,12259800,48,89.8,89,62500,88,51300,5687353997,5687353997,426551550,1500,0,0,0,0
2023-09-20,VRNA,Mizuho Leasing Indonesia Tbk.,--U-2100000000G211------------,89.0,0.0,90.0,88.0,89.0,0.0,212900,18767800,41,89.8,89,36900,88,18500,5687353997,5687353997,426551550,0,0,0,0,0
2023-09-19,VRNA,Mizuho Leasing Indonesia Tbk.,--U-2100000000G211------------,88.0,0.0,90.0,88.0,89.0,1.0,43100,3837900,25,89.8,89,59900,88,68000,5687353997,5687353997,426551550,0,0,0,0,0
2023-09-18,VRNA,Mizuho Leasing Indonesia Tbk.,--U-2100000000G211------------,90.0,0.0,90.0,88.0,88.0,-2.0,492600,43529200,48,88.8,89,177900,88,20800,5687353997,5687353997,426551550,0,0,0,0,0
2023-09-15,VRNA,Mizuho Leasing Indonesia Tbk.,--U-2100000000G211------------,90.0,0.0,91.0,90.0,90.0,0.0,59800,5382100,11,90.8,91,17300,90,7000,5687353997,5687353997,426551550,0,0,0,0,0
2023-09-14,VRNA,Mizuho Leasing Indonesia Tbk.,--U-2100000000G211------------,90.0,0.0,91.0,89.0,90.0,0.0,100900,9048800,13,90.8,91,73500,90,12000,5687353997,5687353997,426551550,0,0,0,0,0
2023-09-13,VRNA,Mizuho Leasing Indonesia Tbk.,--U-2100000000G211------------,90.0,0.0,91.0,90.0,90.0,0.0,54700,4943100,15,90.8,90,40700,89,161700,5687353997,5687353997,426551550,0,0,0,0,0
2023-09-12,VRNA,Mizuho Leasing Indonesia Tbk.,--U-2100000000G211------------,90.0,0.0,91.0,90.0,90.0,0.0,80500,7255900,23,90.8,91,242300,90,15900,5687353997,5687353997,426551550,0,0,0,0,0
2023-09-11,VRNA,Mizuho Leasing Indonesia Tbk.,--U-2100000000G211------------,90.0,0.0,91.0,90.0,90.0,0.0,6000,542000,12,90.8,91,166100,90,19400,5687353997,5687353997,426551550,0,0,0,0,0
2023-09-08,VRNA,Mizuho Leasing Indonesia Tbk.,--U-2100000000G211------------,91.0,0.0,91.0,89.0,90.0,-1.0,103400,9306300,17,90.8,91,48700,90,134600,5687353997,5687353997,426551550,0,0,0,0,0
2023-09-07,VRNA,Mizuho Leasing Indonesia Tbk.,--U-2100000000G211------------,92.0,0.0,92.0,90.0,91.0,-1.0,118900,10815700,17,91.8,92,168700,90,196100,5687353997,5687353997,426551550,0,0,0,0,0
2023-09-06,VRNA,Mizuho Leasing Indonesia Tbk.,--U-2100000000G211------------,91.0,0.0,92.0,90.0,92.0,1.0,158200,14482400,21,92.8,92,1500,90,128100,5687353997,5687353997,426551550,1000,0,0,0,0
2023-09-05,VRNA,Mizuho Leasing Indonesia Tbk.,--U-2100000000G211------------,90.0,0.0,91.0,89.0,91.0,1.0,540100,48821300,49,91.8,91,19800,90,151300,5687353997,5687353997,426551550,800,0,0,0,0
2023-09-04,VRNA,Mizuho Leasing Indonesia Tbk.,--U-2100000000G211------------,91.0,0.0,92.0,90.0,90.0,-1.0,714600,64736800,58,90.8,91,220000,90,347100,5687353997,5687353997,426551550,0,0,0,0,0
2023-09-01,VRNA,Mizuho Leasing Indonesia Tbk.,--U-2100000000G211------------,92.0,0.0,92.0,91.0,91.0,-1.0,301100,27407100,26,91.8,92,97600,91,53100,5687353997,5687353997,426551550,0,0,0,0,0
2023-08-31,VRNA,Mizuho Leasing Indonesia Tbk.,--U-2100000000G211------------,92.0,0.0,93.0,91.0,92.0,0.0,182200,16644900,33,92.8,92,49700,91,186100,5687353997,5687353997,426551550,0,63000,0,0,0
2023-08-30,VRNA,Mizuho Leasing Indonesia Tbk.,--U-2100000000G211------------,92.0,0.0,93.0,91.0,92.0,0.0,164100,15079300,25,92.8,93,104000,92,240200,5687353997,5687353997,426551550,0,49500,0,0,0
2023-08-29,VRNA,Mizuho Leasing Indonesia Tbk.,--U-2100000000G211------------,93.0,0.0,93.0,92.0,92.0,-1.0,167300,15392200,40,92.8,93,47000,92,35800,5687353997,5687353997,426551550,0,27800,0,0,0
2023-08-28,VRNA,Mizuho Leasing Indonesia Tbk.,--U-2100000000G211------------,93.0,0.0,93.0,91.0,93.0,0.0,56000,5151800,12,93.8,93,158400,92,115500,5687353997,5687353997,426551550,0,0,0,0,0
2023-08-25,VRNA,Mizuho Leasing Indonesia Tbk.,--U-2100000000G211------------,92.0,0.0,93.0,92.0,93.0,1.0,160700,14895100,19,93.8,93,59400,92,58000,5687353997,5687353997,426551550,30500,28200,0,0,0
2023-08-24,VRNA,Mizuho Leasing Indonesia Tbk.,--U-2100000000G211------------,92.0,0.0,94.0,92.0,92.0,0.0,257300,23962700,37,92.8,93,49000,92,105900,5687353997,5687353997,426551550,0,0,0,0,0
2023-08-23,VRNA,Mizuho Leasing Indonesia Tbk.,--U-2100000000G211------------,92.0,0.0,93.0,91.0,92.0,0.0,60300,5546500,37,92.8,93,95600,92,3100,5687353997,5687353997,426551550,0,0,0,0,0
2023-08-22,VRNA,Mizuho Leasing Indonesia Tbk.,--U-2100000000G211------------,92.0,0.0,93.0,91.0,92.0,0.0,522300,47874700,59,92.8,92,5300,91,166700,5687353997,5687353997,426551550,0,15000,0,0,0
2023-08-21,VRNA,Mizuho Leasing Indonesia Tbk.,--U-2100000000G211------------,92.0,0.0,96.0,91.0,92.0,0.0,316700,29092400,60,92.8,93,82400,92,1800,5687353997,5687353997,426551550,0,0,0,0,0
2023-08-18,VRNA,Mizuho Leasing Indonesia Tbk.,--U-2100000000G211------------,92.0,0.0,93.0,91.0,92.0,0.0,514100,47282700,46,92.8,93,117700,92,1000,5687353997,5687353997,426551550,0,0,0,0,0
2023-08-16,VRNA,Mizuho Leasing Indonesia Tbk.,--U-2100000000G211------------,93.0,0.0,93.0,91.0,92.0,-1.0,423100,38898900,65,92.8,93,115800,92,4100,5687353997,5687353997,426551550,46600,0,0,0,0
2023-08-15,VRNA,Mizuho Leasing Indonesia Tbk.,--U-2100000000G211------------,93.0,0.0,94.0,92.0,93.0,0.0,459500,42532900,70,93.8,93,11600,92,171300,5687353997,5687353997,426551550,100,21000,0,0,0
2023-08-14,VRNA,Mizuho Leasing Indonesia Tbk.,--U-2100000000G211------------,93.0,0.0,95.0,92.0,93.0,0.0,692600,64375400,74,93.8,93,27500,92,239200,5687353997,5687353997,426551550,67900,0,0,0,0
2023-08-11,VRNA,Mizuho Leasing Indonesia Tbk.,--U-2100000000G211------------,94.0,0.0,94.0,92.0,93.0,-1.0,1061900,98625700,85,93.8,94,49600,93,24500,5687353997,5687353997,426551550,0,57400,0,0,0
2023-08-10,VRNA,Mizuho Leasing Indonesia Tbk.,--U-2100000000G211------------,93.0,0.0,95.0,93.0,94.0,1.0,432800,40383300,53,94.8,94,17700,93,295800,5687353997,5687353997,426551550,16300,0,0,0,0
2023-08-09,VRNA,Mizuho Leasing Indonesia Tbk.,--U-2100000000G211------------,93.0,0.0,99.0,92.0,93.0,0.0,492600,46232400,94,93.8,94,15500,93,7000,5687353997,5687353997,426551550,36100,0,0,0,0
2023-08-08,VRNA,Mizuho Leasing Indonesia Tbk.,--U-2100000000G211------------,93.0,0.0,94.0,92.0,93.0,0.0,1051300,97299100,95,93.8,93,2300,92,184500,5687353997,5687353997,426551550,0,0,0,0,0
2023-08-07,VRNA,Mizuho Leasing Indonesia Tbk.,--U-2100000000G211------------,93.0,0.0,94.0,92.0,93.0,0.0,456600,42463500,56,93.8,93,112300,92,139600,5687353997,5687353997,426551550,0,0,0,0,0
2023-08-04,VRNA,Mizuho Leasing Indonesia Tbk.,--U-2100000000G211------------,92.0,0.0,95.0,91.0,93.0,1.0,941200,87218600,84,93.8,93,103300,92,400,5687353997,5687353997,426551550,18700,18700,0,0,0
2023-08-03,VRNA,Mizuho Leasing Indonesia Tbk.,--U-2100000000G211------------,91.0,0.0,93.0,91.0,92.0,1.0,283900,25982800,41,92.8,92,222200,91,208600,5687353997,5687353997,426551550,0,0,0,0,0
2023-08-02,VRNA,Mizuho Leasing Indonesia Tbk.,--U-2100000000G211------------,91.0,0.0,93.0,91.0,91.0,0.0,323800,29632800,53,91.8,92,2500,91,37400,5687353997,5687353997,426551550,0,0,0,0,0
2023-08-01,VRNA,Mizuho Leasing Indonesia Tbk.,--U-2100000000G211------------,92.0,0.0,92.0,90.0,91.0,-1.0,726900,66405600,84,91.8,92,58800,91,650400,5687353997,5687353997,426551550,0,19000,0,0,0
2023-07-31,VRNA,Mizuho Leasing Indonesia Tbk.,--U-2100000000G211------------,92.0,0.0,93.0,91.0,92.0,0.0,226200,20831600,58,92.8,92,21100,91,260600,5687353997,5687353997,426551550,0,0,0,0,0
2023-07-28,VRNA,Mizuho Leasing Indonesia Tbk.,--U-2100000000G211------------,92.0,0.0,92.0,91.0,92.0,0.0,372800,33976300,28,92.8,93,132100,92,100,5687353997,5687353997,426551550,0,0,0,0,0
2023-07-27,VRNA,Mizuho Leasing Indonesia Tbk.,--U-2100000000G211------------,93.0,0.0,94.0,91.0,92.0,-1.0,533800,49042300,74,92.8,93,81400,92,400,5687353997,5687353997,426551550,0,0,0,0,0
2023-07-26,VRNA,Mizuho Leasing Indonesia Tbk.,--U-2100000000G211------------,92.0,0.0,94.0,92.0,93.0,1.0,556600,51549800,79,93.8,94,22200,93,18000,5687353997,5687353997,426551550,0,0,0,0,0
2023-07-25,VRNA,Mizuho Leasing Indonesia Tbk.,--U-2100000000G211------------,92.0,0.0,93.0,90.0,92.0,0.0,694000,63105700,73,92.8,92,98200,91,50700,5687353997,5687353997,426551550,0,0,0,0,0
2023-07-24,VRNA,Mizuho Leasing Indonesia Tbk.,--U-2100000000G211------------,93.0,0.0,93.0,91.0,92.0,-1.0,458900,41868900,75,92.8,92,8500,91,478900,5687353997,5687353997,426551550,0,0,0,0,0
2023-07-21,VRNA,Mizuho Leasing Indonesia Tbk.,--U-2100000000G211------------,92.0,0.0,93.0,91.0,93.0,1.0,85600,7905000,54,93.8,93,17700,92,84900,5687353997,5687353997,426551550,0,0,0,0,0
2023-07-20,VRNA,Mizuho Leasing Indonesia Tbk.,--U-2100000000G211------------,91.0,0.0,94.0,90.0,92.0,1.0,1717000,158922600,186,92.8,93,111300,92,238600,5687353997,5687353997,426551550,0,0,0,0,0
2023-07-18,VRNA,Mizuho Leasing Indonesia Tbk.,--U-2100000000G211------------,92.0,0.0,93.0,90.0,91.0,-1.0,1308500,119140900,150,91.8,92,103200,91,14300,5687353997,5687353997,426551550,0,0,0,0,0
2023-07-17,VRNA,Mizuho Leasing Indonesia Tbk.,--U-2100000000G211------------,94.0,0.0,94.0,91.0,92.0,-2.0,2353900,217188200,157,92.8,92,336200,91,564200,5687353997,5687353997,426551550,0,409000,0,0,0
2023-07-14,VRNA,Mizuho Leasing Indonesia Tbk.,--U-2100000000G211------------,92.0,0.0,108.0,93.0,94.0,2.0,14047200,1352007000,1066,94.8,94,60200,93,789200,5687353997,5687353997,426551550,396200,72100,0,0,0
2023-07-13,VRNA,Mizuho Leasing Indonesia Tbk.,--U-2100000000G211------------,93.0,0.0,94.0,85.0,92.0,-1.0,2867300,264547800,109,92.8,94,48100,92,1008000,5687353997,5687353997,426551550,0,0,0,0,0
2023-07-12,VRNA,Mizuho Leasing Indonesia Tbk.,--U-2100000000G211------------,93.0,0.0,95.0,86.0,93.0,0.0,2267700,210769700,125,93.8,94,50900,93,226000,5687353997,5687353997,426551550,600,0,0,0,0
2023-07-11,VRNA,Mizuho Leasing Indonesia Tbk.,--U-2100000000G211------------,92.0,0.0,94.0,92.0,93.0,1.0,430400,40022300,62,93.8,94,22700,93,23000,5687353997,5687353997,426551550,0,0,0,0,0
2023-07-10,VRNA,Mizuho Leasing Indonesia Tbk.,--U-2100000000G211------------,94.0,0.0,95.0,89.0,92.0,-2.0,1387500,128912500,94,92.8,94,16200,92,316800,5687353997,5687353997,426551550,0,0,0,0,0
2023-07-07,VRNA,Mizuho Leasing Indonesia Tbk.,--U-2100000000G211------------,93.0,0.0,95.0,88.0,94.0,1.0,1256300,116088400,117,94.8,94,1295300,92,300000,5687353997,5687353997,426551550,0,0,0,0,0
2023-07-06,VRNA,Mizuho Leasing Indonesia Tbk.,--U-2100000000G211------------,91.0,0.0,96.0,90.0,93.0,2.0,4072300,379512700,325,93.8,93,565800,92,434100,5687353997,5687353997,426551550,41100,118200,0,0,0
2023-07-05,VRNA,Mizuho Leasing Indonesia Tbk.,--U-2100000000G211------------,91.0,0.0,93.0,85.0,91.0,0.0,1810300,166045300,141,91.8,92,10000,91,322000,5687353997,5687353997,426551550,37500,9900,0,0,0
2023-07-04,VRNA,Mizuho Leasing Indonesia Tbk.,--U-2100000000G211------------,94.0,0.0,95.0,90.0,91.0,-3.0,2729500,249631900,220,91.8,92,158500,91,55600,5687353997,5687353997,426551550,0,97300,0,0,0
2023-07-03,VRNA,Mizuho Leasing Indonesia Tbk.,--U-2100000000G211------------,92.0,0.0,95.0,92.0,94.0,2.0,2358800,219390800,297,94.8,95,256600,93,200,5687353997,5687353997,426551550,10000,187900,0,0,0
2023-06-27,VRNA,Mizuho Leasing Indonesia Tbk.,--U-2100000000G211------------,90.0,0.0,109.0,89.0,92.0,2.0,27398000,2769602800,3678,92.8,93,37000,92,198200,5687353997,5687353997,426551550,243300,0,0,0,0
2023-06-26,VRNA,Mizuho Leasing Indonesia Tbk.,--U-2100000000G211------------,90.0,0.0,93.0,85.0,90.0,0.0,626200,57326500,78,90.8,91,100,90,128800,5687353997,5687353997,426551550,73600,0,0,0,0
2023-06-23,VRNA,Mizuho Leasing Indonesia Tbk.,--U-2100000000G211------------,90.0,0.0,92.0,90.0,90.0,0.0,420900,38642300,57,90.8,92,82100,90,200100,5687353997,5687353997,426551550,0,0,0,0,0
2023-06-22,VRNA,Mizuho Leasing Indonesia Tbk.,--U-2100000000G211------------,90.0,0.0,93.0,89.0,90.0,0.0,423800,38865400,69,90.8,91,300,90,198300,5687353997,5687353997,426551550,0,0,0,0,0
2023-06-21,VRNA,Mizuho Leasing Indonesia Tbk.,--U-2100000000G211------------,88.0,0.0,94.0,88.0,90.0,2.0,2163000,196612900,359,90.8,91,75000,90,313200,5687353997,5687353997,426551550,50400,107200,0,0,0
2023-06-20,VRNA,Mizuho Leasing Indonesia Tbk.,--U-2100000000G211------------,91.0,0.0,91.0,88.0,88.0,-3.0,477100,42332800,74,88.8,91,36100,88,137100,5687353997,5687353997,426551550,0,10000,0,0,0
2023-06-19,VRNA,Mizuho Leasing Indonesia Tbk.,--U-2100000000G211------------,90.0,0.0,92.0,88.0,91.0,1.0,267700,24333600,60,91.8,92,20400,91,11300,5687353997,5687353997,426551550,0,0,0,0,0
2023-06-16,VRNA,Mizuho Leasing Indonesia Tbk.,--U-2100000000G211------------,89.0,0.0,91.0,88.0,90.0,1.0,479900,43181700,72,90.8,90,100,89,73800,5687353997,5687353997,426551550,0,0,0,0,0
2023-06-15,VRNA,Mizuho Leasing Indonesia Tbk.,--U-2100000000G211------------,90.0,0.0,90.0,86.0,89.0,-1.0,751700,65586700,78,89.8,89,59900,88,300,5687353997,5687353997,426551550,0,17200,0,0,0
2023-06-14,VRNA,Mizuho Leasing Indonesia Tbk.,--U-2100000000G211------------,89.0,0.0,90.0,88.0,90.0,1.0,127200,11358500,49,90.8,90,41800,89,129900,5687353997,5687353997,426551550,0,0,0,0,0
2023-06-13,VRNA,Mizuho Leasing Indonesia Tbk.,--U-2100000000G211------------,89.0,0.0,91.0,88.0,89.0,0.0,781600,69814300,126,89.8,89,9100,88,172600,5687353997,5687353997,426551550,7400,123000,0,0,0
2023-06-12,VRNA,Mizuho Leasing Indonesia Tbk.,--U-2100000000G211------------,91.0,0.0,93.0,89.0,89.0,-2.0,274300,24761400,67,89.8,91,31300,89,130900,5687353997,5687353997,426551550,0,0,0,0,0
2023-06-09,VRNA,Mizuho Leasing Indonesia Tbk.,--U-2100000000G211------------,90.0,0.0,91.0,89.0,91.0,1.0,317800,28705900,63,91.8,92,42700,90,50000,5687353997,5687353997,426551550,0,0,0,0,0
2023-06-08,VRNA,Mizuho Leasing Indonesia Tbk.,--U-2100000000G211------------,90.0,0.0,92.0,89.0,90.0,0.0,377800,34153500,70,90.8,91,39300,90,10600,5687353997,5687353997,426551550,31200,44400,0,0,0
2023-06-07,VRNA,Mizuho Leasing Indonesia Tbk.,--U-2100000000G211------------,92.0,0.0,94.0,87.0,90.0,-2.0,3703000,341279800,1606,90.8,90,1300,89,221000,5687353997,5687353997,426551550,299700,21300,0,0,0
2023-06-06,VRNA,Mizuho Leasing Indonesia Tbk.,--U-2100000000G211------------,93.0,0.0,93.0,92.0,92.0,-1.0,495000,45781000,61,92.8,93,43000,92,903000,5687353997,5687353997,426551550,0,0,0,0,0
2023-06-05,VRNA,Mizuho Leasing Indonesia Tbk.,--U-2100000000G211------------,93.0,0.0,96.0,92.0,93.0,0.0,13184600,1247972800,6614,93.8,93,167000,92,902000,5687353997,5687353997,426551550,200500,246600,0,0,0
2023-05-31,VRNA,Mizuho Leasing Indonesia Tbk.,--U-2100000000G211------------,94.0,0.0,94.0,93.0,93.0,-1.0,2084200,194587600,120,93.8,94,71100,93,201900,5687353997,5687353997,426551550,200,0,0,0,0
2023-05-30,VRNA,Mizuho Leasing Indonesia Tbk.,--U-2100000000G211------------,94.0,0.0,95.0,93.0,94.0,0.0,739600,69305300,59,94.8,94,3100,93,287000,5687353997,5687353997,426551550,0,0,0,0,0
2023-05-29,VRNA,Mizuho Leasing Indonesia Tbk.,--U-2100000000G211------------,93.0,0.0,95.0,92.0,94.0,1.0,37100,3440900,32,94.8,94,74100,93,497800,5687353997,5687353997,426551550,0,0,0,0,0
2023-05-26,VRNA,Mizuho Leasing Indonesia Tbk.,--U-2100000000G211------------,92.0,0.0,96.0,92.0,93.0,1.0,436200,40815700,63,93.8,93,8200,92,78800,5687353997,5687353997,426551550,0,56800,0,0,0
2023-05-25,VRNA,Mizuho Leasing Indonesia Tbk.,--U-2100000000G211------------,93.0,0.0,94.0,92.0,92.0,-1.0,231200,21313600,44,92.8,93,5700,92,100500,5687353997,5687353997,426551550,0,0,0,0,0
2023-05-24,VRNA,Mizuho Leasing Indonesia Tbk.,--U-2100000000G211------------,92.0,0.0,94.0,92.0,93.0,1.0,283700,26171900,48,93.8,94,9800,93,100,5687353997,5687353997,426551550,21200,0,0,0,0
2023-05-23,VRNA,Mizuho Leasing Indonesia Tbk.,--U-2100000000G211------------,91.0,0.0,97.0,89.0,92.0,1.0,1621000,151324500,301,92.8,94,9600,92,42200,5687353997,5687353997,426551550,107600,92900,0,0,0
2023-05-22,VRNA,Mizuho Leasing Indonesia Tbk.,--U-2100000000G211------------,91.0,0.0,91.0,89.0,91.0,0.0,168700,15192900,48,91.8,91,65000,90,42000,5687353997,5687353997,426551550,0,0,0,0,0
2023-05-19,VRNA,Mizuho Leasing Indonesia Tbk.,--U-2100000000G211------------,90.0,0.0,91.0,87.0,91.0,1.0,496500,44331300,64,91.8,91,27000,90,33700,5687353997,5687353997,426551550,0,0,0,0,0
2023-05-17,VRNA,Mizuho Leasing Indonesia Tbk.,--U-2100000000G211------------,91.0,0.0,91.0,89.0,90.0,-1.0,216500,19418900,47,90.8,91,100,90,35600,5687353997,5687353997,426551550,0,51300,0,0,0
2023-05-16,VRNA,Mizuho Leasing Indonesia Tbk.,--U-2100000000G211------------,91.0,0.0,92.0,89.0,91.0,0.0,138000,12420400,31,91.8,91,43200,90,35400,5687353997,5687353997,426551550,0,0,0,0,0
2023-05-15,VRNA,Mizuho Leasing Indonesia Tbk.,--U-2100000000G211------------,91.0,0.0,92.0,89.0,91.0,0.0,477500,43158300,66,91.8,92,49900,90,143000,5687353997,5687353997,426551550,275600,46900,0,0,0
2023-05-12,VRNA,Mizuho Leasing Indonesia Tbk.,--U-2100000000G211------------,91.0,0.0,92.0,90.0,91.0,0.0,101500,9205300,36,91.8,91,150200,90,68200,5687353997,5687353997,426551550,1400,0,0,0,0
2023-05-11,VRNA,Mizuho Leasing Indonesia Tbk.,--U-2100000000G211------------,90.0,0.0,93.0,90.0,91.0,1.0,119600,10927800,68,91.8,92,15000,90,177700,5687353997,5687353997,426551550,1200,0,0,0,0
2023-05-10,VRNA,Mizuho Leasing Indonesia Tbk.,--U-2100000000G211------------,91.0,0.0,91.0,90.0,90.0,-1.0,129300,11640200,25,90.8,91,263700,90,60800,5687353997,5687353997,426551550,0,0,0,0,0
2023-05-09,VRNA,Mizuho Leasing Indonesia Tbk.,--U-2100000000G211------------,92.0,0.0,92.0,90.0,91.0,-1.0,56300,5095400,30,91.8,91,84100,90,133400,5687353997,5687353997,426551550,0,0,0,0,0
2023-05-08,VRNA,Mizuho Leasing Indonesia Tbk.,--U-2100000000G211------------,90.0,0.0,92.0,90.0,92.0,2.0,42600,3859700,26,92.8,92,135700,90,23600,5687353997,5687353997,426551550,1000,0,0,0,0
2023-05-05,VRNA,Mizuho Leasing Indonesia Tbk.,--U-2100000000G211------------,92.0,0.0,93.0,90.0,90.0,-2.0,311800,28345600,45,90.8,92,4500,90,100000,5687353997,5687353997,426551550,0,0,0,0,0
2023-05-04,VRNA,Mizuho Leasing Indonesia Tbk.,--U-2100000000G211------------,92.0,0.0,93.0,91.0,92.0,0.0,213200,19622900,37,92.8,92,7000,91,240400,5687353997,5687353997,426551550,0,0,0,0,0
2023-05-03,VRNA,Mizuho Leasing Indonesia Tbk.,--U-2100000000G211------------,91.0,0.0,95.0,90.0,92.0,1.0,1862900,172532800,724,92.8,92,1700,90,148500,5687353997,5687353997,426551550,102400,0,0,0,0
2023-05-02,VRNA,Mizuho Leasing Indonesia Tbk.,--U-2100000000G211------------,92.0,0.0,92.0,90.0,91.0,-1.0,357400,32283400,57,91.8,92,30900,91,36500,5687353997,5687353997,426551550,0,20000,0,0,0
2023-04-28,VRNA,Mizuho Leasing Indonesia Tbk.,--U-2100000000G211------------,92.0,0.0,92.0,90.0,92.0,0.0,547300,49524800,79,92.8,92,49400,90,128400,5687353997,5687353997,426551550,0,134400,0,0,0
2023-04-27,VRNA,Mizuho Leasing Indonesia Tbk.,--U-2100000000G211------------,91.0,0.0,92.0,90.0,92.0,1.0,282000,25625600,55,92.8,92,85800,91,22900,5687353997,5687353997,426551550,0,23000,0,0,0
2023-04-26,VRNA,Mizuho Leasing Indonesia Tbk.,--U-2100000000G211------------,91.0,0.0,93.0,90.0,91.0,0.0,328700,30093400,53,91.8,91,23400,90,92800,5687353997,5687353997,426551550,88100,0,0,0,0
2023-04-18,VRNA,Mizuho Leasing Indonesia Tbk.,--U-2100000000G211------------,91.0,0.0,94.0,90.0,91.0,0.0,821500,74470100,145,91.8,91,1800,90,201200,5687353997,5687353997,426551550,12500,0,0,0,0
2023-04-17,VRNA,Mizuho Leasing Indonesia Tbk.,--U-2100000000G211------------,93.0,0.0,93.0,90.0,91.0,-2.0,738300,67368400,149,91.8,93,116200,91,261900,5687353997,5687353997,426551550,0,127600,0,0,0
2023-04-14,VRNA,Mizuho Leasing Indonesia Tbk.,--U-2100000000G211------------,98.0,0.0,99.0,92.0,93.0,-5.0,1747600,164277800,245,93.8,94,90900,93,119000,5687353997,5687353997,426551550,0,108100,0,0,0
2023-04-13,VRNA,Mizuho Leasing Indonesia Tbk.,--U-2100000000G211------------,97.0,0.0,102.0,94.0,98.0,1.0,5489000,545095200,648,98.9,98,1500,97,113900,5687353997,5687353997,426551550,281700,88400,0,0,0
2023-04-12,VRNA,Mizuho Leasing Indonesia Tbk.,--U-2100000000G211------------,99.0,0.0,100.0,94.0,97.0,-2.0,2476800,237855600,337,97.9,97,36900,96,92400,5687353997,5687353997,426551550,164500,198100,0,0,0
2023-04-11,VRNA,Mizuho Leasing Indonesia Tbk.,--U-2100000000G211------------,106.0,0.0,112.0,99.0,99.0,-7.0,6738700,693790200,825,99.9,99,46700,0,0,5687353997,5687353997,426551550,203800,241000,0,0,0
2023-04-10,VRNA,Mizuho Leasing Indonesia Tbk.,--U-2100000000G211------------,92.0,0.0,112.0,90.0,106.0,14.0,35796800,3805772700,5586,106.9,107,200,106,1426600,5687353997,5687353997,426551550,929500,856300,0,0,0
2023-04-06,VRNA,Mizuho Leasing Indonesia Tbk.,--U-2100000000G211------------,92.0,0.0,94.0,88.0,92.0,0.0,297400,27498300,42,92.8,94,56800,92,124200,5687353997,5687353997,426551550,0,0,0,0,0
2023-04-05,VRNA,Mizuho Leasing Indonesia Tbk.,--U-2100000000G211------------,92.0,0.0,94.0,89.0,92.0,0.0,397000,36500500,54,92.8,94,27700,92,248900,5687353997,5687353997,426551550,0,9000,0,0,0
2023-04-04,VRNA,Mizuho Leasing Indonesia Tbk.,--U-2100000000G211------------,91.0,0.0,93.0,88.0,92.0,1.0,70200,6211600,39,92.8,92,14900,91,200,5687353997,5687353997,426551550,0,0,0,0,0
2023-04-03,VRNA,Mizuho Leasing Indonesia Tbk.,--U-2100000000G211------------,91.0,0.0,92.0,88.0,91.0,0.0,145500,13057000,54,91.8,91,16600,90,400,5687353997,5687353997,426551550,0,19700,0,0,0
2023-03-31,VRNA,Mizuho Leasing Indonesia Tbk.,--U-2100000000G211------------,91.0,0.0,94.0,91.0,91.0,0.0,105400,9632300,39,91.8,91,9300,90,6100,5687353997,5687353997,426551550,0,8100,0,0,0
2023-03-30,VRNA,Mizuho Leasing Indonesia Tbk.,--U-2100000000G211------------,91.0,0.0,93.0,91.0,91.0,0.0,118000,10807600,51,91.8,93,4300,91,28100,5687353997,5687353997,426551550,0,36600,0,0,0
2023-03-29,VRNA,Mizuho Leasing Indonesia Tbk.,--U-2100000000G211------------,90.0,0.0,92.0,89.0,91.0,1.0,246100,22122000,70,91.8,91,33900,90,11000,5687353997,5687353997,426551550,0,22300,0,0,0
2023-03-28,VRNA,Mizuho Leasing Indonesia Tbk.,--U-2100000000G211------------,92.0,0.0,92.0,88.0,90.0,-2.0,401400,35945100,138,90.8,91,24100,90,20900,5687353997,5687353997,426551550,0,0,0,0,0
2023-03-27,VRNA,Mizuho Leasing Indonesia Tbk.,--U-2100000000G211------------,95.0,0.0,95.0,90.0,92.0,-3.0,950700,86520400,140,92.8,92,48500,91,7100,5687353997,5687353997,426551550,0,0,0,0,0
2023-03-24,VRNA,Mizuho Leasing Indonesia Tbk.,--U-2100000000G211------------,96.0,0.0,98.0,92.0,95.0,-1.0,648300,61201300,75,95.8,96,99800,95,500,5687353997,5687353997,426551550,0,0,0,0,0
2023-03-21,VRNA,Mizuho Leasing Indonesia Tbk.,--U-2100000000G211------------,94.0,0.0,98.0,95.0,96.0,2.0,81600,7812800,43,96.9,97,4000,95,1300,5687353997,5687353997,426551550,0,0,0,0,0
2023-03-20,VRNA,Mizuho Leasing Indonesia Tbk.,--U-2100000000G211------------,98.0,0.0,97.0,92.0,94.0,-4.0,1042800,96850900,130,94.8,95,85600,94,900,5687353997,5687353997,426551550,0,0,0,0,0
2023-03-17,VRNA,Mizuho Leasing Indonesia Tbk.,--U-2100000000G211------------,98.0,0.0,98.0,95.0,98.0,0.0,90200,8773500,27,98.9,98,47500,97,2300,5687353997,5687353997,426551550,0,0,0,0,0
2023-03-16,VRNA,Mizuho Leasing Indonesia Tbk.,--U-2100000000G211------------,99.0,0.0,99.0,94.0,98.0,-1.0,196800,18951000,60,98.9,98,7700,95,20400,5687353997,5687353997,426551550,0,0,0,0,0
2023-03-15,VRNA,Mizuho Leasing Indonesia Tbk.,--U-2100000000G211------------,98.0,0.0,100.0,95.0,99.0,1.0,538600,51925200,102,99.9,99,125500,96,1100,5687353997,5687353997,426551550,0,0,0,0,0
2023-03-14,VRNA,Mizuho Leasing Indonesia Tbk.,--U-2100000000G211------------,104.0,0.0,104.0,97.0,98.0,-6.0,1210300,118994000,165,98.9,99,27100,98,20000,5687353997,5687353997,426551550,0,0,0,0,0
2023-03-13,VRNA,Mizuho Leasing Indonesia Tbk.,--U-2100000000G211------------,105.0,0.0,106.0,101.0,104.0,-1.0,621400,64205700,81,104.9,105,37500,104,25000,5687353997,5687353997,426551550,0,0,0,0,0
2023-03-10,VRNA,Mizuho Leasing Indonesia Tbk.,--U-2100000000G211------------,106.0,0.0,108.0,105.0,105.0,-1.0,522200,55084400,54,105.9,107,50700,105,394500,5687353997,5687353997,426551550,0,0,0,0,0
2023-03-09,VRNA,Mizuho Leasing Indonesia Tbk.,--U-2100000000G211------------,104.0,0.0,109.0,102.0,106.0,2.0,2857300,302456500,292,106.9,107,105100,106,97100,5687353997,5687353997,426551550,0,0,0,0,0
2023-03-08,VRNA,Mizuho Leasing Indonesia Tbk.,--U-2100000000G211------------,105.0,0.0,106.0,103.0,104.0,-1.0,283700,29713900,119,104.9,105,219900,104,64800,5687353997,5687353997,426551550,2800,0,0,0,0
2023-03-07,VRNA,Mizuho Leasing Indonesia Tbk.,--U-2100000000G211------------,106.0,0.0,107.0,103.0,105.0,-1.0,112700,11821900,73,105.9,105,290000,104,2600,5687353997,5687353997,426551550,0,0,0,0,0
2023-03-06,VRNA,Mizuho Leasing Indonesia Tbk.,--U-2100000000G211------------,107.0,0.0,110.0,102.0,106.0,-1.0,272300,28781200,171,106.9,106,199600,105,89100,5687353997,5687353997,426551550,0,0,0,0,0
2023-03-03,VRNA,Mizuho Leasing Indonesia Tbk.,--U-2100000000G211------------,106.0,0.0,111.0,105.0,107.0,1.0,365600,39009000,64,108.0,108,500,105,85100,5687353997,5687353997,426551550,0,0,0,0,0
2023-03-02,VRNA,Mizuho Leasing Indonesia Tbk.,--U-2100000000G211------------,106.0,0.0,106.0,103.0,106.0,0.0,402000,42284900,56,106.9,107,3500,106,100,5687353997,5687353997,426551550,0,0,0,0,0
2023-03-01,VRNA,Mizuho Leasing Indonesia Tbk.,--U-2100000000G211------------,107.0,0.0,107.0,101.0,106.0,-1.0,884200,91270200,215,106.9,107,18300,106,83500,5687353997,5687353997,426551550,0,0,0,0,0
2023-02-28,VRNA,Mizuho Leasing Indonesia Tbk.,--U-2100000000G211------------,110.0,0.0,112.0,103.0,107.0,-3.0,428000,45108300,140,108.0,107,246900,105,122700,5687353997,5687353997,426551550,0,0,0,0,0
2023-02-27,VRNA,Mizuho Leasing Indonesia Tbk.,--U-2100000000G211------------,109.0,0.0,113.0,108.0,110.0,1.0,488000,53750400,92,111.0,110,104700,109,2100,5687353997,5687353997,426551550,6200,0,0,0,0
2023-02-24,VRNA,Mizuho Leasing Indonesia Tbk.,--U-2100000000G211------------,105.0,0.0,110.0,103.0,109.0,4.0,779100,83574900,213,110.0,110,32600,109,310600,5687353997,5687353997,426551550,0,0,0,0,0
2023-02-23,VRNA,Mizuho Leasing Indonesia Tbk.,--U-2100000000G211------------,105.0,0.0,107.0,103.0,105.0,0.0,401400,41601400,138,105.9,105,12800,104,100,5687353997,5687353997,426551550,0,0,0,0,0
2023-02-22,VRNA,Mizuho Leasing Indonesia Tbk.,--U-2100000000G211------------,107.0,0.0,111.0,102.0,105.0,-2.0,1587800,167259300,418,105.9,107,5900,105,1900,5687353997,5687353997,426551550,0,9000,0,0,0
2023-02-21,VRNA,Mizuho Leasing Indonesia Tbk.,--U-2100000000G211------------,98.0,0.0,113.0,98.0,107.0,9.0,7436800,794746300,1368,108.0,109,69600,107,5600,5687353997,5687353997,426551550,0,0,0,0,0
2023-02-20,VRNA,Mizuho Leasing Indonesia Tbk.,--U-2100000000G211------------,98.0,0.0,98.0,95.0,98.0,0.0,116000,11203300,45,98.9,98,102400,96,75300,5687353997,5687353997,426551550,0,0,0,0,0
2023-02-17,VRNA,Mizuho Leasing Indonesia Tbk.,--U-2100000000G211------------,98.0,0.0,98.0,96.0,98.0,0.0,40400,3922600,18,98.9,98,52000,96,117900,5687353997,5687353997,426551550,0,100,0,0,0
2023-02-16,VRNA,Mizuho Leasing Indonesia Tbk.,--U-2100000000G211------------,96.0,0.0,98.0,95.0,98.0,2.0,1700,164700,10,98.9,98,370700,96,78800,5687353997,5687353997,426551550,0,0,0,0,0
2023-02-15,VRNA,Mizuho Leasing Indonesia Tbk.,--U-2100000000G211------------,96.0,0.0,98.0,95.0,96.0,0.0,61400,5862900,23,96.9,98,34200,96,400,5687353997,5687353997,426551550,0,0,0,0,0
2023-02-14,VRNA,Mizuho Leasing Indonesia Tbk.,--U-2100000000G211------------,96.0,0.0,97.0,95.0,96.0,0.0,28000,2700900,22,96.9,98,25300,97,100,5687353997,5687353997,426551550,0,0,0,0,0
2023-02-13,VRNA,Mizuho Leasing Indonesia Tbk.,--U-2100000000G211------------,96.0,0.0,98.0,95.0,96.0,0.0,75500,7187600,32,96.9,96,9700,95,29300,5687353997,5687353997,426551550,0,0,0,0,0
2023-02-10,VRNA,Mizuho Leasing Indonesia Tbk.,--U-2100000000G211------------,98.0,0.0,98.0,95.0,96.0,-2.0,515400,49497000,57,96.9,96,354400,95,165600,5687353997,5687353997,426551550,0,0,0,0,0
2023-02-09,VRNA,Mizuho Leasing Indonesia Tbk.,--U-2100000000G211------------,97.0,0.0,99.0,96.0,98.0,1.0,63500,6198500,22,98.9,98,17500,97,73600,5687353997,5687353997,426551550,0,0,0,0,0
2023-02-08,VRNA,Mizuho Leasing Indonesia Tbk.,--U-2100000000G211------------,99.0,0.0,99.0,96.0,97.0,-2.0,75800,7350400,42,97.9,98,881700,97,43100,5687353997,5687353997,426551550,0,0,0,0,0
2023-02-07,VRNA,Mizuho Leasing Indonesia Tbk.,--U-2100000000G211------------,100.0,0.0,100.0,97.0,99.0,-1.0,293100,28812800,65,99.9,99,791200,98,900,5687353997,5687353997,426551550,0,0,0,0,0
2023-02-03,VRNA,Mizuho Leasing Indonesia Tbk.,--U-2100000000G211------------,98.0,0.0,99.0,96.0,98.0,0.0,166500,16250900,40,98.9,98,90000,97,75400,5687353997,5687353997,426551550,0,0,0,0,0
2023-02-02,VRNA,Mizuho Leasing Indonesia Tbk.,--U-2100000000G211------------,96.0,0.0,98.0,95.0,98.0,2.0,149100,14415700,54,98.9,98,13900,97,115100,5687353997,5687353997,426551550,0,0,0,0,0
2023-02-01,VRNA,Mizuho Leasing Indonesia Tbk.,--U-2100000000G211------------,95.0,0.0,98.0,95.0,96.0,1.0,291200,27958900,85,96.9,96,793900,95,152400,5687353997,5687353997,426551550,0,0,0,0,0
2023-01-31,VRNA,Mizuho Leasing Indonesia Tbk.,--U-2100000000G211------------,97.0,0.0,98.0,95.0,95.0,-2.0,191200,18263300,68,95.8,96,1139700,95,146000,5687353997,5687353997,426551550,0,0,0,0,0
2023-01-30,VRNA,Mizuho Leasing Indonesia Tbk.,--U-2100000000G211------------,95.0,0.0,100.0,96.0,97.0,2.0,915600,89430300,809,97.9,97,200,96,105000,5687353997,5687353997,426551550,0,0,0,0,0
2023-01-27,VRNA,Mizuho Leasing Indonesia Tbk.,--U-2100000000G211------------,99.0,0.0,100.0,93.0,95.0,-4.0,831600,78523300,84,95.8,96,10100,95,17900,5687353997,5687353997,426551550,0,0,0,0,0
2023-01-26,VRNA,Mizuho Leasing Indonesia Tbk.,--U-2100000000G211------------,98.0,0.0,100.0,98.0,99.0,1.0,39900,3955500,19,99.9,99,31900,98,20900,5687353997,5687353997,426551550,0,0,0,0,0
2023-01-25,VRNA,Mizuho Leasing Indonesia Tbk.,--U-2100000000G211------------,100.0,0.0,100.0,97.0,98.0,-2.0,148400,14552000,53,98.9,100,11600,98,100,5687353997,5687353997,426551550,0,0,0,0,0
2023-01-24,VRNA,Mizuho Leasing Indonesia Tbk.,--U-2100000000G211------------,100.0,0.0,101.0,100.0,100.0,0.0,61400,6153800,41,100.9,100,15900,99,38100,5687353997,5687353997,426551550,0,0,0,0,0
2023-01-20,VRNA,Mizuho Leasing Indonesia Tbk.,--U-2100000000G211------------,101.0,0.0,101.0,99.0,100.0,-1.0,170600,17060800,46,100.9,100,27500,99,35100,5687353997,5687353997,426551550,0,0,0,0,0
2023-01-19,VRNA,Mizuho Leasing Indonesia Tbk.,--U-2100000000G211------------,101.0,0.0,101.0,97.0,101.0,0.0,659800,65560600,163,101.9,101,56300,100,107000,5687353997,5687353997,426551550,0,0,0,0,0
2023-01-18,VRNA,Mizuho Leasing Indonesia Tbk.,--U-2100000000G211------------,99.0,0.0,105.0,97.0,101.0,2.0,1121200,113872300,454,101.9,102,22300,100,5200,5687353997,5687353997,426551550,0,0,0,0,0
2023-01-17,VRNA,Mizuho Leasing Indonesia Tbk.,--U-2100000000G211------------,100.0,0.0,104.0,96.0,99.0,-1.0,1035600,104490600,2249,99.9,99,100,98,10300,5687353997,5687353997,426551550,0,0,0,0,0
2023-01-16,VRNA,Mizuho Leasing Indonesia Tbk.,--U-2100000000G211------------,95.0,0.0,100.0,92.0,100.0,5.0,410000,39546000,89,100.9,100,500,99,46300,5687353997,5687353997,426551550,0,0,0,0,0
2023-01-13,VRNA,Mizuho Leasing Indonesia Tbk.,--U-2100000000G211------------,96.0,0.0,96.0,92.0,95.0,-1.0,613500,57409500,89,95.8,95,42700,94,2300,5687353997,5687353997,426551550,0,0,0,0,0
2023-01-12,VRNA,Mizuho Leasing Indonesia Tbk.,--U-2100000000G211------------,95.0,0.0,96.0,94.0,96.0,1.0,123400,11759600,40,96.9,96,142900,95,17500,5687353997,5687353997,426551550,0,0,0,0,0
2023-01-11,VRNA,Mizuho Leasing Indonesia Tbk.,--U-2100000000G211------------,98.0,0.0,98.0,95.0,95.0,-3.0,220000,21059000,70,95.8,96,3300,95,18500,5687353997,5687353997,426551550,0,0,0,0,0
2023-01-10,VRNA,Mizuho Leasing Indonesia Tbk.,--U-2100000000G211------------,99.0,0.0,100.0,97.0,98.0,-1.0,151600,14751400,25,98.9,99,66100,98,5900,5687353997,5687353997,426551550,0,0,0,0,0
2023-01-09,VRNA,Mizuho Leasing Indonesia Tbk.,--U-2100000000G211------------,99.0,0.0,105.0,97.0,99.0,0.0,459600,46996600,167,99.9,100,3000,99,18600,5687353997,5687353997,426551550,0,0,0,0,0
2023-01-06,VRNA,Mizuho Leasing Indonesia Tbk.,--U-2100000000G211------------,100.0,0.0,102.0,98.0,99.0,-1.0,264000,26214500,50,99.9,99,19800,98,9600,5687353997,5687353997,426551550,0,0,0,0,0
2023-01-05,VRNA,Mizuho Leasing Indonesia Tbk.,--U-2100000000G211------------,104.0,0.0,104.0,100.0,100.0,-4.0,770200,77183900,93,100.9,101,30000,100,95100,5687353997,5687353997,426551550,0,0,0,0,0
2023-01-04,VRNA,Mizuho Leasing Indonesia Tbk.,--U-2100000000G211------------,106.0,0.0,105.0,103.0,104.0,-2.0,128500,13340100,25,104.9,104,74400,103,36700,5687353997,5687353997,426551550,0,0,0,0,0
2023-01-03,VRNA,Mizuho Leasing Indonesia Tbk.,--U-2100000000G211------------,105.0,0.0,107.0,103.0,106.0,1.0,43500,4573800,25,106.9,106,57200,105,49500,5687353997,5687353997,426551550,0,0,18100,3439000,1
2023-01-02,VRNA,Mizuho Leasing Indonesia Tbk.,--U-2100000000G211------------,103.0,0.0,106.0,102.0,105.0,2.0,58500,5985000,47,105.9,105,19800,103,1600,5687353997,5687353997,426551550,0,0,0,0,0
2022-12-30,VRNA,Mizuho Leasing Indonesia Tbk.,--U-2100000000G211------------,107.0,0.0,107.0,102.0,103.0,-4.0,623000,64547400,107,103.9,105,20100,103,31800,5687353997,5687353997,426551550,0,0,0,0,0
2022-12-29,VRNA,Mizuho Leasing Indonesia Tbk.,--U-2100000000G211------------,105.0,0.0,110.0,106.0,107.0,2.0,38500,4141000,30,108.0,107,54800,106,31200,5687353997,5687353997,426551550,0,0,0,0,0
2022-12-28,VRNA,Mizuho Leasing Indonesia Tbk.,--U-2100000000G211------------,109.0,0.0,109.0,105.0,105.0,-4.0,177000,18727400,49,105.9,107,10500,105,46100,5687353997,5687353997,426551550,0,0,0,0,0
2022-12-27,VRNA,Mizuho Leasing Indonesia Tbk.,--U-2100000000G211------------,109.0,0.0,109.0,106.0,109.0,0.0,123900,13240300,32,110.0,109,1034300,108,9000,5687353997,5687353997,426551550,0,0,0,0,0
2022-12-26,VRNA,Mizuho Leasing Indonesia Tbk.,--U-2100000000G211------------,109.0,0.0,111.0,105.0,109.0,0.0,224600,24206200,143,110.0,109,125700,108,500,5687353997,5687353997,426551550,0,0,0,0,0
2022-12-23,VRNA,Mizuho Leasing Indonesia Tbk.,--U-2100000000G211------------,110.0,0.0,110.0,106.0,109.0,-1.0,511100,54424100,95,110.0,109,26100,107,3000,5687353997,5687353997,426551550,0,0,0,0,0
2022-12-22,VRNA,Mizuho Leasing Indonesia Tbk.,--U-2100000000G211------------,110.0,0.0,112.0,109.0,110.0,0.0,106100,11691000,19,111.0,110,352300,109,2100,5687353997,5687353997,426551550,0,0,0,0,0
2022-12-21,VRNA,Mizuho Leasing Indonesia Tbk.,--U-2100000000G211------------,108.0,0.0,112.0,109.0,110.0,2.0,116200,12770900,39,111.0,110,25700,109,16700,5687353997,5687353997,426551550,0,0,0,0,0
2022-12-20,VRNA,Mizuho Leasing Indonesia Tbk.,--U-2100000000G211------------,112.0,0.0,112.0,108.0,108.0,-4.0,257500,27969700,63,109.0,108,8200,107,36900,5687353997,5687353997,426551550,0,0,0,0,0
2022-12-19,VRNA,Mizuho Leasing Indonesia Tbk.,--U-2100000000G211------------,110.0,0.0,112.0,107.0,112.0,2.0,98900,10966100,54,113.0,112,19300,110,26900,5687353997,5687353997,426551550,0,0,0,0,0
2022-12-16,VRNA,Mizuho Leasing Indonesia Tbk.,--U-2100000000G211------------,109.0,0.0,111.0,109.0,110.0,1.0,85100,9363400,21,111.0,111,4200,110,26500,5687353997,5687353997,426551550,0,0,0,0,0
2022-12-15,VRNA,Mizuho Leasing Indonesia Tbk.,--U-2100000000G211------------,110.0,0.0,112.0,109.0,109.0,-1.0,110200,12095600,35,110.0,112,49700,109,55700,5687353997,5687353997,426551550,0,0,0,0,0
2022-12-14,VRNA,Mizuho Leasing Indonesia Tbk.,--U-2100000000G211------------,114.0,0.0,113.0,109.0,110.0,-4.0,559400,61677400,78,111.0,111,500,110,99500,5687353997,5687353997,426551550,0,0,0,0,0
2022-12-13,VRNA,Mizuho Leasing Indonesia Tbk.,--U-2100000000G211------------,112.0,0.0,116.0,111.0,114.0,2.0,427700,48660300,77,115.0,114,20900,113,218300,5687353997,5687353997,426551550,0,0,0,0,0
2022-12-12,VRNA,Mizuho Leasing Indonesia Tbk.,--U-2100000000G211------------,111.0,0.0,115.0,111.0,112.0,1.0,227800,25713100,52,113.0,113,600,112,4300,5687353997,5687353997,426551550,0,0,0,0,0
2022-12-09,VRNA,Mizuho Leasing Indonesia Tbk.,--U-2100000000G211------------,108.0,0.0,112.0,108.0,111.0,3.0,316300,34459500,57,112.0,111,123100,108,15700,5687353997,5687353997,426551550,0,0,0,0,0
2022-12-08,VRNA,Mizuho Leasing Indonesia Tbk.,--U-2100000000G211------------,113.0,0.0,115.0,106.0,108.0,-5.0,1230600,133285200,148,109.0,109,5400,108,119500,5687353997,5687353997,426551550,0,0,0,0,0
2022-12-07,VRNA,Mizuho Leasing Indonesia Tbk.,--U-2100000000G211------------,117.0,0.0,117.0,112.0,113.0,-4.0,405600,45908900,85,114.0,115,13600,112,79900,5687353997,5687353997,426551550,0,0,0,0,0
2022-12-06,VRNA,Mizuho Leasing Indonesia Tbk.,--U-2100000000G211------------,117.0,0.0,119.0,115.0,117.0,0.0,446400,52078500,117,118.0,118,23000,117,70100,5687353997,5687353997,426551550,0,0,0,0,0
2022-12-05,VRNA,Mizuho Leasing Indonesia Tbk.,--U-2100000000G211------------,118.0,0.0,119.0,117.0,117.0,-1.0,351900,41339600,103,118.0,117,2600,116,227300,5687353997,5687353997,426551550,0,0,0,0,0
2022-12-02,VRNA,Mizuho Leasing Indonesia Tbk.,--U-2100000000G211------------,120.0,0.0,120.0,117.0,118.0,-2.0,981200,115504600,90,119.1,118,18100,117,56200,5687353997,5687353997,426551550,0,0,0,0,0
2022-12-01,VRNA,Mizuho Leasing Indonesia Tbk.,--U-2100000000G211------------,118.0,0.0,121.0,118.0,120.0,2.0,406300,48639800,55,121.1,120,127500,119,61300,5687353997,5687353997,426551550,0,0,0,0,0
2022-11-30,VRNA,Mizuho Leasing Indonesia Tbk.,--U-2100000000G211------------,119.0,0.0,121.0,118.0,118.0,-1.0,792500,94225700,137,119.1,119,5000,118,393800,5687353997,5687353997,426551550,0,0,0,0,0
2022-11-29,VRNA,Mizuho Leasing Indonesia Tbk.,--U-2100000000G211------------,118.0,0.0,127.0,119.0,119.0,1.0,7316900,898300000,1052,120.1,121,101600,119,343400,5687353997,5687353997,426551550,0,0,0,0,0
2022-11-28,VRNA,Mizuho Leasing Indonesia Tbk.,--U-2100000000G211------------,120.0,0.0,120.0,117.0,118.0,-2.0,1025400,120917700,131,119.1,119,43500,118,50000,5687353997,5687353997,426551550,0,0,0,0,0
2022-11-25,VRNA,Mizuho Leasing Indonesia Tbk.,--U-2100000000G211------------,118.0,0.0,121.0,118.0,120.0,2.0,888300,106115500,136,121.1,121,107200,120,80400,5687353997,5687353997,426551550,0,0,0,0,0
2022-11-24,VRNA,Mizuho Leasing Indonesia Tbk.,--U-2100000000G211------------,119.0,0.0,122.0,117.0,118.0,-1.0,1134200,134525500,193,119.1,120,165600,118,300800,5687353997,5687353997,426551550,0,0,0,0,0
2022-11-23,VRNA,Mizuho Leasing Indonesia Tbk.,--U-2100000000G211------------,119.0,0.0,120.0,117.0,119.0,0.0,1376000,163251100,210,120.1,119,86300,118,371600,5687353997,5687353997,426551550,0,0,0,0,0
2022-11-22,VRNA,Verena Multi Finance Tbk.,--U-2100000000G211------------,118.0,0.0,127.0,116.0,119.0,1.0,10555700,1290036100,1253,120.1,119,85900,118,153200,5687353997,5687353997,426551550,0,0,0,0,0
2022-11-21,VRNA,Verena Multi Finance Tbk.,--U-2100000000G211------------,118.0,0.0,118.0,110.0,118.0,0.0,268100,31462000,74,119.1,118,75900,117,23000,5687353997,5687353997,426551550,0,0,0,0,0
2022-11-18,VRNA,Verena Multi Finance Tbk.,--U-2100000000G211------------,118.0,0.0,118.0,116.0,118.0,0.0,760500,88845400,102,119.1,118,111400,117,10000,5687353997,5687353997,426551550,0,0,0,0,0
2022-11-17,VRNA,Verena Multi Finance Tbk.,--U-2100000000G211------------,119.0,0.0,120.0,116.0,118.0,-1.0,1753500,205336700,218,119.1,118,1000,117,479900,5687353997,5687353997,426551550,0,0,0,0,0
2022-11-16,VRNA,Verena Multi Finance Tbk.,--U-2100000000G211------------,121.0,0.0,125.0,114.0,119.0,-2.0,7182100,876842400,601,120.1,119,110300,118,104100,5687353997,5687353997,426551550,0,0,0,0,0
2022-11-15,VRNA,Verena Multi Finance Tbk.,--U-2100000000G211------------,118.0,0.0,125.0,115.0,121.0,3.0,10991100,1335173400,1065,122.1,122,119700,121,3367000,5687353997,5687353997,426551550,0,0,0,0,0
2022-11-14,VRNA,Verena Multi Finance Tbk.,--U-2100000000G211------------,115.0,0.0,120.0,112.0,118.0,3.0,817800,95782400,207,119.1,119,369700,118,34500,5687353997,5687353997,426551550,0,0,0,0,0
2022-11-11,VRNA,Verena Multi Finance Tbk.,--U-2100000000G211------------,117.0,0.0,119.0,110.0,115.0,-2.0,2034300,235954600,282,116.0,116,18800,115,44600,5687353997,5687353997,426551550,0,0,0,0,0
2022-11-10,VRNA,Verena Multi Finance Tbk.,--U-2100000000G211------------,118.0,0.0,123.0,116.0,117.0,-1.0,3058500,364149500,364,118.0,117,747400,116,309700,5687353997,5687353997,426551550,0,100000,0,0,0
2022-11-09,VRNA,Verena Multi Finance Tbk.,--U-2100000000G211------------,121.0,0.0,124.0,115.0,118.0,-3.0,3627500,432563600,368,119.1,119,1100,118,100,5687353997,5687353997,426551550,0,0,0,0,0
2022-11-08,VRNA,Verena Multi Finance Tbk.,--U-2100000000G211------------,125.0,0.0,168.0,121.0,121.0,-4.0,7101700,904802400,608,122.1,122,25000,121,697500,5687353997,5687353997,426551550,0,0,0,0,0
2022-11-07,VRNA,Verena Multi Finance Tbk.,--U-2100000000G211------------,121.0,0.0,126.0,117.0,125.0,4.0,8318600,1016510900,914,126.1,126,375600,125,19700800,5687353997,5687353997,426551550,0,0,0,0,0
2022-11-04,VRNA,Verena Multi Finance Tbk.,--U-2100000000G211------------,121.0,0.0,125.0,116.0,121.0,0.0,1888500,230996600,305,122.1,121,202200,120,53600,5687353997,5687353997,426551550,0,0,0,0,0
2022-11-03,VRNA,Verena Multi Finance Tbk.,--U-2100000000G211------------,120.0,0.0,130.0,112.0,121.0,1.0,14522500,1785646600,1423,122.1,122,10000,121,3962100,5687353997,5687353997,426551550,0,0,0,0,0
2022-11-02,VRNA,Verena Multi Finance Tbk.,--U-2100000000G211------------,120.0,0.0,122.0,114.0,120.0,0.0,1811100,215840600,372,121.1,120,16600,119,80100,5687353997,5687353997,426551550,0,0,0,0,0
2022-11-01,VRNA,Verena Multi Finance Tbk.,--U-2100000000G211------------,126.0,0.0,127.0,118.0,120.0,-6.0,5269200,633561600,630,121.1,121,100,120,155900,5687353997,5687353997,426551550,0,0,0,0,0
2022-10-31,VRNA,Verena Multi Finance Tbk.,--U-2100000000G211------------,114.0,0.0,128.0,113.0,126.0,12.0,24376800,3009020300,2144,127.1,126,6400,125,1088900,5687353997,5687353997,426551550,0,0,0,0,0
2022-10-28,VRNA,Verena Multi Finance Tbk.,--U-2100000000G211------------,114.0,0.0,116.0,113.0,114.0,0.0,363700,41396200,71,115.0,114,58900,113,165100,5687353997,5687353997,426551550,0,0,0,0,0
2022-10-27,VRNA,Verena Multi Finance Tbk.,--U-2100000000G211------------,113.0,0.0,117.0,113.0,114.0,1.0,587200,66927900,95,115.0,114,16200,113,61000,5687353997,5687353997,426551550,0,0,0,0,0
2022-10-26,VRNA,Verena Multi Finance Tbk.,--U-2100000000G211------------,119.0,0.0,117.0,112.0,113.0,-6.0,813900,92305700,127,114.0,115,123100,113,57600,5687353997,5687353997,426551550,0,0,0,0,0
2022-10-25,VRNA,Verena Multi Finance Tbk.,--U-2100000000G211------------,120.0,0.0,122.0,117.0,119.0,-1.0,437300,52149200,116,120.1,118,200000,117,40600,5687353997,5687353997,426551550,0,0,0,0,0
2022-10-24,VRNA,Verena Multi Finance Tbk.,--U-2100000000G211------------,114.0,0.0,120.0,114.0,120.0,6.0,1645500,194563000,255,121.1,120,200500,119,5000,5687353997,5687353997,426551550,0,0,0,0,0
2022-10-21,VRNA,Verena Multi Finance Tbk.,--U-2100000000G211------------,111.0,0.0,114.0,109.0,114.0,3.0,707900,79012400,147,115.0,114,162100,112,4300,5687353997,5687353997,426551550,0,0,0,0,0
2022-10-20,VRNA,Verena Multi Finance Tbk.,--U-2100000000G211------------,109.0,0.0,114.0,106.0,111.0,2.0,887100,97423500,144,112.0,111,73200,110,10100,5687353997,5687353997,426551550,0,0,0,0,0
2022-10-19,VRNA,Verena Multi Finance Tbk.,--U-2100000000G211------------,105.0,0.0,112.0,103.0,109.0,4.0,1445800,155738500,251,110.0,110,5500,109,69900,5687353997,5687353997,426551550,0,0,0,0,0
2022-10-18,VRNA,Verena Multi Finance Tbk.,--U-2100000000G211------------,103.0,0.0,106.0,103.0,105.0,2.0,504400,52623900,136,105.9,105,22600,104,2500,5687353997,5687353997,426551550,0,0,0,0,0
2022-10-17,VRNA,Verena Multi Finance Tbk.,--U-2100000000G211------------,110.0,0.0,110.0,103.0,103.0,-7.0,1813600,188046700,212,103.9,105,9800,103,592100,5687353997,5687353997,426551550,0,0,0,0,0
2022-10-14,VRNA,Verena Multi Finance Tbk.,--U-2100000000G211------------,109.0,0.0,113.0,107.0,110.0,1.0,664000,73541100,181,111.0,110,6900,109,10000,5687353997,5687353997,426551550,0,0,0,0,0
2022-10-13,VRNA,Verena Multi Finance Tbk.,--U-2100000000G211------------,116.0,0.0,116.0,108.0,109.0,-7.0,3063500,335364400,393,110.0,110,13300,109,242900,5687353997,5687353997,426551550,0,0,0,0,0
2022-10-12,VRNA,Verena Multi Finance Tbk.,--U-2100000000G211------------,121.0,0.0,121.0,114.0,116.0,-5.0,2723300,317655100,219,117.0,117,23400,116,6900,5687353997,5687353997,426551550,99600,0,0,0,0
2022-10-11,VRNA,Verena Multi Finance Tbk.,--U-2100000000G211------------,121.0,0.0,123.0,119.0,121.0,0.0,671200,80986800,116,122.1,121,9100,120,110900,5687353997,5687353997,426551550,0,0,0,0,0
2022-10-10,VRNA,Verena Multi Finance Tbk.,--U-2100000000G211------------,124.0,0.0,124.0,120.0,121.0,-3.0,534400,64628400,119,122.1,122,1900,121,88800,5687353997,5687353997,426551550,0,0,0,0,0
2022-10-07,VRNA,Verena Multi Finance Tbk.,--U-2100000000G211------------,126.0,0.0,130.0,120.0,124.0,-2.0,2878500,351495700,323,125.1,124,73400,123,5000,5687353997,5687353997,426551550,0,0,0,0,0
2022-10-06,VRNA,Verena Multi Finance Tbk.,--U-2100000000G211------------,125.0,0.0,129.0,125.0,126.0,1.0,1338900,169525700,184,127.1,126,71500,125,83100,5687353997,5687353997,426551550,0,0,0,0,0
2022-10-05,VRNA,Verena Multi Finance Tbk.,--U-2100000000G211------------,121.0,0.0,129.0,121.0,125.0,4.0,3277800,410013300,578,126.1,125,78600,124,22200,5687353997,5687353997,426551550,0,0,0,0,0
2022-10-04,VRNA,Verena Multi Finance Tbk.,--U-2100000000G211------------,120.0,0.0,126.0,115.0,121.0,1.0,3190400,379916900,666,122.1,122,800,121,34000,5687353997,5687353997,426551550,0,1000,3800,543400,1
2022-10-03,VRNA,Verena Multi Finance Tbk.,--U-2100000000G211------------,120.0,0.0,125.0,117.0,120.0,0.0,1128000,135846900,259,121.1,120,36700,119,34900,5687353997,5687353997,426551550,0,0,0,0,0
2022-09-30,VRNA,Verena Multi Finance Tbk.,--U-2100000000G211------------,128.0,0.0,128.0,120.0,120.0,-8.0,3802500,459549400,444,121.1,121,50000,120,112100,5687353997,5687353997,426551550,0,0,0,0,0
2022-09-29,VRNA,Verena Multi Finance Tbk.,--U-2100000000G211------------,135.0,0.0,139.0,126.0,128.0,-7.0,7776300,1025962900,913,129.1,128,4800,127,168100,5687353997,5687353997,426551550,0,0,0,0,0
2022-09-28,VRNA,Verena Multi Finance Tbk.,--U-2100000000G211------------,133.0,0.0,143.0,132.0,135.0,2.0,19964200,2769842300,1773,136.2,136,5400,135,3743600,5687353997,5687353997,426551550,0,0,0,0,0
2022-09-27,VRNA,Verena Multi Finance Tbk.,--U-2100000000G211------------,131.0,0.0,144.0,130.0,133.0,2.0,17577500,2413914300,2778,134.2,134,9000,133,25700,5687353997,5687353997,426551550,0,1900,0,0,0
2022-09-26,VRNA,Verena Multi Finance Tbk.,--U-2100000000G211------------,130.0,0.0,134.0,125.0,131.0,1.0,3300500,427558600,521,132.2,131,108800,130,5000,5687353997,5687353997,426551550,0,15100,0,0,0
2022-09-23,VRNA,Verena Multi Finance Tbk.,--U-2100000000G211------------,139.0,0.0,142.0,130.0,130.0,-9.0,9907700,1324344100,1956,131.2,132,228400,130,45800,5687353997,5687353997,426551550,200000,0,0,0,0
2022-09-22,VRNA,Verena Multi Finance Tbk.,--U-2100000000G211------------,144.0,0.0,147.0,134.0,139.0,-5.0,25248700,3487137000,2504,140.2,139,621400,138,300300,5687353997,5687353997,426551550,0,0,0,0,0
2022-09-21,VRNA,Verena Multi Finance Tbk.,--U-2100000000G211------------,119.0,0.0,148.0,115.0,144.0,25.0,63155200,8878434100,5862,145.3,145,776000,144,10500100,5687353997,5687353997,426551550,0,0,0,0,0
2022-09-20,VRNA,Verena Multi Finance Tbk.,--U-2100000000G211------------,122.0,0.0,126.0,114.0,119.0,-3.0,3701200,445322200,451,120.1,120,15000,119,214800,5687353997,5687353997,426551550,0,0,0,0,0
2022-09-19,VRNA,Verena Multi Finance Tbk.,--U-2100000000G211------------,130.0,0.0,128.0,122.0,122.0,-8.0,2901900,358416600,387,123.1,124,25700,122,84000,5687353997,5687353997,426551550,0,0,0,0,0
2022-09-16,VRNA,Verena Multi Finance Tbk.,--U-2100000000G211------------,137.0,0.0,148.0,129.0,130.0,-7.0,19889700,2771622000,2158,131.2,130,127800,129,20300,5687353997,5687353997,426551550,0,200000,0,0,0
2022-09-15,VRNA,Verena Multi Finance Tbk.,--U-2100000000G211------------,131.0,0.0,142.0,126.0,137.0,6.0,7002500,951996800,1208,138.2,138,17800,137,5538200,5687353997,5687353997,426551550,500,0,0,0,0
2022-09-14,VRNA,Verena Multi Finance Tbk.,--U-2100000000G211------------,132.0,0.0,134.0,128.0,131.0,-1.0,861300,113332900,274,132.2,131,50400,130,120400,5687353997,5687353997,426551550,0,0,0,0,0
2022-09-13,VRNA,Verena Multi Finance Tbk.,--U-2100000000G211------------,134.0,0.0,139.0,127.0,132.0,-2.0,4840800,650454900,828,133.2,133,47300,132,32000,5687353997,5687353997,426551550,0,0,0,0,0
2022-09-12,VRNA,Verena Multi Finance Tbk.,--U-2100000000G211------------,135.0,0.0,139.0,126.0,134.0,-1.0,5630100,747747100,780,135.2,134,119700,133,63900,5687353997,5687353997,426551550,0,0,0,0,0
2022-09-09,VRNA,Verena Multi Finance Tbk.,--U-2100000000G211------------,145.0,0.0,148.0,135.0,135.0,-10.0,10446600,1441110900,989,136.2,135,2161700,0,0,5687353997,5687353997,426551550,0,4000,0,0,0
2022-09-08,VRNA,Verena Multi Finance Tbk.,--U-2100000000G211------------,128.0,0.0,146.0,121.0,145.0,17.0,37413100,5199298200,3399,146.3,146,546900,145,10125700,5687353997,5687353997,426551550,0,1000,0,0,0
2022-09-07,VRNA,Verena Multi Finance Tbk.,--U-2100000000G211------------,137.0,0.0,139.0,128.0,128.0,-9.0,7367200,952543500,786,129.1,128,2979700,0,0,5687353997,5687353997,426551550,0,0,0,0,0
2022-09-06,VRNA,Verena Multi Finance Tbk.,--U-2100000000G211------------,120.0,0.0,147.0,117.0,137.0,17.0,67144000,9107106100,6604,138.2,137,195000,136,4599700,5687353997,5687353997,426551550,347000,198700,0,0,0
2022-09-05,VRNA,Verena Multi Finance Tbk.,--U-2100000000G211------------,116.0,0.0,135.0,111.0,120.0,4.0,11413200,1430618300,1116,121.1,121,111000,120,42700,5687353997,5687353997,426551550,0,0,0,0,0
2022-09-02,VRNA,Verena Multi Finance Tbk.,--U-2100000000G211------------,116.0,0.0,118.0,111.0,116.0,0.0,2788900,325515700,219,117.0,117,20000,116,192100,5687353997,5687353997,426551550,0,230300,0,0,0
2022-09-01,VRNA,Verena Multi Finance Tbk.,--U-2100000000G211------------,124.0,0.0,128.0,116.0,116.0,-8.0,9738800,1137297000,755,117.0,118,64200,116,972000,5687353997,5687353997,426551550,0,0,0,0,0
2022-08-31,VRNA,Verena Multi Finance Tbk.,--U-2100000000G211------------,109.0,0.0,126.0,109.0,124.0,15.0,24909400,2966459500,1812,125.1,124,971800,123,1371000,5687353997,5687353997,426551550,0,0,0,0,0
2022-08-30,VRNA,Verena Multi Finance Tbk.,--U-2100000000G211------------,107.0,0.0,120.0,107.0,109.0,2.0,11462800,1301534600,1271,110.0,110,200,109,592700,5687353997,5687353997,426551550,0,0,0,0,0
2022-08-29,VRNA,Verena Multi Finance Tbk.,--U-2100000000G211------------,105.0,0.0,110.0,103.0,107.0,2.0,794800,85711000,118,108.0,107,49400,106,14900,5687353997,5687353997,426551550,0,0,0,0,0
2022-08-26,VRNA,Verena Multi Finance Tbk.,--U-2100000000G211------------,106.0,0.0,106.0,104.0,105.0,-1.0,153000,15924300,34,105.9,105,29200,103,154600,5687353997,5687353997,426551550,0,0,0,0,0
2022-08-25,VRNA,Verena Multi Finance Tbk.,--U-2100000000G211------------,104.0,0.0,106.0,103.0,106.0,2.0,58700,6159100,37,106.9,105,3000,104,115300,5687353997,5687353997,426551550,0,0,0,0,0
2022-08-24,VRNA,Verena Multi Finance Tbk.,--U-2100000000G211------------,105.0,0.0,109.0,102.0,104.0,-1.0,370300,38642400,84,104.9,105,41500,104,51900,5687353997,5687353997,426551550,0,0,0,0,0
2022-08-23,VRNA,Verena Multi Finance Tbk.,--U-2100000000G211------------,106.0,0.0,106.0,102.0,105.0,-1.0,409200,42534800,42,105.9,105,36500,104,300,5687353997,5687353997,426551550,0,0,0,0,0
2022-08-22,VRNA,Verena Multi Finance Tbk.,--U-2100000000G211------------,106.0,0.0,106.0,102.0,106.0,0.0,926400,95763400,127,106.9,106,189000,104,10000,5687353997,5687353997,426551550,0,0,0,0,0
2022-08-19,VRNA,Verena Multi Finance Tbk.,--U-2100000000G211------------,105.0,0.0,106.0,103.0,106.0,1.0,120100,12473400,33,106.9,105,5000,104,10000,5687353997,5687353997,426551550,0,0,0,0,0
2022-08-18,VRNA,Verena Multi Finance Tbk.,--U-2100000000G211------------,107.0,0.0,107.0,103.0,105.0,-2.0,220400,22968200,59,105.9,104,10000,103,107800,5687353997,5687353997,426551550,0,0,0,0,0
2022-08-16,VRNA,Verena Multi Finance Tbk.,--U-2100000000G211------------,105.0,0.0,107.0,105.0,107.0,2.0,182000,19304900,73,108.0,107,161700,106,10000,5687353997,5687353997,426551550,0,0,0,0,0
2022-08-15,VRNA,Verena Multi Finance Tbk.,--U-2100000000G211------------,105.0,0.0,105.0,104.0,105.0,0.0,264400,27721700,28,105.9,106,100,105,286000,5687353997,5687353997,426551550,0,0,0,0,0
2022-08-12,VRNA,Verena Multi Finance Tbk.,--U-2100000000G211------------,105.0,0.0,105.0,104.0,105.0,0.0,61000,6346500,22,105.9,105,25000,104,8000,5687353997,5687353997,426551550,0,0,0,0,0
2022-08-11,VRNA,Verena Multi Finance Tbk.,--U-2100000000G211------------,104.0,0.0,105.0,103.0,105.0,1.0,8600,894000,14,105.9,105,46800,103,32700,5687353997,5687353997,426551550,0,0,0,0,0
2022-08-10,VRNA,Verena Multi Finance Tbk.,--U-2100000000G211------------,106.0,0.0,106.0,104.0,104.0,-2.0,71900,7478000,18,104.9,105,50000,104,100,5687353997,5687353997,426551550,0,0,0,0,0
2022-08-09,VRNA,Verena Multi Finance Tbk.,--U-2100000000G211------------,105.0,0.0,106.0,105.0,106.0,1.0,94600,9938600,22,106.9,106,90800,104,52000,5687353997,5687353997,426551550,0,0,0,0,0
2022-08-08,VRNA,Verena Multi Finance Tbk.,--U-2100000000G211------------,105.0,0.0,106.0,104.0,105.0,0.0,66400,6908000,17,105.9,105,19800,104,41400,5687353997,5687353997,426551550,0,0,0,0,0
2022-08-05,VRNA,Verena Multi Finance Tbk.,--U-2100000000G211------------,105.0,0.0,106.0,104.0,105.0,0.0,462200,48319100,132,105.9,105,29300,104,42400,5687353997,5687353997,426551550,0,0,0,0,0
2022-08-04,VRNA,Verena Multi Finance Tbk.,--U-2100000000G211------------,105.0,0.0,106.0,104.0,105.0,0.0,94700,9851800,29,105.9,105,39000,104,13000,5687353997,5687353997,426551550,0,0,0,0,0
2022-08-03,VRNA,Verena Multi Finance Tbk.,--U-2100000000G211------------,106.0,0.0,106.0,103.0,105.0,-1.0,144300,14938700,31,105.9,105,49400,104,30100,5687353997,5687353997,426551550,0,0,0,0,0
2022-08-02,VRNA,Verena Multi Finance Tbk.,--U-2100000000G211------------,106.0,0.0,106.0,104.0,106.0,0.0,138400,14401600,45,106.9,106,187600,104,32600,5687353997,5687353997,426551550,0,0,0,0,0
2022-08-01,VRNA,Verena Multi Finance Tbk.,--U-2100000000G211------------,107.0,0.0,110.0,105.0,106.0,-1.0,121600,12789500,38,106.9,106,27600,105,16500,5687353997,5687353997,426551550,0,0,0,0,0
2022-07-29,VRNA,Verena Multi Finance Tbk.,--U-2100000000G211------------,105.0,0.0,110.0,104.0,107.0,2.0,588800,62153600,158,108.0,106,20000,104,63500,5687353997,5687353997,426551550,0,0,0,0,0
2022-07-28,VRNA,Verena Multi Finance Tbk.,--U-2100000000G211------------,104.0,0.0,105.0,102.0,105.0,1.0,96900,10034800,38,105.9,105,93200,104,28200,5687353997,5687353997,426551550,0,0,0,0,0
2022-07-27,VRNA,Verena Multi Finance Tbk.,--U-2100000000G211------------,104.0,0.0,105.0,103.0,104.0,0.0,68400,7046500,32,104.9,104,59500,103,7300,5687353997,5687353997,426551550,0,0,0,0,0
2022-07-26,VRNA,Verena Multi Finance Tbk.,--U-2100000000G211------------,105.0,0.0,105.0,104.0,104.0,-1.0,11200,1166300,11,104.9,104,20500,103,40100,5687353997,5687353997,426551550,0,0,0,0,0
2022-07-25,VRNA,Verena Multi Finance Tbk.,--U-2100000000G211------------,104.0,0.0,107.0,103.0,105.0,1.0,58900,6098600,22,105.9,105,6600,103,10200,5687353997,5687353997,426551550,0,0,0,0,0
2022-07-22,VRNA,Verena Multi Finance Tbk.,--U-2100000000G211------------,105.0,0.0,108.0,104.0,104.0,-1.0,65700,6851600,32,104.9,105,11200,104,22100,5687353997,5687353997,426551550,0,0,0,0,0
2022-07-21,VRNA,Verena Multi Finance Tbk.,--U-2100000000G211------------,105.0,0.0,106.0,103.0,105.0,0.0,80300,8323900,30,105.9,105,21000,104,17800,5687353997,5687353997,426551550,0,0,0,0,0
2022-07-20,VRNA,Verena Multi Finance Tbk.,--U-2100000000G211------------,105.0,0.0,106.0,105.0,105.0,0.0,76500,8035800,27,105.9,106,32700,105,4700,5687353997,5687353997,426551550,0,0,0,0,0
2022-07-19,VRNA,Verena Multi Finance Tbk.,--U-2100000000G211------------,104.0,0.0,105.0,102.0,105.0,1.0,48600,5035400,32,105.9,105,2700,104,1000,5687353997,5687353997,426551550,0,0,0,0,0
2022-07-18,VRNA,Verena Multi Finance Tbk.,--U-2100000000G211------------,105.0,0.0,105.0,103.0,104.0,-1.0,169900,17572400,35,104.9,104,13700,103,10100,5687353997,5687353997,426551550,0,0,0,0,0
2022-07-15,VRNA,Verena Multi Finance Tbk.,--U-2100000000G211------------,108.0,0.0,106.0,103.0,105.0,-3.0,25700,2665300,20,105.9,105,27400,103,46100,5687353997,5687353997,426551550,0,0,0,0,0
2022-07-14,VRNA,Verena Multi Finance Tbk.,--U-2100000000G211------------,104.0,0.0,108.0,102.0,108.0,4.0,69800,7232100,37,109.0,108,116400,107,1000,5687353997,5687353997,426551550,0,0,0,0,0
2022-07-13,VRNA,Verena Multi Finance Tbk.,--U-2100000000G211------------,105.0,0.0,105.0,103.0,104.0,-1.0,133700,13852500,45,104.9,104,16600,103,38500,5687353997,5687353997,426551550,0,0,0,0,0
2022-07-12,VRNA,Verena Multi Finance Tbk.,--U-2100000000G211------------,105.0,0.0,105.0,103.0,105.0,0.0,15600,1627400,13,105.9,105,5000,104,10100,5687353997,5687353997,426551550,0,0,0,0,0
2022-07-11,VRNA,Verena Multi Finance Tbk.,--U-2100000000G211------------,104.0,0.0,105.0,101.0,105.0,1.0,46400,4752300,35,105.9,105,8700,104,2500,5687353997,5687353997,426551550,0,0,0,0,0
2022-07-08,VRNA,Verena Multi Finance Tbk.,--U-2100000000G211------------,104.0,0.0,108.0,102.0,104.0,0.0,275200,28922000,88,104.9,105,7500,104,166100,5687353997,5687353997,426551550,0,0,0,0,0
2022-07-07,VRNA,Verena Multi Finance Tbk.,--U-2100000000G211------------,102.0,0.0,105.0,100.0,104.0,2.0,53800,5459700,26,104.9,104,3200,102,400,5687353997,5687353997,426551550,0,0,0,0,0
2022-07-06,VRNA,Verena Multi Finance Tbk.,--U-2100000000G211------------,105.0,0.0,105.0,101.0,102.0,-3.0,150500,15324800,59,102.9,103,10100,102,100,5687353997,5687353997,426551550,0,0,0,0,0
2022-07-05,VRNA,Verena Multi Finance Tbk.,--U-2100000000G211------------,101.0,0.0,108.0,100.0,105.0,4.0,861700,89716700,132,105.9,105,22900,102,18100,5687353997,5687353997,426551550,0,0,0,0,0
2022-07-04,VRNA,Verena Multi Finance Tbk.,--U-2100000000G211------------,104.0,0.0,104.0,100.0,101.0,-3.0,381500,38404400,109,101.9,103,73300,100,511500,5687353997,5687353997,426551550,0,0,0,0,0
2022-07-01,VRNA,Verena Multi Finance Tbk.,--U-2100000000G211------------,106.0,0.0,108.0,101.0,104.0,-2.0,123900,12701000,63,104.9,103,100,102,18500,5687353997,5687353997,426551550,0,0,0,0,0
2022-06-30,VRNA,Verena Multi Finance Tbk.,--U-2100000000G211------------,106.0,0.0,108.0,104.0,106.0,0.0,52600,5518200,52,106.9,106,10900,104,7900,5687353997,5687353997,426551550,0,0,0,0,0
2022-06-29,VRNA,Verena Multi Finance Tbk.,--U-2100000000G211------------,107.0,0.0,109.0,106.0,106.0,-1.0,74400,7920400,36,106.9,106,1700,105,15000,5687353997,5687353997,426551550,0,0,0,0,0
2022-06-28,VRNA,Verena Multi Finance Tbk.,--U-2100000000G211------------,107.0,0.0,109.0,104.0,107.0,0.0,86100,9107000,33,108.0,107,33100,105,57600,5687353997,5687353997,426551550,0,0,0,0,0
2022-06-27,VRNA,Verena Multi Finance Tbk.,--U-2100000000G211------------,103.0,0.0,107.0,104.0,107.0,4.0,91000,9634700,39,108.0,107,30800,105,5700,5687353997,5687353997,426551550,0,0,0,0,0
2022-06-24,VRNA,Verena Multi Finance Tbk.,--U-2100000000G211------------,104.0,0.0,108.0,103.0,103.0,-1.0,229700,23960200,68,103.9,105,100,103,129800,5687353997,5687353997,426551550,0,0,0,0,0
2022-06-23,VRNA,Verena Multi Finance Tbk.,--U-2100000000G211------------,106.0,0.0,108.0,103.0,104.0,-2.0,95000,9917100,37,104.9,106,9900,104,54200,5687353997,5687353997,426551550,0,0,0,0,0
2022-06-22,VRNA,Verena Multi Finance Tbk.,--U-2100000000G211------------,105.0,0.0,107.0,103.0,106.0,1.0,340500,35732200,83,106.9,107,23200,106,40700,5687353997,5687353997,426551550,0,0,0,0,0
2022-06-21,VRNA,Verena Multi Finance Tbk.,--U-2100000000G211------------,104.0,0.0,113.0,103.0,105.0,1.0,913200,98299100,163,105.9,106,29700,105,63500,5687353997,5687353997,426551550,0,0,0,0,0
2022-06-20,VRNA,Verena Multi Finance Tbk.,--U-2100000000G211------------,107.0,0.0,107.0,100.0,104.0,-3.0,555900,57071800,129,104.9,105,53900,104,32300,5687353997,5687353997,426551550,0,0,0,0,0
2022-06-17,VRNA,Verena Multi Finance Tbk.,--U-2100000000G211------------,108.0,0.0,110.0,101.0,107.0,-1.0,211900,22376200,95,108.0,106,100,103,127300,5687353997,5687353997,426551550,0,0,0,0,0
2022-06-16,VRNA,Verena Multi Finance Tbk.,--U-2100000000G211------------,107.0,0.0,110.0,102.0,108.0,1.0,291800,31577500,109,109.0,108,11000,107,66500,5687353997,5687353997,426551550,0,0,0,0,0
2022-06-15,VRNA,Verena Multi Finance Tbk.,--U-2100000000G211------------,108.0,0.0,112.0,103.0,107.0,-1.0,925700,100261800,204,108.0,108,200,107,14600,5687353997,5687353997,426551550,0,0,0,0,0
2022-06-14,VRNA,Verena Multi Finance Tbk.,--U-2100000000G211------------,112.0,0.0,111.0,105.0,108.0,-4.0,1533600,163867400,286,109.0,109,44900,108,27300,5687353997,5687353997,426551550,0,0,0,0,0
2022-06-13,VRNA,Verena Multi Finance Tbk.,--U-2100000000G211------------,120.0,0.0,121.0,112.0,112.0,-8.0,3938000,453537700,740,113.0,112,184000,0,0,5687353997,5687353997,426551550,0,0,0,0,0
2022-06-10,VRNA,Verena Multi Finance Tbk.,--U-2100000000G211------------,109.0,0.0,128.0,108.0,120.0,11.0,20641100,2508337700,3397,121.1,120,535300,119,300,5687353997,5687353997,426551550,0,0,0,0,0
2022-06-09,VRNA,Verena Multi Finance Tbk.,--U-2100000000G211------------,110.0,0.0,111.0,107.0,109.0,-1.0,678700,74140700,86,110.0,111,397500,109,74000,5687353997,5687353997,426551550,0,0,0,0,0
2022-06-08,VRNA,Verena Multi Finance Tbk.,--U-2100000000G211------------,114.0,0.0,115.0,110.0,110.0,-4.0,969800,108310700,109,111.0,110,23600,109,100000,5687353997,5687353997,426551550,0,0,0,0,0
2022-06-07,VRNA,Verena Multi Finance Tbk.,--U-2100000000G211------------,110.0,0.0,116.0,108.0,114.0,4.0,2062800,232213200,205,115.0,114,3500,113,39800,5687353997,5687353997,426551550,0,0,0,0,0
2022-06-06,VRNA,Verena Multi Finance Tbk.,--U-2100000000G211------------,109.0,0.0,110.0,108.0,110.0,1.0,371600,40515400,32,111.0,110,63300,107,1300,5687353997,5687353997,426551550,0,0,0,0,0
2022-06-03,VRNA,Verena Multi Finance Tbk.,--U-2100000000G211------------,108.0,0.0,110.0,106.0,109.0,1.0,402100,43974400,45,110.0,109,45800,108,1400,5687353997,5687353997,426551550,0,0,0,0,0
2022-06-02,VRNA,Verena Multi Finance Tbk.,--U-2100000000G211------------,106.0,0.0,109.0,106.0,108.0,2.0,266500,28767200,57,109.0,108,14700,107,33800,5687353997,5687353997,426551550,0,0,0,0,0
2022-05-31,VRNA,Verena Multi Finance Tbk.,--U-2100000000G211------------,108.0,0.0,113.0,101.0,106.0,-2.0,1328400,143353400,204,106.9,107,88800,106,21200,5687353997,5687353997,426551550,0,0,0,0,0
2022-05-30,VRNA,Verena Multi Finance Tbk.,--U-2100000000G211------------,107.0,0.0,111.0,107.0,108.0,1.0,403700,44019800,82,109.0,110,35100,108,41400,5687353997,5687353997,426551550,0,0,0,0,0
2022-05-27,VRNA,Verena Multi Finance Tbk.,--U-2100000000G211------------,107.0,0.0,111.0,107.0,107.0,0.0,1045900,113038200,208,108.0,108,50000,107,900,5687353997,5687353997,426551550,0,0,0,0,0
2022-05-25,VRNA,Verena Multi Finance Tbk.,--U-2100000000G211------------,101.0,0.0,107.0,99.0,107.0,6.0,1171800,122132000,188,108.0,108,31200,107,63600,5687353997,5687353997,426551550,0,0,0,0,0
2022-05-24,VRNA,Verena Multi Finance Tbk.,--U-2100000000G211------------,103.0,0.0,103.0,100.0,101.0,-2.0,59000,5913600,16,101.9,101,500,100,153700,5687353997,5687353997,426551550,0,0,0,0,0
2022-05-23,VRNA,Verena Multi Finance Tbk.,--U-2100000000G211------------,101.0,0.0,103.0,100.0,103.0,2.0,91500,9243500,33,103.9,103,59400,101,73100,5687353997,5687353997,426551550,0,0,0,0,0
2022-05-20,VRNA,Verena Multi Finance Tbk.,--U-2100000000G211------------,101.0,0.0,103.0,100.0,101.0,0.0,108700,10891700,27,101.9,101,8200,100,260800,5687353997,5687353997,426551550,0,0,0,0,0
2022-05-19,VRNA,Verena Multi Finance Tbk.,--U-2100000000G211------------,102.0,0.0,104.0,101.0,101.0,-1.0,524400,53093300,49,101.9,102,100,101,372000,5687353997,5687353997,426551550,0,297000,0,0,0
2022-05-18,VRNA,Verena Multi Finance Tbk.,--U-2100000000G211------------,102.0,0.0,103.0,100.0,102.0,0.0,201400,20241100,27,102.9,101,33400,100,299800,5687353997,5687353997,426551550,0,0,0,0,0
2022-05-17,VRNA,Verena Multi Finance Tbk.,--U-2100000000G211------------,101.0,0.0,105.0,100.0,102.0,1.0,287700,28947400,50,102.9,102,43300,101,3800,5687353997,5687353997,426551550,0,0,0,0,0
2022-05-13,VRNA,Verena Multi Finance Tbk.,--U-2100000000G211------------,101.0,0.0,102.0,100.0,101.0,0.0,305500,30671200,39,101.9,101,53800,100,502700,5687353997,5687353997,426551550,0,0,0,0,0
2022-05-12,VRNA,Verena Multi Finance Tbk.,--U-2100000000G211------------,101.0,0.0,105.0,100.0,101.0,0.0,431100,43332000,64,101.9,101,26300,100,683600,5687353997,5687353997,426551550,0,0,0,0,0
2022-05-11,VRNA,Verena Multi Finance Tbk.,--U-2100000000G211------------,102.0,0.0,104.0,101.0,101.0,-1.0,219200,22232800,84,101.9,102,6600,101,59800,5687353997,5687353997,426551550,0,0,0,0,0
2022-05-10,VRNA,Verena Multi Finance Tbk.,--U-2100000000G211------------,109.0,0.0,108.0,102.0,102.0,-7.0,878000,89844000,133,102.9,103,10100,102,3700,5687353997,5687353997,426551550,0,0,0,0,0
2022-05-09,VRNA,Verena Multi Finance Tbk.,--U-2100000000G211------------,108.0,0.0,111.0,108.0,109.0,1.0,2600,282400,16,110.0,108,30000,107,3100,5687353997,5687353997,426551550,0,0,0,0,0
2022-04-28,VRNA,Verena Multi Finance Tbk.,--U-2100000000G211------------,109.0,0.0,111.0,106.0,108.0,-1.0,155600,16578900,47,109.0,108,103900,107,10000,5687353997,5687353997,426551550,0,0,0,0,0
2022-04-27,VRNA,Verena Multi Finance Tbk.,--U-2100000000G211------------,110.0,0.0,112.0,108.0,109.0,-1.0,71300,7756700,25,110.0,109,25400,108,7800,5687353997,5687353997,426551550,0,0,0,0,0
2022-04-26,VRNA,Verena Multi Finance Tbk.,--U-2100000000G211------------,110.0,0.0,113.0,107.0,110.0,0.0,237500,25945400,66,111.0,110,61900,109,1500,5687353997,5687353997,426551550,0,0,0,0,0
2022-04-25,VRNA,Verena Multi Finance Tbk.,--U-2100000000G211------------,113.0,0.0,114.0,110.0,110.0,-3.0,299500,33269100,71,111.0,110,52900,109,46300,5687353997,5687353997,426551550,0,0,0,0,0
2022-04-22,VRNA,Verena Multi Finance Tbk.,--U-2100000000G211------------,111.0,0.0,114.0,110.0,113.0,2.0,842300,94446200,138,114.0,113,120100,112,110000,5687353997,5687353997,426551550,0,0,0,0,0
2022-04-21,VRNA,Verena Multi Finance Tbk.,--U-2100000000G211------------,111.0,0.0,116.0,109.0,111.0,0.0,593100,65402900,152,112.0,111,41900,109,68500,5687353997,5687353997,426551550,0,0,0,0,0
2022-04-20,VRNA,Verena Multi Finance Tbk.,--U-2100000000G211------------,109.0,0.0,117.0,107.0,111.0,2.0,1603800,180770000,371,112.0,111,47900,110,41400,5687353997,5687353997,426551550,0,0,0,0,0
2022-04-19,VRNA,Verena Multi Finance Tbk.,--U-2100000000G211------------,109.0,0.0,110.0,106.0,109.0,0.0,84200,9129000,45,110.0,109,53600,108,8500,5687353997,5687353997,426551550,0,0,0,0,0
2022-04-18,VRNA,Verena Multi Finance Tbk.,--U-2100000000G211------------,110.0,0.0,114.0,106.0,109.0,-1.0,953600,103239200,202,110.0,109,6900,108,31000,5687353997,5687353997,426551550,0,0,0,0,0
2022-04-14,VRNA,Verena Multi Finance Tbk.,--U-2100000000G211------------,114.0,0.0,114.0,107.0,110.0,-4.0,694800,75943900,145,111.0,110,32700,109,16600,5687353997,5687353997,426551550,0,0,0,0,0
2022-04-13,VRNA,Verena Multi Finance Tbk.,--U-2100000000G211------------,114.0,0.0,116.0,109.0,114.0,0.0,195900,21843300,80,115.0,114,19500,112,18700,5687353997,5687353997,426551550,0,0,0,0,0
2022-04-12,VRNA,Verena Multi Finance Tbk.,--U-2100000000G211------------,112.0,0.0,115.0,111.0,114.0,2.0,83800,9420300,52,115.0,114,12500,112,5000,5687353997,5687353997,426551550,0,0,0,0,0
2022-04-11,VRNA,Verena Multi Finance Tbk.,--U-2100000000G211------------,115.0,0.0,117.0,112.0,112.0,-3.0,261800,29806300,79,113.0,113,2500,112,136900,5687353997,5687353997,426551550,0,0,0,0,0
2022-04-08,VRNA,Verena Multi Finance Tbk.,--U-2100000000G211------------,115.0,0.0,116.0,114.0,115.0,0.0,440300,50461000,104,116.0,115,115000,114,30400,5687353997,5687353997,426551550,0,0,0,0,0
2022-04-07,VRNA,Verena Multi Finance Tbk.,--U-2100000000G211------------,115.0,0.0,128.0,113.0,115.0,0.0,9233200,1112645200,2509,116.0,116,13600,115,500,5687353997,5687353997,426551550,4000,4000,0,0,0
2022-04-06,VRNA,Verena Multi Finance Tbk.,--U-2100000000G211------------,114.0,0.0,116.0,113.0,115.0,1.0,170200,19506400,49,116.0,115,600,114,7100,5687353997,5687353997,426551550,0,0,0,0,0
2022-04-05,VRNA,Verena Multi Finance Tbk.,--U-2100000000G211------------,115.0,0.0,115.0,113.0,114.0,-1.0,156600,17739900,54,115.0,114,400,113,31700,5687353997,5687353997,426551550,0,0,0,0,0
2022-04-04,VRNA,Verena Multi Finance Tbk.,--U-2100000000G211------------,116.0,0.0,117.0,113.0,115.0,-1.0,86600,9876500,82,116.0,115,9400,114,11100,5687353997,5687353997,426551550,0,0,0,0,0
2022-04-01,VRNA,Verena Multi Finance Tbk.,--U-2100000000G211------------,116.0,0.0,118.0,113.0,116.0,0.0,226700,25933500,57,117.0,116,129900,113,107600,5687353997,5687353997,426551550,0,0,0,0,0
2022-03-31,VRNA,Verena Multi Finance Tbk.,--U-2100000000G211------------,114.0,0.0,119.0,113.0,116.0,2.0,337600,39384700,82,117.0,116,22300,115,36500,5687353997,5687353997,2530872529,0,0,0,0,0
2022-03-30,VRNA,Verena Multi Finance Tbk.,--U-2100000000G211------------,116.0,0.0,116.0,114.0,114.0,-2.0,130500,14941300,31,115.0,115,6000,114,2000,5687353997,5687353997,2530872529,0,0,0,0,0
2022-03-29,VRNA,Verena Multi Finance Tbk.,--U-2100000000G211------------,116.0,0.0,117.0,114.0,116.0,0.0,193100,22268700,62,117.0,116,48600,114,122100,5687353997,5687353997,2530872529,0,0,0,0,0
2022-03-28,VRNA,Verena Multi Finance Tbk.,--U-2100000000G211------------,117.0,0.0,117.0,113.0,116.0,-1.0,292800,33490700,69,117.0,116,108100,114,12200,5687353997,5687353997,2530872529,0,0,0,0,0
2022-03-25,VRNA,Verena Multi Finance Tbk.,--U-2100000000G211------------,119.0,0.0,118.0,115.0,117.0,-2.0,134000,15517300,57,118.0,117,72600,115,1900,5687353997,5687353997,2530872529,0,0,0,0,0
2022-03-24,VRNA,Verena Multi Finance Tbk.,--U-2100000000G211------------,117.0,0.0,119.0,115.0,119.0,2.0,496300,58095500,94,120.1,119,104900,115,18100,5687353997,5687353997,2530872529,0,0,0,0,0
2022-03-23,VRNA,Verena Multi Finance Tbk.,--U-2100000000G211------------,116.0,0.0,119.0,115.0,117.0,1.0,916400,106984700,187,118.0,117,125400,115,23900,5687353997,5687353997,2530872529,0,0,0,0,0
2022-03-22,VRNA,Verena Multi Finance Tbk.,--U-2100000000G211------------,112.0,0.0,122.0,110.0,116.0,4.0,2865700,336649000,647,117.0,117,12200,116,41000,5687353997,5687353997,2530872529,0,0,0,0,0
2022-03-21,VRNA,Verena Multi Finance Tbk.,--U-2100000000G211------------,114.0,0.0,115.0,110.0,112.0,-2.0,852200,95199200,207,113.0,113,122000,112,2600,5687353997,5687353997,2530872529,0,0,0,0,0
2022-03-18,VRNA,Verena Multi Finance Tbk.,--U-2100000000G211------------,106.0,0.0,125.0,105.0,114.0,8.0,11980100,1419521600,2710,115.0,114,198100,113,780600,5687353997,5687353997,2530872529,0,0,0,0,0
2022-03-17,VRNA,Verena Multi Finance Tbk.,--U-2100000000G211------------,110.0,0.0,111.0,106.0,106.0,-4.0,303700,32317700,65,106.9,106,9700,105,186000,5687353997,5687353997,2530872529,0,0,0,0,0
2022-03-16,VRNA,Verena Multi Finance Tbk.,--U-2100000000G211------------,108.0,0.0,113.0,106.0,110.0,2.0,293300,31875000,83,111.0,111,38800,110,34000,5687353997,5687353997,2530872529,40000,0,0,0,0
2022-03-15,VRNA,Verena Multi Finance Tbk.,--U-2100000000G211------------,108.0,0.0,115.0,108.0,108.0,0.0,387500,42372700,128,109.0,110,281800,108,57900,5687353997,5687353997,2530872529,0,0,0,0,0
2022-03-14,VRNA,Verena Multi Finance Tbk.,--U-2100000000G211------------,105.0,0.0,119.0,105.0,108.0,3.0,1715900,191399100,418,109.0,109,11500,108,22500,5687353997,5687353997,2530872529,0,40000,0,0,0
2022-03-11,VRNA,Verena Multi Finance Tbk.,--U-2100000000G211------------,104.0,0.0,109.0,104.0,105.0,1.0,101700,10736400,64,105.9,106,38900,105,202900,5687353997,5687353997,2530872529,0,0,0,0,0
2022-03-10,VRNA,Verena Multi Finance Tbk.,--U-2100000000G211------------,104.0,0.0,109.0,103.0,104.0,0.0,415900,43888300,127,104.9,107,13900,104,221800,5687353997,5687353997,2530872529,0,0,0,0,0
2022-03-09,VRNA,Verena Multi Finance Tbk.,--U-2100000000G211------------,105.0,0.0,110.0,102.0,104.0,-1.0,626100,65490200,134,104.9,106,100,104,3000,5687353997,5687353997,2530872529,0,0,0,0,0
2022-03-08,VRNA,Verena Multi Finance Tbk.,--U-2100000000G211------------,108.0,0.0,110.0,102.0,105.0,-3.0,216700,22589500,111,105.9,105,140700,104,23200,5687353997,5687353997,2530872529,0,0,0,0,0
2022-03-07,VRNA,Verena Multi Finance Tbk.,--U-2100000000G211------------,113.0,0.0,116.0,106.0,108.0,-5.0,1200100,128390800,243,109.0,109,5800,108,700,5687353997,5687353997,2530872529,0,0,0,0,0
2022-03-04,VRNA,Verena Multi Finance Tbk.,--U-2100000000G211------------,120.0,0.0,120.0,112.0,113.0,-7.0,1093300,123824300,199,114.0,114,900,113,29900,5687353997,5687353997,2530872529,0,0,0,0,0
2022-03-02,VRNA,Verena Multi Finance Tbk.,--U-2100000000G211------------,115.0,0.0,121.0,114.0,120.0,5.0,1746200,205048600,246,121.1,120,19400,118,10000,5687353997,5687353997,2530872529,0,0,0,0,0
2022-03-01,VRNA,Verena Multi Finance Tbk.,--U-2100000000G211------------,116.0,0.0,123.0,113.0,115.0,-1.0,688600,79985900,131,116.0,116,7000,115,320800,5687353997,5687353997,2530872529,0,0,0,0,0
2022-02-25,VRNA,Verena Multi Finance Tbk.,--U-2100000000G211------------,121.0,0.0,121.0,113.0,116.0,-5.0,1019600,117965000,157,117.0,116,85000,115,134000,5687353997,5687353997,2530872529,0,0,100000,11700000,1
2022-02-24,VRNA,Verena Multi Finance Tbk.,--U-2100000000G211------------,130.0,0.0,130.0,121.0,121.0,-9.0,951700,117417800,218,122.1,122,10000,121,7300,5687353997,5687353997,2530872529,0,0,0,0,0
2022-02-23,VRNA,Verena Multi Finance Tbk.,--U-2100000000G211------------,127.0,0.0,133.0,125.0,130.0,3.0,2276100,295119900,294,131.2,131,144800,130,9600,5687353997,5687353997,2530872529,0,0,0,0,0
2022-02-22,VRNA,Verena Multi Finance Tbk.,--U-2100000000G211------------,127.0,0.0,128.0,124.0,127.0,0.0,379000,47519500,83,128.1,127,69500,125,15400,5687353997,5687353997,2530872529,0,0,0,0,0
2022-02-21,VRNA,Verena Multi Finance Tbk.,--U-2100000000G211------------,127.0,0.0,127.0,125.0,127.0,0.0,397800,49943900,187,128.1,127,10500,125,30000,5687353997,5687353997,2530872529,0,0,0,0,0
2022-02-18,VRNA,Verena Multi Finance Tbk.,--U-2100000000G211------------,128.0,0.0,129.0,125.0,127.0,-1.0,267200,33741600,86,128.1,128,77400,127,3200,5687353997,5687353997,2530872529,0,0,0,0,0
2022-02-17,VRNA,Verena Multi Finance Tbk.,--U-2100000000G211------------,128.0,0.0,130.0,127.0,128.0,0.0,102400,13049800,46,129.1,128,11100,127,28000,5687353997,5687353997,2530872529,0,0,0,0,0
2022-02-16,VRNA,Verena Multi Finance Tbk.,--U-2100000000G211------------,128.0,0.0,129.0,127.0,128.0,0.0,46700,5984900,39,129.1,129,33300,128,39700,5687353997,5687353997,2530872529,0,0,0,0,0
2022-02-15,VRNA,Verena Multi Finance Tbk.,--U-2100000000G211------------,128.0,0.0,130.0,126.0,128.0,0.0,442100,56460200,85,129.1,128,7400,126,22100,5687353997,5687353997,2530872529,0,0,0,0,0
2022-02-14,VRNA,Verena Multi Finance Tbk.,--U-2100000000G211------------,128.0,0.0,132.0,127.0,128.0,0.0,547800,71001600,175,129.1,129,120600,128,144100,5687353997,5687353997,2530872529,0,0,0,0,0
2022-02-11,VRNA,Verena Multi Finance Tbk.,--U-2100000000G211------------,129.0,0.0,130.0,128.0,128.0,-1.0,423200,54388300,100,129.1,130,32900,128,271200,5687353997,5687353997,2530872529,0,0,0,0,0
2022-02-10,VRNA,Verena Multi Finance Tbk.,--U-2100000000G211------------,130.0,0.0,132.0,128.0,129.0,-1.0,558900,72357500,114,130.2,129,3300,128,68000,5687353997,5687353997,2530872529,0,0,0,0,0
2022-02-09,VRNA,Verena Multi Finance Tbk.,--U-2100000000G211------------,131.0,0.0,133.0,128.0,130.0,-1.0,483300,62483500,92,131.2,131,33700,130,1810900,5687353997,5687353997,2530872529,0,0,0,0,0
2022-02-08,VRNA,Verena Multi Finance Tbk.,--U-2100000000G211------------,130.0,0.0,132.0,127.0,131.0,1.0,303200,39589600,98,132.2,131,53400,130,80200,5687353997,5687353997,2530872529,0,0,0,0,0
2022-02-07,VRNA,Verena Multi Finance Tbk.,--U-2100000000G211------------,131.0,0.0,131.0,128.0,130.0,-1.0,218500,28237600,81,131.2,130,200,129,12700,5687353997,5687353997,2530872529,0,0,0,0,0
2022-02-04,VRNA,Verena Multi Finance Tbk.,--U-2100000000G211------------,130.0,0.0,132.0,126.0,131.0,1.0,361400,46666600,105,132.2,131,121200,127,2300,5687353997,5687353997,2530872529,0,0,0,0,0
2022-02-03,VRNA,Verena Multi Finance Tbk.,--U-2100000000G211------------,131.0,0.0,132.0,126.0,130.0,-1.0,371400,47868900,91,131.2,130,51800,129,900,5687353997,5687353997,2530872529,0,0,0,0,0
2022-02-02,VRNA,Verena Multi Finance Tbk.,--U-2100000000G211------------,131.0,0.0,132.0,128.0,131.0,0.0,115500,14969700,67,132.2,132,113300,130,13900,5687353997,5687353997,2530872529,0,0,0,0,0
2022-01-31,VRNA,Verena Multi Finance Tbk.,--U-2100000000G211------------,131.0,0.0,137.0,126.0,131.0,0.0,1017400,132470200,277,132.2,131,24800,129,10200,5687353997,5687353997,2530872529,0,0,0,0,0
2022-01-28,VRNA,Verena Multi Finance Tbk.,--U-2100000000G211------------,139.0,0.0,141.0,130.0,131.0,-8.0,2564000,340111700,463,132.2,132,50100,131,50900,5687353997,5687353997,2530872529,0,0,0,0,0
2022-01-27,VRNA,Verena Multi Finance Tbk.,--U-2100000000G211------------,128.0,0.0,139.0,125.0,139.0,11.0,2943600,397091900,583,140.2,140,37900,139,95000,5687353997,5687353997,2530872529,0,0,0,0,0
2022-01-26,VRNA,Verena Multi Finance Tbk.,--U-2100000000G211------------,128.0,0.0,130.0,125.0,128.0,0.0,645000,82123600,142,129.1,128,43800,127,5300,5687353997,5687353997,2530872529,0,0,0,0,0
2022-01-25,VRNA,Verena Multi Finance Tbk.,--U-2100000000G211------------,131.0,0.0,131.0,127.0,128.0,-3.0,368400,47211600,131,129.1,130,100,128,40800,5687353997,5687353997,2530872529,0,0,0,0,0
2022-01-24,VRNA,Verena Multi Finance Tbk.,--U-2100000000G211------------,131.0,0.0,134.0,129.0,131.0,0.0,1045600,137169800,1542,132.2,132,15200,131,100,5687353997,5687353997,2530872529,0,0,0,0,0
2022-01-21,VRNA,Verena Multi Finance Tbk.,--U-2100000000G211------------,130.0,0.0,133.0,130.0,131.0,1.0,491300,64173700,204,132.2,132,5100,131,91100,5687353997,5687353997,2530872529,0,0,0,0,0
2022-01-20,VRNA,Verena Multi Finance Tbk.,--U-2100000000G211------------,130.0,0.0,138.0,128.0,130.0,0.0,1504800,198466300,275,131.2,131,100,130,100000,5687353997,5687353997,2530872529,0,0,0,0,0
2022-01-19,VRNA,Verena Multi Finance Tbk.,--U-2100000000G211------------,127.0,0.0,133.0,125.0,130.0,3.0,1098100,141967100,247,131.2,131,2500,130,500,5687353997,5687353997,2530872529,0,0,0,0,0
2022-01-18,VRNA,Verena Multi Finance Tbk.,--U-2100000000G211------------,133.0,0.0,134.0,126.0,127.0,-6.0,729900,93964900,166,128.1,130,7000,127,60800,5687353997,5687353997,2530872529,0,0,0,0,0
2022-01-17,VRNA,Verena Multi Finance Tbk.,--U-2100000000G211------------,135.0,0.0,135.0,130.0,133.0,-2.0,371200,48914500,236,134.2,134,14900,133,82900,5687353997,5687353997,2530872529,0,0,0,0,0
2022-01-14,VRNA,Verena Multi Finance Tbk.,--U-2100000000G211------------,133.0,0.0,143.0,132.0,135.0,2.0,759900,103934900,354,136.2,135,8800,134,13600,5687353997,5687353997,2530872529,0,0,0,0,0
2022-01-13,VRNA,Verena Multi Finance Tbk.,--U-2100000000G211------------,133.0,0.0,134.0,126.0,133.0,0.0,794800,103312300,272,134.2,135,32000,133,24200,5687353997,5687353997,2530872529,0,0,0,0,0
2022-01-12,VRNA,Verena Multi Finance Tbk.,--U-2100000000G211------------,141.0,0.0,144.0,133.0,133.0,-8.0,1644800,225153200,238,134.2,134,41000,133,224600,5687353997,5687353997,2530872529,0,0,0,0,0
2022-01-11,VRNA,Verena Multi Finance Tbk.,--U-2100000000G211------------,148.0,0.0,148.0,141.0,141.0,-7.0,678300,97694000,163,142.3,144,42800,141,206300,5687353997,5687353997,2530872529,0,0,0,0,0
2022-01-10,VRNA,Verena Multi Finance Tbk.,--U-2100000000G211------------,151.0,0.0,152.0,146.0,148.0,-3.0,356500,52943500,109,149.3,148,2000,147,16000,5687353997,5687353997,2530872529,0,0,0,0,0
2022-01-07,VRNA,Verena Multi Finance Tbk.,--U-2100000000G211------------,150.0,0.0,155.0,149.0,151.0,1.0,415000,62361500,150,152.3,151,12600,150,12300,5687353997,5687353997,2530872529,0,0,0,0,0
2022-01-06,VRNA,Verena Multi Finance Tbk.,--U-2100000000G211------------,154.0,0.0,165.0,149.0,150.0,-4.0,3768100,596067200,882,151.3,154,50500,150,38600,5687353997,5687353997,2530872529,100,0,0,0,0
2022-01-05,VRNA,Verena Multi Finance Tbk.,--U-2100000000G211------------,160.0,0.0,162.0,152.0,154.0,-6.0,1120600,173699500,367,155.4,154,53400,153,40000,5687353997,5687353997,2530872529,0,0,0,0,0
2022-01-04,VRNA,Verena Multi Finance Tbk.,--U-2100000000G211------------,147.0,0.0,160.0,147.0,160.0,13.0,1806900,280993900,527,161.4,161,20200,156,18700,5687353997,5687353997,2530872529,0,0,0,0,0
2022-01-03,VRNA,Verena Multi Finance Tbk.,--U-2100000000G211------------,150.0,0.0,151.0,142.0,147.0,-3.0,715800,104775400,273,148.3,148,31600,147,29900,5687353997,5687353997,2530872529,0,0,0,0,0
2021-12-30,VRNA,Verena Multi Finance Tbk.,--U-2100000000G211------------,158.0,0.0,160.0,148.0,150.0,-8.0,3007800,454817900,546,151.3,150,89700,149,284600,5687353997,5687353997,4109113263,0,0,0,0,0
2021-12-29,VRNA,Verena Multi Finance Tbk.,--U-2100000000G211------------,161.0,0.0,163.0,157.0,158.0,-3.0,1276300,203638400,211,159.4,159,17900,158,32700,5687353997,5687353997,4109113263,0,0,0,0,0
2021-12-28,VRNA,Verena Multi Finance Tbk.,--U-2100000000G211------------,164.0,0.0,166.0,161.0,161.0,-3.0,587900,95760300,202,162.4,163,30700,161,111700,5687353997,5687353997,4109113263,0,0,0,0,0
2021-12-27,VRNA,Verena Multi Finance Tbk.,--U-2100000000G211------------,160.0,0.0,166.0,155.0,164.0,4.0,1687700,271938900,517,165.5,165,18000,164,6200,5687353997,5687353997,4109113263,57800,57900,0,0,0
2021-12-24,VRNA,Verena Multi Finance Tbk.,--U-2100000000G211------------,164.0,0.0,168.0,160.0,160.0,-4.0,2349000,381982000,537,161.4,161,39000,160,10200,5687353997,5687353997,4109113263,0,0,0,0,0
2021-12-23,VRNA,Verena Multi Finance Tbk.,--U-2100000000G211------------,173.0,0.0,174.0,164.0,164.0,-9.0,4450100,751392800,721,165.5,165,94900,164,36000,5687353997,5687353997,4109113263,0,0,0,0,0
2021-12-22,VRNA,Verena Multi Finance Tbk.,--U-2100000000G211------------,174.0,0.0,179.0,172.0,173.0,-1.0,5370900,941356500,879,174.5,174,32500,173,558100,5687353997,5687353997,4109113263,0,0,0,0,0
2021-12-21,VRNA,Verena Multi Finance Tbk.,--U-2100000000G211------------,176.0,0.0,181.0,174.0,174.0,-2.0,4046100,710777700,727,175.6,175,15100,174,104900,5687353997,5687353997,4109113263,200,0,0,0,0
2021-12-20,VRNA,Verena Multi Finance Tbk.,--U-2100000000G211------------,177.0,0.0,180.0,172.0,176.0,-1.0,8073000,1420964100,1008,177.6,177,11000,176,2000,5687353997,5687353997,4109113263,0,0,0,0,0
2021-12-17,VRNA,Verena Multi Finance Tbk.,--U-2100000000G211------------,172.0,0.0,184.0,172.0,177.0,5.0,12580700,2258372300,1838,178.6,177,256700,176,38700,5687353997,5687353997,4109113263,218700,218700,0,0,0
2021-12-16,VRNA,Verena Multi Finance Tbk.,--U-2100000000G211------------,179.0,0.0,182.0,172.0,172.0,-7.0,5472300,962593000,829,173.5,173,33600,172,108300,5687353997,5687353997,4109113263,0,8000,0,0,0
2021-12-15,VRNA,Verena Multi Finance Tbk.,--U-2100000000G211------------,182.0,0.0,186.0,179.0,179.0,-3.0,4860400,885075100,817,180.6,180,16000,179,212800,5687353997,5687353997,4109113263,39900,0,0,0,0
2021-12-14,VRNA,Verena Multi Finance Tbk.,--U-2100000000G211------------,181.0,0.0,188.0,176.0,182.0,1.0,18203000,3364988100,2411,183.6,183,69100,182,8700,5687353997,5687353997,4109113263,319300,359400,0,0,0
2021-12-13,VRNA,Verena Multi Finance Tbk.,--U-2100000000G211------------,181.0,0.0,189.0,175.0,181.0,0.0,17203500,3162677300,2317,182.6,181,117000,180,979500,5687353997,5687353997,4109113263,0,0,0,0,0
2021-12-10,VRNA,Verena Multi Finance Tbk.,--U-2100000000G211------------,183.0,0.0,186.0,172.0,181.0,-2.0,7588600,1365035800,1168,182.6,181,95500,179,103700,5687353997,5687353997,4109113263,0,0,0,0,0
2021-12-09,VRNA,Verena Multi Finance Tbk.,--U-2100000000G211------------,196.0,0.0,196.0,183.0,183.0,-13.0,7270400,1346618900,1143,184.6,183,924000,0,0,5687353997,5687353997,4109113263,0,0,0,0,0
2021-12-08,VRNA,Verena Multi Finance Tbk.,--U-2100000000G211------------,194.0,0.0,220.0,183.0,196.0,2.0,42539600,8448775200,7203,197.8,196,1820500,195,100,5687353997,5687353997,4109113263,0,0,0,0,0
2021-12-07,VRNA,Verena Multi Finance Tbk.,--U-2100000000G211------------,166.0,0.0,195.0,166.0,194.0,28.0,27960400,5164954400,4135,195.7,195,25200,194,37000,5687353997,5687353997,4109113263,8000,0,0,0,0
2021-12-06,VRNA,Verena Multi Finance Tbk.,--U-2100000000G211------------,167.0,0.0,173.0,165.0,166.0,-1.0,1701700,287316900,504,167.5,166,116500,165,63600,5687353997,5687353997,4109113263,0,0,0,0,0
2021-12-03,VRNA,Verena Multi Finance Tbk.,--U-2100000000G211------------,161.0,0.0,173.0,155.0,167.0,6.0,6683700,1115322500,1502,168.5,167,245900,165,11600,5687353997,5687353997,4109113263,0,0,0,0,0
2021-12-02,VRNA,Verena Multi Finance Tbk.,--U-2100000000G211------------,173.0,0.0,177.0,161.0,161.0,-12.0,3267000,546822700,811,162.4,172,600,161,569200,5687353997,5687353997,4109113263,0,8000,0,0,0
2021-12-01,VRNA,Verena Multi Finance Tbk.,--U-2100000000G211------------,185.0,0.0,187.0,173.0,173.0,-12.0,5621700,977824100,894,174.5,173,254700,0,0,5687353997,5687353997,4109113263,0,0,0,0,0
2021-11-30,VRNA,Verena Multi Finance Tbk.,--U-2100000000G211------------,198.0,0.0,208.0,185.0,185.0,-13.0,19698100,3852871100,3137,186.7,185,634600,0,0,5687353997,5687353997,4109113263,0,0,0,0,0
2021-11-29,VRNA,Verena Multi Finance Tbk.,--U-2100000000G211------------,212.0,0.0,214.0,198.0,198.0,-14.0,8519300,1697879400,1185,199.8,198,367500,0,0,5687353997,5687353997,4109113263,0,0,0,0,0
2021-11-26,VRNA,Verena Multi Finance Tbk.,--U-2100000000G211------------,224.0,0.0,226.0,212.0,212.0,-12.0,5794000,1265759000,1217,213.9,214,15500,212,472000,5687353997,5687353997,4109113263,0,0,0,0,0
2021-11-25,VRNA,Verena Multi Finance Tbk.,--U-2100000000G211------------,218.0,0.0,234.0,214.0,224.0,6.0,21223600,4815873200,3361,226.0,224,67100,222,638300,5687353997,5687353997,4109113263,0,0,0,0,0
2021-11-24,VRNA,Verena Multi Finance Tbk.,--U-2100000000G211------------,218.0,0.0,222.0,210.0,218.0,0.0,8920000,1930256000,1526,219.9,218,143200,216,491300,5687353997,5687353997,4109113263,0,0,0,0,0
2021-11-23,VRNA,Verena Multi Finance Tbk.,--U-2100000000G211------------,208.0,0.0,236.0,194.0,218.0,10.0,65827800,14435329600,9506,219.9,220,98900,218,436500,5687353997,5687353997,4109113263,18700,10000,0,0,0
2021-11-22,VRNA,Verena Multi Finance Tbk.,--U-2100000000G211------------,186.0,0.0,250.0,181.0,208.0,22.0,94476300,21358426900,13871,209.9,208,1840100,206,2023200,5687353997,5687353997,4109113263,72600,73300,0,0,0
2021-11-19,VRNA,Verena Multi Finance Tbk.,--U-2100000000G211------------,180.0,0.0,195.0,180.0,186.0,6.0,8319900,1546812900,2180,187.7,186,290400,185,7500,5687353997,5687353997,4109113263,0,8000,0,0,0
2021-11-18,VRNA,Verena Multi Finance Tbk.,--U-2100000000G211------------,177.0,0.0,180.0,173.0,180.0,3.0,2041000,361123800,516,181.6,180,64100,178,19700,5687353997,5687353997,4109113263,0,0,0,0,0
2021-11-17,VRNA,Verena Multi Finance Tbk.,--U-2100000000G211------------,178.0,0.0,183.0,177.0,177.0,-1.0,1272000,227193800,310,178.6,177,900,176,90300,5687353997,5687353997,4109113263,0,0,0,0,0
2021-11-16,VRNA,Verena Multi Finance Tbk.,--U-2100000000G211------------,182.0,0.0,184.0,177.0,178.0,-4.0,1319600,235775400,468,179.6,178,153600,177,11000,5687353997,5687353997,4109113263,0,0,0,0,0
2021-11-15,VRNA,Verena Multi Finance Tbk.,--U-2100000000G211------------,182.0,0.0,184.0,171.0,182.0,0.0,2215000,395898300,940,183.6,183,94800,182,7600,5687353997,5687353997,4109113263,0,0,0,0,0
2021-11-12,VRNA,Verena Multi Finance Tbk.,--U-2100000000G211------------,179.0,0.0,185.0,176.0,182.0,3.0,6993200,1270363700,1087,183.6,182,142200,181,800,5687353997,5687353997,4109113263,0,0,0,0,0
2021-11-11,VRNA,Verena Multi Finance Tbk.,--U-2100000000G211------------,185.0,0.0,188.0,177.0,179.0,-6.0,2141300,383605900,771,180.6,179,50000,178,13000,5687353997,5687353997,4109113263,0,0,0,0,0
2021-11-10,VRNA,Verena Multi Finance Tbk.,--U-2100000000G211------------,176.0,0.0,198.0,175.0,185.0,9.0,32668100,6116996800,5443,186.7,185,460100,184,4800,5687353997,5687353997,4109113263,0,0,0,0,0
2021-11-09,VRNA,Verena Multi Finance Tbk.,--U-2100000000G211------------,175.0,0.0,180.0,171.0,176.0,1.0,2409600,424639600,653,177.6,177,38500,176,16500,5687353997,5687353997,4109113263,0,0,0,0,0
2021-11-08,VRNA,Verena Multi Finance Tbk.,--U-2100000000G211------------,172.0,0.0,210.0,165.0,175.0,3.0,21241700,3968694000,6627,176.6,175,37400,174,70200,5687353997,5687353997,4109113263,0,0,0,0,0
2021-11-05,VRNA,Verena Multi Finance Tbk.,--U-2100000000G211------------,173.0,0.0,176.0,165.0,172.0,-1.0,1085800,186259500,359,173.5,172,10000,171,11500,5687353997,5687353997,4109113263,1200,0,0,0,0
2021-11-04,VRNA,Verena Multi Finance Tbk.,--U-2100000000G211------------,183.0,0.0,185.0,171.0,173.0,-10.0,3518800,611734700,1440,174.5,174,14200,173,23000,5687353997,5687353997,4109113263,0,0,0,0,0
2021-11-03,VRNA,Verena Multi Finance Tbk.,--U-2100000000G211------------,175.0,0.0,210.0,176.0,183.0,8.0,19404700,3696597600,4680,184.6,184,41400,183,6500,5687353997,5687353997,4109113263,0,1200,0,0,0
2021-11-02,VRNA,Verena Multi Finance Tbk.,--U-2100000000G211------------,188.0,0.0,186.0,175.0,175.0,-13.0,6046400,1059199900,575,176.6,175,273300,0,0,5687353997,5687353997,4109113263,0,0,0,0,0
2021-11-01,VRNA,Verena Multi Finance Tbk.,--U-2100000000G211------------,200.0,0.0,218.0,186.0,188.0,-12.0,1405300,262954300,286,189.7,188,21600,186,24900,5687353997,5687353997,4109113263,0,0,0,0,0
2021-10-29,VRNA,Verena Multi Finance Tbk.,--U-2100000000G211------------,167.0,0.0,224.0,159.0,200.0,33.0,6782800,1383647200,1860,201.8,200,62300,192,10000,5687353997,5687353997,4109113263,260000,60000,0,0,0
2021-10-28,VRNA,Verena Multi Finance Tbk.,--U-2100000000G211------------,163.0,0.0,167.0,157.0,167.0,4.0,1764200,285465300,332,168.5,167,120200,160,600,5687353997,5687353997,4109113263,0,0,0,0,0
2021-10-27,VRNA,Verena Multi Finance Tbk.,--U-2100000000G211------------,173.0,0.0,180.0,161.0,163.0,-10.0,4415800,725575600,546,164.5,163,33200,0,0,5687353997,5687353997,4109113263,0,0,0,0,0
2021-10-26,VRNA,Verena Multi Finance Tbk.,--U-2100000000G211------------,185.0,0.0,184.0,173.0,173.0,-12.0,2572700,445647100,356,174.5,173,678300,0,0,5687353997,5687353997,4109113263,0,0,0,0,0
2021-10-25,VRNA,Verena Multi Finance Tbk.,--U-2100000000G211------------,198.0,0.0,210.0,185.0,185.0,-13.0,1763200,342503200,344,186.7,185,1044500,0,0,5687353997,5687353997,4109113263,0,200000,0,0,0
2021-10-22,VRNA,Verena Multi Finance Tbk.,--U-2100000000G211------------,147.0,0.0,198.0,146.0,198.0,51.0,19299600,3621061600,4327,199.8,0,0,198,535700,5687353997,5687353997,4109113263,0,0,0,0,0
2021-10-21,VRNA,Verena Multi Finance Tbk.,--U-2100000000G211------------,147.0,0.0,149.0,143.0,147.0,0.0,230000,33546300,55,148.3,147,235900,144,20500,5687353997,5687353997,4109113263,0,0,0,0,0
2021-10-19,VRNA,Verena Multi Finance Tbk.,--U-2100000000G211------------,141.0,0.0,149.0,140.0,147.0,6.0,210800,30415000,94,148.3,147,23100,146,100,5687353997,5687353997,4109113263,0,0,0,0,0
2021-10-18,VRNA,Verena Multi Finance Tbk.,--U-2100000000G211------------,141.0,0.0,145.0,140.0,141.0,0.0,60500,8543600,37,142.3,143,7900,141,16300,5687353997,5687353997,4109113263,0,0,0,0,0
2021-10-15,VRNA,Verena Multi Finance Tbk.,--U-2100000000G211------------,142.0,0.0,143.0,140.0,141.0,-1.0,63300,8918900,26,142.3,141,20500,140,30300,5687353997,5687353997,4109113263,0,0,0,0,0
2021-10-14,VRNA,Verena Multi Finance Tbk.,--U-2100000000G211------------,142.0,0.0,142.0,139.0,142.0,0.0,94600,13250300,39,143.3,141,9900,139,42000,5687353997,5687353997,4109113263,0,0,0,0,0
2021-10-13,VRNA,Verena Multi Finance Tbk.,--U-2100000000G211------------,141.0,0.0,143.0,138.0,142.0,1.0,189900,26635800,68,143.3,141,20000,139,2000,5687353997,5687353997,4109113263,0,0,0,0,0
2021-10-12,VRNA,Verena Multi Finance Tbk.,--U-2100000000G211------------,143.0,0.0,144.0,141.0,141.0,-2.0,87300,12385300,34,142.3,143,10000,141,29000,5687353997,5687353997,4109113263,0,0,0,0,0
2021-10-11,VRNA,Verena Multi Finance Tbk.,--U-2100000000G211------------,144.0,0.0,146.0,143.0,143.0,-1.0,281900,40716000,61,144.3,144,2000,143,161600,5687353997,5687353997,4109113263,0,0,0,0,0
2021-10-08,VRNA,Verena Multi Finance Tbk.,--U-2100000000G211------------,145.0,0.0,144.0,142.0,144.0,-1.0,197700,28206700,71,145.3,144,37000,142,8600,5687353997,5687353997,4109113263,0,0,0,0,0
2021-10-07,VRNA,Verena Multi Finance Tbk.,--U-2100000000G211------------,147.0,0.0,147.0,142.0,145.0,-2.0,45100,6482900,26,146.3,145,20300,143,3000,5687353997,5687353997,4109113263,0,0,0,0,0
2021-10-06,VRNA,Verena Multi Finance Tbk.,--U-2100000000G211------------,145.0,0.0,149.0,141.0,147.0,2.0,398300,57263500,117,148.3,147,97300,146,1000,5687353997,5687353997,4109113263,0,0,0,0,0
2021-10-05,VRNA,Verena Multi Finance Tbk.,--U-2100000000G211------------,150.0,0.0,150.0,140.0,145.0,-5.0,938900,134180100,150,146.3,145,16100,143,7500,5687353997,5687353997,4109113263,0,0,0,0,0
2021-10-04,VRNA,Verena Multi Finance Tbk.,--U-2100000000G211------------,148.0,0.0,153.0,141.0,150.0,2.0,1144500,170601800,316,151.3,151,1100,150,9700,5687353997,5687353997,4109113263,0,0,0,0,0
2021-10-01,VRNA,Verena Multi Finance Tbk.,--U-2100000000G211------------,159.0,0.0,158.0,148.0,148.0,-11.0,2132200,317899400,274,149.3,149,100,148,79600,5687353997,5687353997,4109113263,0,0,0,0,0
2021-09-30,VRNA,Verena Multi Finance Tbk.,--U-2100000000G211------------,170.0,0.0,170.0,159.0,159.0,-11.0,2541600,404831400,390,160.4,159,36700,0,0,5687353997,5687353997,5687353997,0,0,0,0,0
2021-09-29,VRNA,Verena Multi Finance Tbk.,--U-2100000000G211------------,182.0,0.0,192.0,170.0,170.0,-12.0,971300,167922300,174,171.5,170,681000,0,0,5687353997,5687353997,5687353997,0,0,0,0,0
2021-09-28,VRNA,Verena Multi Finance Tbk.,--U-2100000000G211------------,139.0,0.0,187.0,130.0,182.0,43.0,14268400,2247035400,1737,183.6,182,111400,179,15100,5687353997,5687353997,5687353997,0,0,0,0,0
2021-09-27,VRNA,Verena Multi Finance Tbk.,--U-2100000000G211------------,123.0,0.0,155.0,122.0,139.0,16.0,10283600,1355167700,1112,140.2,139,220600,138,13800,5687353997,5687353997,5687353997,0,0,0,0,0
2021-09-24,VRNA,Verena Multi Finance Tbk.,--U-2100000000G211------------,127.0,0.0,127.0,123.0,123.0,-4.0,609900,75268500,92,124.1,124,1000,123,6200,5687353997,5687353997,5687353997,0,0,0,0,0
2021-09-23,VRNA,Verena Multi Finance Tbk.,--U-2100000000G211------------,127.0,0.0,127.0,124.0,127.0,0.0,1770300,223725000,82,128.1,127,37500,125,13000,5687353997,5687353997,5687353997,0,0,0,0,0
2021-09-22,VRNA,Verena Multi Finance Tbk.,--U-2100000000G211------------,127.0,0.0,131.0,122.0,127.0,0.0,1759900,223083100,183,128.1,127,18900,126,100600,5687353997,5687353997,5687353997,0,0,0,0,0
2021-09-21,VRNA,Verena Multi Finance Tbk.,--U-2100000000G211------------,128.0,0.0,128.0,125.0,127.0,-1.0,166000,20941100,49,128.1,127,211600,125,28000,5687353997,5687353997,5687353997,0,0,0,0,0
2021-09-20,VRNA,Verena Multi Finance Tbk.,--U-2100000000G211------------,129.0,0.0,130.0,125.0,128.0,-1.0,52400,6627300,31,129.1,126,1200,125,28300,5687353997,5687353997,5687353997,0,0,0,0,0
2021-09-17,VRNA,Verena Multi Finance Tbk.,--U-2100000000G211------------,128.0,0.0,130.0,126.0,129.0,1.0,212200,27074400,76,130.2,129,24300,128,2000,5687353997,5687353997,5687353997,0,0,0,0,0
2021-09-16,VRNA,Verena Multi Finance Tbk.,--U-2100000000G211------------,129.0,0.0,131.0,121.0,128.0,-1.0,231800,29446100,70,129.1,129,21200,128,10000,5687353997,5687353997,5687353997,0,0,0,0,0
2021-09-15,VRNA,Verena Multi Finance Tbk.,--U-2100000000G211------------,130.0,0.0,133.0,127.0,129.0,-1.0,333600,42965500,146,130.2,129,51900,128,15400,5687353997,5687353997,5687353997,0,0,0,0,0
2021-09-14,VRNA,Verena Multi Finance Tbk.,--U-2100000000G211------------,124.0,0.0,131.0,123.0,130.0,6.0,561200,71626200,167,131.2,130,36100,129,5000,5687353997,5687353997,5687353997,0,0,0,0,0
2021-09-13,VRNA,Verena Multi Finance Tbk.,--U-2100000000G211------------,124.0,0.0,128.0,123.0,124.0,0.0,284100,35103800,65,125.1,124,64500,122,65500,5687353997,5687353997,5687353997,0,0,0,0,0
2021-09-10,VRNA,Verena Multi Finance Tbk.,--U-2100000000G211------------,123.0,0.0,125.0,121.0,124.0,1.0,327300,40044800,210,125.1,124,7900,122,25600,5687353997,5687353997,5687353997,0,0,0,0,0
2021-09-09,VRNA,Verena Multi Finance Tbk.,--U-2100000000G211------------,127.0,0.0,128.0,122.0,123.0,-4.0,727500,90453000,190,124.1,124,53100,123,13000,5687353997,5687353997,5687353997,0,0,0,0,0
2021-09-08,VRNA,Verena Multi Finance Tbk.,--U-2100000000G211------------,127.0,0.0,131.0,125.0,127.0,0.0,588400,74226100,148,128.1,127,18300,126,4000,5687353997,5687353997,5687353997,0,0,0,0,0
2021-09-07,VRNA,Verena Multi Finance Tbk.,--U-2100000000G211------------,129.0,0.0,138.0,125.0,127.0,-2.0,7488700,996403500,3608,128.1,128,41000,127,147000,5687353997,5687353997,5687353997,0,0,0,0,0
2021-09-06,VRNA,Verena Multi Finance Tbk.,--U-2100000000G211------------,128.0,0.0,144.0,125.0,129.0,1.0,5792400,778434500,1346,130.2,130,8500,129,388800,5687353997,5687353997,5687353997,0,0,0,0,0
2021-09-03,VRNA,Verena Multi Finance Tbk.,--U-2100000000G211------------,127.0,0.0,134.0,127.0,128.0,1.0,1541100,200191300,165,129.1,129,10000,128,196900,5687353997,5687353997,5687353997,0,0,0,0,0
2021-09-02,VRNA,Verena Multi Finance Tbk.,--U-2100000000G211------------,127.0,0.0,131.0,125.0,127.0,0.0,445800,56850100,129,128.1,128,14600,127,401300,5687353997,5687353997,5687353997,0,0,0,0,0
2021-09-01,VRNA,Verena Multi Finance Tbk.,--U-2100000000G211------------,123.0,0.0,130.0,123.0,127.0,4.0,881900,112058700,344,128.1,128,6500,127,502100,5687353997,5687353997,5687353997,0,0,0,0,0
2021-08-31,VRNA,Verena Multi Finance Tbk.,--U-2100000000G211------------,121.0,0.0,123.0,121.0,123.0,2.0,191000,23346600,74,124.1,123,8500,121,67800,5687353997,5687353997,5687353997,0,0,0,0,0
2021-08-30,VRNA,Verena Multi Finance Tbk.,--U-2100000000G211------------,120.0,0.0,124.0,118.0,121.0,1.0,299100,36119300,113,122.1,123,31800,121,20400,5687353997,5687353997,5687353997,0,0,0,0,0
2021-08-27,VRNA,Verena Multi Finance Tbk.,--U-2100000000G211------------,119.0,0.0,135.0,115.0,120.0,1.0,1536800,193482300,622,121.1,120,20200,119,26500,5687353997,5687353997,5687353997,0,0,0,0,0
2021-08-26,VRNA,Verena Multi Finance Tbk.,--U-2100000000G211------------,120.0,0.0,125.0,117.0,119.0,-1.0,129600,15407200,70,120.1,120,7400,119,9100,5687353997,5687353997,5687353997,0,0,0,0,0
2021-08-25,VRNA,Verena Multi Finance Tbk.,--U-2100000000G211------------,115.0,0.0,124.0,115.0,120.0,5.0,664900,79236200,615,121.1,121,21900,119,3900,5687353997,5687353997,5687353997,0,0,0,0,0
2021-08-24,VRNA,Verena Multi Finance Tbk.,--U-2100000000G211------------,118.0,0.0,118.0,115.0,115.0,-3.0,470200,54164500,70,116.0,118,26700,115,4300,5687353997,5687353997,5687353997,0,0,0,0,0
2021-08-23,VRNA,Verena Multi Finance Tbk.,--U-2100000000G211------------,120.0,0.0,123.0,112.0,118.0,-2.0,232400,27664800,78,119.1,119,4000,117,10100,5687353997,5687353997,5687353997,0,0,0,0,0
2021-08-20,VRNA,Verena Multi Finance Tbk.,--U-2100000000G211------------,117.0,0.0,120.0,116.0,120.0,3.0,71600,8473300,39,121.1,120,58600,119,100,5687353997,5687353997,5687353997,0,0,0,0,0
2021-08-19,VRNA,Verena Multi Finance Tbk.,--U-2100000000G211------------,119.0,0.0,122.0,112.0,117.0,-2.0,207400,24278700,72,118.0,117,72900,116,5000,5687353997,5687353997,5687353997,0,0,0,0,0
2021-08-18,VRNA,Verena Multi Finance Tbk.,--U-2100000000G211------------,121.0,0.0,121.0,114.0,119.0,-2.0,676700,80088100,110,120.1,120,67300,119,6100,5687353997,5687353997,5687353997,0,0,0,0,0
2021-08-16,VRNA,Verena Multi Finance Tbk.,--U-2100000000G211------------,124.0,0.0,123.0,121.0,121.0,-3.0,85900,10449300,49,122.1,122,4900,121,10000,5687353997,5687353997,5687353997,0,0,0,0,0
2021-08-13,VRNA,Verena Multi Finance Tbk.,--U-2100000000G211------------,123.0,0.0,125.0,121.0,124.0,1.0,30800,3777900,35,125.1,123,11700,122,9300,5687353997,5687353997,5687353997,0,0,0,0,0
2021-08-12,VRNA,Verena Multi Finance Tbk.,--U-2100000000G211------------,126.0,0.0,125.0,120.0,123.0,-3.0,365200,44380600,90,124.1,123,71400,122,8700,5687353997,5687353997,5687353997,0,0,0,0,0
2021-08-10,VRNA,Verena Multi Finance Tbk.,--U-2100000000G211------------,124.0,0.0,127.0,123.0,126.0,2.0,129900,16166800,64,127.1,126,76000,124,70200,5687353997,5687353997,5687353997,0,0,0,0,0
2021-08-09,VRNA,Verena Multi Finance Tbk.,--U-2100000000G211------------,127.0,0.0,127.0,122.0,124.0,-3.0,647400,79787700,89,125.1,124,17100,123,1800,5687353997,5687353997,5687353997,0,0,0,0,0
2021-08-06,VRNA,Verena Multi Finance Tbk.,--U-2100000000G211------------,127.0,0.0,128.0,123.0,127.0,0.0,324700,40885500,110,128.1,128,64500,127,800,5687353997,5687353997,5687353997,0,0,0,0,0
2021-08-05,VRNA,Verena Multi Finance Tbk.,--U-2100000000G211------------,124.0,0.0,128.0,122.0,127.0,3.0,451900,56786500,129,128.1,128,94500,127,19100,5687353997,5687353997,5687353997,300,0,0,0,0
2021-08-04,VRNA,Verena Multi Finance Tbk.,--U-2100000000G211------------,126.0,0.0,126.0,122.0,124.0,-2.0,344400,42570900,107,125.1,124,12900,122,32300,5687353997,5687353997,5687353997,32700,0,0,0,0
2021-08-03,VRNA,Verena Multi Finance Tbk.,--U-2100000000G211------------,127.0,0.0,128.0,124.0,126.0,-1.0,153700,19299900,75,127.1,126,59600,124,19300,5687353997,5687353997,5687353997,49500,0,0,0,0
2021-08-02,VRNA,Verena Multi Finance Tbk.,--U-2100000000G211------------,126.0,0.0,129.0,123.0,127.0,1.0,148800,18832400,50,128.1,127,52700,126,2400,5687353997,5687353997,5687353997,0,0,0,0,0
2021-07-30,VRNA,Verena Multi Finance Tbk.,--U-2100000000G211------------,125.0,0.0,128.0,122.0,126.0,1.0,149600,18780000,68,127.1,126,24800,125,43500,5687353997,5687353997,5687353997,0,0,0,0,0
2021-07-29,VRNA,Verena Multi Finance Tbk.,--U-2100000000G211------------,130.0,0.0,132.0,125.0,125.0,-5.0,558300,70548000,149,126.1,127,15300,125,84700,5687353997,5687353997,5687353997,0,100,0,0,0
2021-07-28,VRNA,Verena Multi Finance Tbk.,--U-2100000000G211------------,125.0,0.0,136.0,122.0,130.0,5.0,1815100,238187100,794,131.2,130,76300,126,9000,5687353997,5687353997,5687353997,0,0,0,0,0
2021-07-27,VRNA,Verena Multi Finance Tbk.,--U-2100000000G211------------,130.0,0.0,130.0,124.0,125.0,-5.0,713100,89924600,185,126.1,127,92400,125,127000,5687353997,5687353997,5687353997,52000,0,0,0,0
2021-07-26,VRNA,Verena Multi Finance Tbk.,--U-2100000000G211------------,133.0,0.0,134.0,126.0,130.0,-3.0,977800,127278000,202,131.2,130,900,129,2000,5687353997,5687353997,5687353997,120000,0,0,0,0
2021-07-23,VRNA,Verena Multi Finance Tbk.,--U-2100000000G211------------,132.0,0.0,134.0,131.0,133.0,1.0,485100,64371500,111,134.2,134,2000,133,75800,5687353997,5687353997,5687353997,0,0,0,0,0
2021-07-22,VRNA,Verena Multi Finance Tbk.,--U-2100000000G211------------,133.0,0.0,138.0,132.0,132.0,-1.0,1263100,168702200,254,133.2,133,69300,132,23300,5687353997,5687353997,5687353997,7700,0,0,0,0
2021-07-21,VRNA,Verena Multi Finance Tbk.,--U-2100000000G211------------,132.0,0.0,138.0,132.0,133.0,1.0,301900,40128900,69,134.2,134,30500,133,14600,5687353997,5687353997,5687353997,0,2500,0,0,0
2021-07-19,VRNA,Verena Multi Finance Tbk.,--U-2100000000G211------------,135.0,0.0,138.0,132.0,132.0,-3.0,739500,99602100,129,133.2,133,142200,132,101700,5687353997,5687353997,5687353997,0,100,0,0,0
2021-07-16,VRNA,Verena Multi Finance Tbk.,--U-2100000000G211------------,135.0,0.0,138.0,132.0,135.0,0.0,393700,52878500,140,136.2,136,25400,135,6700,5687353997,5687353997,5687353997,0,1600,0,0,0
2021-07-15,VRNA,Verena Multi Finance Tbk.,--U-2100000000G211------------,138.0,0.0,140.0,133.0,135.0,-3.0,921900,124100400,234,136.2,136,12500,135,5900,5687353997,5687353997,5687353997,0,0,0,0,0
2021-07-14,VRNA,Verena Multi Finance Tbk.,--U-2100000000G211------------,140.0,0.0,143.0,136.0,138.0,-2.0,1782200,248951200,278,139.2,140,97000,137,20000,5687353997,5687353997,5687353997,0,1000,0,0,0
2021-07-13,VRNA,Verena Multi Finance Tbk.,--U-2100000000G211------------,140.0,0.0,144.0,135.0,140.0,0.0,2542700,355123900,540,141.3,140,49900,139,71000,5687353997,5687353997,5687353997,0,1200,0,0,0
2021-07-12,VRNA,Verena Multi Finance Tbk.,--U-2100000000G211------------,139.0,0.0,145.0,130.0,140.0,1.0,4558400,631519100,943,141.3,140,1400,139,279700,5687353997,5687353997,5687353997,0,24900,0,0,0
2021-07-09,VRNA,Verena Multi Finance Tbk.,--U-2100000000G211------------,125.0,0.0,160.0,124.0,139.0,14.0,22448300,3276253800,4776,140.2,140,177800,139,9300,5687353997,5687353997,5687353997,0,8600,0,0,0
2021-07-08,VRNA,Verena Multi Finance Tbk.,--U-2100000000G211------------,124.0,0.0,126.0,120.0,125.0,1.0,475600,58829300,148,126.1,125,36400,124,2200,5687353997,5687353997,5687353997,0,15500,0,0,0
2021-07-07,VRNA,Verena Multi Finance Tbk.,--U-2100000000G211------------,126.0,0.0,126.0,118.0,124.0,-2.0,293800,35284100,118,125.1,124,55100,121,10000,5687353997,5687353997,5687353997,0,24000,0,0,0
2021-07-06,VRNA,Verena Multi Finance Tbk.,--U-2100000000G211------------,122.0,0.0,130.0,122.0,126.0,4.0,132300,16525200,113,127.1,126,95400,123,10000,5687353997,5687353997,5687353997,0,18000,0,0,0
2021-07-05,VRNA,Verena Multi Finance Tbk.,--U-2100000000G211------------,131.0,0.0,131.0,122.0,122.0,-9.0,571700,70564700,145,123.1,124,100,122,258000,5687353997,5687353997,5687353997,0,13300,0,0,0
2021-07-02,VRNA,Verena Multi Finance Tbk.,--U-2100000000G211------------,135.0,0.0,135.0,128.0,131.0,-4.0,290900,38365100,103,132.2,130,1000,128,98500,5687353997,5687353997,5687353997,0,1300,0,0,0
2021-07-01,VRNA,Verena Multi Finance Tbk.,--U-2100000000G211------------,133.0,0.0,139.0,131.0,135.0,2.0,308200,41891800,124,136.2,135,14700,133,35000,5687353997,5687353997,5687353997,0,0,0,0,0
2021-06-30,VRNA,Verena Multi Finance Tbk.,--U-2100000000G211------------,132.0,0.0,138.0,124.0,133.0,1.0,195800,25826500,53,134.2,133,10800,131,2200,5687353997,5687353997,5687353997,0,0,0,0,0
2021-06-29,VRNA,Verena Multi Finance Tbk.,--U-2100000000G211------------,138.0,0.0,138.0,129.0,132.0,-6.0,186800,24877100,97,133.2,133,90100,132,20300,5687353997,5687353997,5687353997,0,0,0,0,0
2021-06-28,VRNA,Verena Multi Finance Tbk.,--U-2100000000G211------------,141.0,0.0,143.0,132.0,138.0,-3.0,308900,42066600,151,139.2,138,55700,135,700,5687353997,5687353997,5687353997,0,0,0,0,0
2021-06-25,VRNA,Verena Multi Finance Tbk.,--U-2100000000G211------------,140.0,0.0,144.0,131.0,141.0,1.0,814800,115247100,338,142.3,141,46400,140,20000,5687353997,5687353997,5687353997,0,0,0,0,0
2021-06-24,VRNA,Verena Multi Finance Tbk.,--U-2100000000G211------------,135.0,0.0,142.0,127.0,140.0,5.0,904000,125769800,260,141.3,140,26000,139,600,5687353997,5687353997,5687353997,0,0,0,0,0
2021-06-23,VRNA,Verena Multi Finance Tbk.,--U-2100000000G211------------,134.0,0.0,146.0,130.0,135.0,1.0,1435000,198868100,503,136.2,137,11100,135,6100,5687353997,5687353997,5687353997,0,0,0,0,0
2021-06-22,VRNA,Verena Multi Finance Tbk.,--U-2100000000G211------------,143.0,0.0,142.0,133.0,134.0,-9.0,1283000,172566400,285,135.2,134,39700,133,159500,5687353997,5687353997,5687353997,0,0,0,0,0
2021-06-21,VRNA,Verena Multi Finance Tbk.,--U-2100000000G211------------,153.0,0.0,153.0,143.0,143.0,-10.0,2273000,328073000,365,144.3,143,56400,0,0,5687353997,5687353997,5687353997,0,0,0,0,0
2021-06-18,VRNA,Verena Multi Finance Tbk.,--U-2100000000G211------------,157.0,0.0,191.0,147.0,153.0,-4.0,4612100,759140600,825,154.4,153,50300,152,7600,5687353997,5687353997,5687353997,0,0,0,0,0
2021-06-17,VRNA,Verena Multi Finance Tbk.,--U-2100000000G211------------,160.0,0.0,163.0,152.0,157.0,-3.0,588600,92098600,240,158.4,157,3500,156,429300,5687353997,5687353997,5687353997,0,0,0,0,0
2021-06-16,VRNA,Verena Multi Finance Tbk.,--U-2100000000G211------------,172.0,0.0,172.0,160.0,160.0,-12.0,2159600,351686100,587,161.4,160,47700,0,0,5687353997,5687353997,5687353997,0,0,0,0,0
2021-06-15,VRNA,Verena Multi Finance Tbk.,--U-2100000000G211------------,176.0,0.0,190.0,172.0,172.0,-4.0,3190000,570076600,719,173.5,172,171200,171,25000,5687353997,5687353997,5687353997,0,0,0,0,0
2021-06-14,VRNA,Verena Multi Finance Tbk.,--U-2100000000G211------------,181.0,0.0,184.0,175.0,176.0,-5.0,1617400,286355800,385,177.6,177,60000,176,12700,5687353997,5687353997,5687353997,0,0,0,0,0
2021-06-11,VRNA,Verena Multi Finance Tbk.,--U-2100000000G211------------,186.0,0.0,187.0,179.0,181.0,-5.0,1297500,235810100,424,182.6,181,39600,180,8500,5687353997,5687353997,5687353997,0,0,0,0,0
2021-06-10,VRNA,Verena Multi Finance Tbk.,--U-2100000000G211------------,186.0,0.0,198.0,173.0,186.0,0.0,4417400,811889000,1366,187.7,186,151700,185,500,5687353997,5687353997,5687353997,0,100,0,0,0
2021-06-09,VRNA,Verena Multi Finance Tbk.,--U-2100000000G211------------,200.0,0.0,187.0,186.0,186.0,-14.0,1126500,209600200,211,187.7,186,1022100,0,0,5687353997,5687353997,5687353997,0,80000,0,0,0
2021-06-08,VRNA,Verena Multi Finance Tbk.,--U-2100000000G211------------,214.0,0.0,212.0,200.0,200.0,-14.0,474000,94806000,83,201.8,200,2078700,0,0,5687353997,5687353997,5687353997,0,0,0,0,0
2021-06-07,VRNA,Verena Multi Finance Tbk.,--U-2100000000G211------------,230.0,0.0,244.0,214.0,214.0,-16.0,7708600,1754836800,2509,215.9,214,1414900,0,0,5687353997,5687353997,5687353997,0,70000,0,0,0
2021-06-04,VRNA,Verena Multi Finance Tbk.,--U-2100000000G211------------,171.0,0.0,230.0,169.0,230.0,59.0,7839700,1681845200,1885,232.1,0,0,230,2591400,5687353997,5687353997,5687353997,0,0,0,0,0
2021-06-03,VRNA,Verena Multi Finance Tbk.,--U-2100000000G211------------,170.0,0.0,173.0,170.0,171.0,1.0,425700,72754600,300,172.5,172,50500,171,6500,5687353997,5687353997,5687353997,0,0,0,0,0
2021-06-02,VRNA,Verena Multi Finance Tbk.,--U-2100000000G211------------,167.0,0.0,174.0,164.0,170.0,3.0,618200,104248800,132,171.5,171,52300,170,1300,5687353997,5687353997,5687353997,0,0,0,0,0
2021-05-31,VRNA,Verena Multi Finance Tbk.,--U-2100000000G211------------,174.0,0.0,174.0,166.0,167.0,-7.0,908900,152411300,228,168.5,168,50000,167,12000,5687353997,5687353997,5687353997,0,0,0,0,0
2021-05-28,VRNA,Verena Multi Finance Tbk.,--U-2100000000G211------------,171.0,0.0,175.0,169.0,174.0,3.0,932800,160538600,336,175.6,174,112000,173,35000,5687353997,5687353997,5687353997,35000,0,0,0,0
2021-05-27,VRNA,Verena Multi Finance Tbk.,--U-2100000000G211------------,173.0,0.0,176.0,170.0,171.0,-2.0,1314200,226789400,235,172.5,172,1000,171,44100,5687353997,5687353997,5687353997,0,0,0,0,0
2021-05-25,VRNA,Verena Multi Finance Tbk.,--U-2100000000G211------------,167.0,0.0,177.0,165.0,173.0,6.0,1953900,333908300,430,174.5,174,20200,173,37900,5687353997,5687353997,5687353997,3000,0,0,0,0
2021-05-24,VRNA,Verena Multi Finance Tbk.,--U-2100000000G211------------,160.0,0.0,178.0,156.0,167.0,7.0,2225600,376297000,717,168.5,168,2500,167,5900,5687353997,5687353997,5687353997,4100,7100,0,0,0
2021-05-22,VRNA,Verena Multi Finance Tbk.,--U-2100000000G211------------,160.0,0.0,0.0,0.0,160.0,0.0,0,0,0,161.4,0,0,0,0,5687353997,5687353997,5687353997,0,0,0,0,0
2021-05-21,VRNA,Verena Multi Finance Tbk.,--U-2100000000G211------------,164.0,0.0,173.0,154.0,160.0,-4.0,1897500,307280400,513,161.4,164,29700,159,9800,5687353997,5687353997,5687353997,0,0,0,0,0
2021-05-20,VRNA,Verena Multi Finance Tbk.,--U-2100000000G211------------,152.0,0.0,180.0,150.0,164.0,12.0,7369300,1264595300,1954,165.5,164,2800,163,500,5687353997,5687353997,5687353997,20000,20000,0,0,0
2021-05-19,VRNA,Verena Multi Finance Tbk.,--U-2100000000G211------------,161.0,0.0,166.0,150.0,152.0,-9.0,1582500,239882100,351,153.4,153,113500,151,5700,5687353997,5687353997,5687353997,0,0,0,0,0
2021-05-18,VRNA,Verena Multi Finance Tbk.,--U-2100000000G211------------,173.0,0.0,184.0,161.0,161.0,-12.0,1432200,234779900,358,162.4,161,360800,0,0,5687353997,5687353997,5687353997,0,35000,0,0,0
2021-05-17,VRNA,Verena Multi Finance Tbk.,--U-2100000000G211------------,168.0,0.0,210.0,168.0,173.0,5.0,16179200,3090677600,3570,174.5,174,17700,173,124200,5687353997,5687353997,5687353997,4400,4400,0,0,0
2021-05-11,VRNA,Verena Multi Finance Tbk.,--U-2100000000G211------------,144.0,0.0,190.0,139.0,168.0,24.0,18848800,3320247500,4291,169.5,169,9700,168,140800,5687353997,5687353997,5687353997,0,0,0,0,0
2021-05-10,VRNA,Verena Multi Finance Tbk.,--U-2100000000G211------------,150.0,0.0,152.0,140.0,144.0,-6.0,1116500,159747700,309,145.3,144,179100,142,3000,5687353997,5687353997,5687353997,0,0,0,0,0
2021-05-07,VRNA,Verena Multi Finance Tbk.,--U-2100000000G211------------,152.0,0.0,154.0,142.0,150.0,-2.0,1639300,240467400,450,151.3,153,9300,150,171400,5687353997,5687353997,5687353997,0,0,0,0,0
2021-05-06,VRNA,Verena Multi Finance Tbk.,--U-2100000000G211------------,163.0,0.0,162.0,152.0,152.0,-11.0,919800,140065000,217,153.4,152,304600,0,0,5687353997,5687353997,5687353997,0,0,80,7600,1
2021-05-05,VRNA,Verena Multi Finance Tbk.,--U-2100000000G211------------,175.0,0.0,220.0,163.0,163.0,-12.0,25418700,4890247900,5136,164.5,163,384300,0,0,5687353997,5687353997,5687353997,0,0,0,0,0
2021-05-04,VRNA,Verena Multi Finance Tbk.,--U-2100000000G211------------,130.0,0.0,175.0,133.0,175.0,45.0,7170200,1122672700,1264,176.6,0,0,175,4811900,5687353997,5687353997,5687353997,0,0,0,0,0
2021-05-03,VRNA,Verena Multi Finance Tbk.,--U-2100000000G211------------,135.0,0.0,149.0,130.0,130.0,-5.0,1918000,258013200,229,131.2,148,19700,130,3100,5687353997,5687353997,5687353997,52500,0,0,0,0
2021-04-30,VRNA,Verena Multi Finance Tbk.,--U-2100000000G211------------,126.0,0.0,137.0,124.0,135.0,9.0,1698100,221805200,238,136.2,136,31500,135,4500,5687353997,5687353997,5687353997,0,0,0,0,0
2021-04-29,VRNA,Verena Multi Finance Tbk.,--U-2100000000G211------------,123.0,0.0,131.0,122.0,126.0,3.0,475700,59136400,107,127.1,127,25800,126,154600,5687353997,5687353997,5687353997,0,0,0,0,0
2021-04-28,VRNA,Verena Multi Finance Tbk.,--U-2100000000G211------------,125.0,0.0,134.0,122.0,123.0,-2.0,741400,94675400,170,124.1,129,39500,128,2500,5687353997,5687353997,5687353997,0,0,0,0,0
2021-04-27,VRNA,Verena Multi Finance Tbk.,--U-2100000000G211------------,131.0,0.0,131.0,124.0,125.0,-6.0,432300,54644000,113,126.1,127,6000,125,59000,5687353997,5687353997,5687353997,0,0,0,0,0
2021-04-26,VRNA,Verena Multi Finance Tbk.,--U-2100000000G211------------,128.0,0.0,134.0,120.0,131.0,3.0,1515100,190078200,275,132.2,131,152000,130,73600,5687353997,5687353997,5687353997,0,0,0,0,0
2021-04-23,VRNA,Verena Multi Finance Tbk.,--U-2100000000G211------------,129.0,0.0,135.0,125.0,128.0,-1.0,715400,92084700,180,129.1,129,23700,127,1900,5687353997,5687353997,5687353997,0,0,0,0,0
2021-04-22,VRNA,Verena Multi Finance Tbk.,--U-2100000000G211------------,135.0,0.0,140.0,126.0,129.0,-6.0,1565100,202921300,453,130.2,131,133000,129,26000,5687353997,5687353997,5687353997,0,52500,0,0,0
2021-04-21,VRNA,Verena Multi Finance Tbk.,--U-2100000000G211------------,145.0,0.0,135.0,135.0,135.0,-10.0,221600,29916000,67,136.2,135,648100,0,0,5687353997,5687353997,5687353997,0,0,0,0,0
2021-04-20,VRNA,Verena Multi Finance Tbk.,--U-2100000000G211------------,155.0,0.0,152.0,145.0,145.0,-10.0,146700,21272700,60,146.3,145,965700,0,0,5687353997,5687353997,5687353997,0,0,0,0,0
2021-04-19,VRNA,Verena Multi Finance Tbk.,--U-2100000000G211------------,166.0,0.0,214.0,155.0,155.0,-11.0,10262000,1793416000,3150,156.4,155,1048900,0,0,5687353997,5687353997,5687353997,0,0,0,0,0
2021-04-16,VRNA,Verena Multi Finance Tbk.,--U-2100000000G211------------,123.0,0.0,166.0,115.0,166.0,43.0,5506400,812136900,915,167.5,0,0,166,7201200,5687353997,5687353997,5687353997,0,0,0,0,0
2021-04-15,VRNA,Verena Multi Finance Tbk.,--U-2100000000G211------------,105.0,0.0,139.0,106.0,123.0,18.0,6491500,827474900,1776,124.1,123,16700,122,124300,5687353997,5687353997,5687353997,0,0,0,0,0
2021-04-14,VRNA,Verena Multi Finance Tbk.,--U-2100000000G211------------,110.0,0.0,113.0,105.0,105.0,-5.0,125400,13605900,49,105.9,105,9300,104,68400,5687353997,5687353997,5687353997,0,0,0,0,0
2021-04-13,VRNA,Verena Multi Finance Tbk.,--U-2100000000G211------------,112.0,0.0,124.0,106.0,110.0,-2.0,228000,25925500,52,111.0,111,18800,110,83500,5687353997,5687353997,5687353997,24000,0,0,0,0
2021-04-12,VRNA,Verena Multi Finance Tbk.,--U-2100000000G211------------,118.0,0.0,121.0,112.0,112.0,-6.0,58900,6796000,40,113.0,118,154400,112,46600,5687353997,5687353997,5687353997,0,0,0,0,0
2021-04-09,VRNA,Verena Multi Finance Tbk.,--U-2100000000G211------------,116.0,0.0,122.0,110.0,118.0,2.0,330300,39049500,93,119.1,118,55900,117,1500,5687353997,5687353997,5687353997,0,0,0,0,0
2021-04-08,VRNA,Verena Multi Finance Tbk.,--U-2100000000G211------------,117.0,0.0,125.0,112.0,116.0,-1.0,224400,26720500,75,117.0,116,1600,115,45100,5687353997,5687353997,5687353997,0,0,0,0,0
2021-04-07,VRNA,Verena Multi Finance Tbk.,--U-2100000000G211------------,117.0,0.0,117.0,112.0,117.0,0.0,161400,18527500,69,118.0,117,10300,116,10000,5687353997,5687353997,5687353997,0,0,0,0,0
2021-04-06,VRNA,Verena Multi Finance Tbk.,--U-2100000000G211------------,119.0,0.0,125.0,117.0,117.0,-2.0,104300,12427900,95,118.0,118,9400,117,1034700,5687353997,5687353997,5687353997,0,0,0,0,0
2021-04-05,VRNA,Verena Multi Finance Tbk.,--U-2100000000G211------------,124.0,0.0,129.0,116.0,119.0,-5.0,2530300,305379100,271,120.1,120,18400,119,1028600,5687353997,5687353997,5687353997,0,0,0,0,0
2021-04-01,VRNA,Verena Multi Finance Tbk.,--U-2100000000G211------------,126.0,0.0,129.0,119.0,124.0,-2.0,142000,17146200,67,125.1,124,229800,121,10000,5687353997,5687353997,5687353997,0,0,0,0,0
2021-03-31,VRNA,Verena Multi Finance Tbk.,--U-2100000000G211------------,122.0,0.0,130.0,120.0,126.0,4.0,987700,122147200,163,127.1,126,112700,124,17000,5687353997,5687353997,5687353997,0,0,0,0,0
2021-03-30,VRNA,Verena Multi Finance Tbk.,--U-2100000000G211------------,121.0,0.0,137.0,117.0,122.0,1.0,2737200,343357600,404,123.1,123,111600,122,345700,5687353997,5687353997,5687353997,0,0,0,0,0
2021-03-29,VRNA,Verena Multi Finance Tbk.,--U-2100000000G211------------,128.0,0.0,128.0,120.0,121.0,-7.0,658000,80020800,165,122.1,121,340100,120,216100,5687353997,5687353997,5687353997,0,0,0,0,0
2021-03-26,VRNA,Verena Multi Finance Tbk.,--U-2100000000G211------------,132.0,0.0,164.0,123.0,128.0,-4.0,6391300,901471200,1384,129.1,129,54600,128,49600,5687353997,5687353997,5687353997,0,0,0,0,0
2021-03-25,VRNA,Verena Multi Finance Tbk.,--U-2100000000G211------------,108.0,0.0,141.0,109.0,132.0,24.0,9228200,1209253600,2021,133.2,133,31200,132,4900,5687353997,5687353997,5687353997,0,0,0,0,0
2021-03-24,VRNA,Verena Multi Finance Tbk.,--U-2100000000G211------------,104.0,0.0,140.0,100.0,108.0,4.0,3986800,500643300,667,109.0,109,100,108,322900,5687353997,5687353997,5687353997,0,24000,0,0,0
2021-03-23,VRNA,Verena Multi Finance Tbk.,--U-2100000000G211------------,111.0,0.0,113.0,104.0,104.0,-7.0,315500,33193300,68,104.9,108,1000,104,32400,5687353997,5687353997,5687353997,0,0,0,0,0
2021-03-22,VRNA,Verena Multi Finance Tbk.,--U-2100000000G211------------,119.0,0.0,121.0,111.0,111.0,-8.0,441800,50114400,105,112.0,114,198000,111,5000,5687353997,5687353997,5687353997,0,0,0,0,0
2021-03-19,VRNA,Verena Multi Finance Tbk.,--U-2100000000G211------------,127.0,0.0,127.0,119.0,119.0,-8.0,173900,20702100,42,120.1,119,2124300,0,0,5687353997,5687353997,5687353997,0,0,0,0,0
2021-03-18,VRNA,Verena Multi Finance Tbk.,--U-2100000000G211------------,136.0,0.0,145.0,127.0,127.0,-9.0,165000,21324600,84,128.1,127,100100,0,0,5687353997,5687353997,5687353997,0,0,0,0,0
2021-03-17,VRNA,Verena Multi Finance Tbk.,--U-2100000000G211------------,138.0,0.0,175.0,129.0,136.0,-2.0,1732300,232323600,426,137.2,138,56000,136,272500,5687353997,5687353997,5687353997,0,0,0,0,0
2021-03-16,VRNA,Verena Multi Finance Tbk.,--U-2100000000G211------------,148.0,0.0,138.0,138.0,138.0,-10.0,9000,1242000,17,139.2,138,2809300,0,0,5687353997,5687353997,5687353997,0,0,0,0,0
2021-03-15,VRNA,Verena Multi Finance Tbk.,--U-2100000000G211------------,159.0,0.0,159.0,148.0,148.0,-11.0,207200,31577800,53,149.3,148,834200,0,0,5687353997,5687353997,5687353997,0,0,0,0,0
2021-03-12,VRNA,Verena Multi Finance Tbk.,--U-2100000000G211------------,170.0,0.0,160.0,159.0,159.0,-11.0,270100,42946400,49,160.4,159,1061200,0,0,5687353997,5687353997,5687353997,0,0,0,0,0
2021-03-10,VRNA,Verena Multi Finance Tbk.,--U-2100000000G211------------,182.0,0.0,244.0,170.0,170.0,-12.0,14014200,2932102200,2183,171.5,170,2661400,0,0,5687353997,5687353997,5687353997,0,0,0,0,0
2021-03-09,VRNA,Verena Multi Finance Tbk.,--U-2100000000G211------------,135.0,0.0,182.0,140.0,182.0,47.0,2241200,401916600,390,183.6,0,0,182,658300,5687353997,5687353997,5687353997,1000,0,0,0,0
2021-03-08,VRNA,Verena Multi Finance Tbk.,--U-2100000000G211------------,100.0,0.0,135.0,104.0,135.0,35.0,1244500,165224100,254,136.2,0,0,135,1125000,5687353997,5687353997,5687353997,0,1000,0,0,0
2021-03-05,VRNA,Verena Multi Finance Tbk.,--U-2100000000G211------------,105.0,0.0,106.0,100.0,100.0,-5.0,6600,664500,15,100.9,104,1000,100,800,5687353997,5687353997,5687353997,0,0,0,0,0
2021-03-04,VRNA,Verena Multi Finance Tbk.,--U-2100000000G211------------,103.0,0.0,106.0,101.0,105.0,2.0,9500,985100,24,105.9,105,179900,102,500,5687353997,5687353997,5687353997,0,0,0,0,0
2021-03-03,VRNA,Verena Multi Finance Tbk.,--U-2100000000G211------------,107.0,0.0,107.0,100.0,103.0,-4.0,26700,2688100,15,103.9,103,3200,100,24400,5687353997,5687353997,5687353997,0,0,0,0,0
2021-03-02,VRNA,Verena Multi Finance Tbk.,--U-2100000000G211------------,108.0,0.0,111.0,101.0,107.0,-1.0,32900,3328500,30,108.0,106,5000,101,1300,5687353997,5687353997,5687353997,0,0,0,0,0
2021-03-01,VRNA,Verena Multi Finance Tbk.,--U-2100000000G211------------,109.0,0.0,109.0,102.0,108.0,-1.0,18700,1913100,14,109.0,107,5000,0,0,5687353997,5687353997,5687353997,0,0,0,0,0
2021-02-26,VRNA,Verena Multi Finance Tbk.,--U-2100000000G211------------,110.0,0.0,110.0,103.0,109.0,-1.0,4500,484200,11,110.0,109,3200,108,500,5687353997,5687353997,5687353997,0,0,0,0,0
2021-02-25,VRNA,Verena Multi Finance Tbk.,--U-2100000000G211------------,107.0,0.0,111.0,103.0,110.0,3.0,13800,1446500,19,111.0,110,22400,105,1700,5687353997,5687353997,5687353997,0,0,0,0,0
2021-02-24,VRNA,Verena Multi Finance Tbk.,--U-2100000000G211------------,115.0,0.0,125.0,107.0,107.0,-8.0,156900,17779600,52,108.0,107,7200,0,0,5687353997,5687353997,5687353997,0,0,0,0,0
2021-02-23,VRNA,Verena Multi Finance Tbk.,--U-2100000000G211------------,95.0,0.0,115.0,95.0,115.0,20.0,146100,14662800,32,116.0,113,100,99,600,5687353997,5687353997,5687353997,0,0,0,0,0
2021-02-22,VRNA,Verena Multi Finance Tbk.,--U-2100000000G211------------,96.0,0.0,97.0,94.0,95.0,-1.0,3200,309900,4,95.8,96,100,94,200,5687353997,5687353997,5687353997,0,0,0,0,0
2021-02-19,VRNA,Verena Multi Finance Tbk.,--U-2100000000G211------------,96.0,0.0,97.0,96.0,96.0,0.0,500,48300,5,96.9,97,3200,96,600,5687353997,5687353997,5687353997,0,0,0,0,0
2021-02-18,VRNA,Verena Multi Finance Tbk.,--U-2100000000G211------------,98.0,0.0,97.0,94.0,96.0,-2.0,3600,342400,14,96.9,97,3300,96,100,5687353997,5687353997,5687353997,0,0,0,0,0
2021-02-17,VRNA,Verena Multi Finance Tbk.,--U-2100000000G211------------,100.0,0.0,100.0,94.0,98.0,-2.0,5200,500000,11,98.9,98,3900,96,100,5687353997,5687353997,5687353997,0,0,0,0,0
2021-02-16,VRNA,Verena Multi Finance Tbk.,--U-2100000000G211------------,98.0,0.0,105.0,99.0,100.0,2.0,9000,923500,13,100.9,100,400,99,700,5687353997,5687353997,5687353997,0,0,0,0,0
2021-02-15,VRNA,Verena Multi Finance Tbk.,--U-2100000000G211------------,99.0,0.0,99.0,97.0,98.0,-1.0,4700,464100,5,98.9,99,7000,97,1500,5687353997,5687353997,5687353997,0,0,0,0,0
2021-02-11,VRNA,Verena Multi Finance Tbk.,--U-2100000000G211------------,100.0,0.0,100.0,97.0,99.0,-1.0,300,29600,3,99.9,100,4800,99,200,5687353997,5687353997,5687353997,0,0,0,0,0
2021-02-10,VRNA,Verena Multi Finance Tbk.,--U-2100000000G211------------,100.0,0.0,100.0,100.0,100.0,0.0,500,50000,3,100.9,100,12500,96,2000,5687353997,5687353997,5687353997,0,0,0,0,0
2021-02-09,VRNA,Verena Multi Finance Tbk.,--U-2100000000G211------------,100.0,0.0,100.0,100.0,100.0,0.0,100,10000,1,100.9,100,7300,95,200,5687353997,5687353997,5687353997,0,0,0,0,0
2021-02-08,VRNA,Verena Multi Finance Tbk.,--U-2100000000G211------------,104.0,0.0,100.0,100.0,100.0,-4.0,400,40000,3,100.9,100,2700,97,1400,5687353997,5687353997,5687353997,0,0,0,0,0
2021-02-05,VRNA,Verena Multi Finance Tbk.,--U-2100000000G211------------,104.0,0.0,104.0,104.0,104.0,0.0,4300,447200,11,104.9,105,68700,104,1800,5687353997,5687353997,5687353997,0,0,0,0,0
2021-02-04,VRNA,Verena Multi Finance Tbk.,--U-2100000000G211------------,96.0,0.0,104.0,95.0,104.0,8.0,1600,154200,6,104.9,104,800,95,500,5687353997,5687353997,5687353997,0,0,0,0,0
2021-02-03,VRNA,Verena Multi Finance Tbk.,--U-2100000000G211------------,96.0,0.0,0.0,0.0,96.0,0.0,0,0,0,96.9,114,300,96,1100,5687353997,5687353997,5687353997,0,0,0,0,0
2021-02-02,VRNA,Verena Multi Finance Tbk.,--U-2100000000G211------------,99.0,0.0,96.0,96.0,96.0,-3.0,100,9600,1,96.9,114,100,96,1300,5687353997,5687353997,5687353997,0,0,0,0,0
2021-02-01,VRNA,Verena Multi Finance Tbk.,--U-2100000000G211------------,97.0,0.0,102.0,99.0,99.0,2.0,400,40400,4,99.9,104,1500,99,100,5687353997,5687353997,5687353997,0,0,0,0,0
2021-01-29,VRNA,Verena Multi Finance Tbk.,--U-2100000000G211------------,96.0,0.0,101.0,97.0,97.0,1.0,1000,98000,9,97.9,99,1200,96,700,5687353997,5687353997,5687353997,0,0,0,0,0
2021-01-28,VRNA,Verena Multi Finance Tbk.,--U-2100000000G211------------,95.0,0.0,101.0,96.0,96.0,1.0,1100,108100,3,96.9,101,13200,96,1500,5687353997,5687353997,5687353997,0,0,0,0,0
2021-01-27,VRNA,Verena Multi Finance Tbk.,--U-2100000000G211------------,95.0,0.0,95.0,95.0,95.0,0.0,100,9500,1,95.8,100,1200,95,1300,5687353997,5687353997,5687353997,0,0,0,0,0
2021-01-26,VRNA,Verena Multi Finance Tbk.,--U-2100000000G211------------,95.0,0.0,0.0,0.0,95.0,0.0,0,0,0,95.8,100,1200,95,700,5687353997,5687353997,5687353997,0,0,0,0,0
2021-01-25,VRNA,Verena Multi Finance Tbk.,--U-2100000000G211------------,100.0,0.0,95.0,95.0,95.0,-5.0,500,47500,1,95.8,99,500,95,600,5687353997,5687353997,5687353997,0,0,0,0,0
2021-01-22,VRNA,Verena Multi Finance Tbk.,--U-210000000082--------------,100.0,0.0,100.0,100.0,100.0,0.0,200,20000,2,100.9,100,700,95,3000,5687353997,5687353997,5687353997,0,0,0,0,0
2021-01-21,VRNA,Verena Multi Finance Tbk.,--U-210000000082--------------,100.0,0.0,0.0,0.0,100.0,0.0,0,0,0,100.9,100,900,96,2100,5687353997,5687353997,5687353997,0,0,0,0,0
2021-01-20,VRNA,Verena Multi Finance Tbk.,--U-210000000082--------------,101.0,0.0,100.0,94.0,100.0,-1.0,41700,3942000,8,100.9,100,900,97,100,5687353997,5687353997,5687353997,0,0,0,0,0
2021-01-19,VRNA,Verena Multi Finance Tbk.,--U-210000000082--------------,101.0,0.0,0.0,0.0,101.0,0.0,0,0,0,101.9,101,2700,96,10000,5687353997,5687353997,5687353997,0,0,0,0,0
2021-01-18,VRNA,Verena Multi Finance Tbk.,--U-210000000082--------------,101.0,0.0,101.0,101.0,101.0,0.0,500,50500,1,101.9,101,12000,97,1000,5687353997,5687353997,5687353997,0,0,0,0,0
2021-01-15,VRNA,Verena Multi Finance Tbk.,--U-210000000082--------------,102.0,0.0,102.0,101.0,101.0,-1.0,500,50600,3,101.9,101,1700,97,10000,5687353997,5687353997,5687353997,0,0,0,0,0
2021-01-14,VRNA,Verena Multi Finance Tbk.,--U-210000000082--------------,101.0,0.0,102.0,101.0,102.0,1.0,2300,233900,5,102.9,102,70800,101,300,5687353997,5687353997,5687353997,0,0,0,0,0
2021-01-13,VRNA,Verena Multi Finance Tbk.,--U-210000000082--------------,97.0,0.0,102.0,101.0,101.0,4.0,1900,192900,3,101.9,102,71100,98,1200,5687353997,5687353997,5687353997,0,0,0,0,0
2021-01-12,VRNA,Verena Multi Finance Tbk.,--U-210000000082--------------,101.0,0.0,97.0,97.0,97.0,-4.0,100,9700,1,97.9,102,69900,97,400,5687353997,5687353997,5687353997,0,0,0,0,0
2021-01-11,VRNA,Verena Multi Finance Tbk.,--U-210000000082--------------,98.0,0.0,101.0,98.0,101.0,3.0,300,29700,2,101.9,104,2100,99,200,5687353997,5687353997,5687353997,0,0,0,0,0
2021-01-08,VRNA,Verena Multi Finance Tbk.,--U-210000000082--------------,98.0,0.0,98.0,98.0,98.0,0.0,1000,98000,1,98.9,114,4100,98,22000,5687353997,5687353997,5687353997,0,0,0,0,0
2021-01-07,VRNA,Verena Multi Finance Tbk.,--U-210000000082--------------,104.0,0.0,104.0,97.0,98.0,-6.0,14900,1455200,10,98.9,104,1100,98,110800,5687353997,5687353997,5687353997,0,0,0,0,0
2021-01-06,VRNA,Verena Multi Finance Tbk.,--U-210000000082--------------,104.0,0.0,104.0,104.0,104.0,0.0,100,10400,1,104.9,104,10100,97,5000,5687353997,5687353997,5687353997,0,0,0,0,0
2021-01-05,VRNA,Verena Multi Finance Tbk.,--U-210000000082--------------,104.0,0.0,0.0,0.0,104.0,0.0,0,0,0,104.9,104,5000,97,10000,5687353997,5687353997,5687353997,0,0,0,0,0
2021-01-04,VRNA,Verena Multi Finance Tbk.,--U-210000000082--------------,104.0,0.0,0.0,0.0,104.0,0.0,0,0,0,104.9,104,4400,97,7600,5687353997,5687353997,5687353997,0,0,0,0,0
2020-12-30,VRNA,Verena Multi Finance Tbk.,--U-210000000082--------------,100.0,0.0,104.0,100.0,104.0,4.0,1200,124400,4,104.9,104,2200,103,1000,5687353997,5687353997,5687353997,0,0,0,0,0
2020-12-29,VRNA,Verena Multi Finance Tbk.,--U-210000000082--------------,100.0,0.0,0.0,0.0,100.0,0.0,0,0,0,100.9,104,2300,100,100,5687353997,5687353997,5687353997,0,0,0,0,0
2020-12-28,VRNA,Verena Multi Finance Tbk.,--U-210000000082--------------,100.0,0.0,100.0,100.0,100.0,0.0,1400,140000,4,100.9,100,1600,95,500,5687353997,5687353997,5687353997,0,0,0,0,0
2020-12-23,VRNA,Verena Multi Finance Tbk.,--U-210000000082--------------,100.0,0.0,0.0,0.0,100.0,0.0,0,0,0,100.9,104,500,100,200,5687353997,5687353997,5687353997,0,0,0,0,0
2020-12-22,VRNA,Verena Multi Finance Tbk.,--U-210000000082--------------,100.0,0.0,0.0,0.0,100.0,0.0,0,0,0,100.9,104,2300,100,300,5687353997,5687353997,5687353997,0,0,0,0,0
2020-12-21,VRNA,Verena Multi Finance Tbk.,--U-210000000082--------------,104.0,0.0,100.0,100.0,100.0,-4.0,300,30000,1,100.9,104,2300,100,19800,5687353997,5687353997,5687353997,0,0,50,4750,1
2020-12-18,VRNA,Verena Multi Finance Tbk.,--U-210000000082--------------,104.0,0.0,104.0,97.0,104.0,0.0,600,58900,2,104.9,103,500,97,31500,5687353997,5687353997,5687353997,0,0,0,0,0
2020-12-17,VRNA,Verena Multi Finance Tbk.,--U-210000000082--------------,104.0,0.0,0.0,0.0,104.0,0.0,0,0,0,104.9,104,2800,97,25000,5687353997,5687353997,5687353997,0,0,0,0,0
2020-12-16,VRNA,Verena Multi Finance Tbk.,--U-210000000082--------------,104.0,0.0,0.0,0.0,104.0,0.0,0,0,0,104.9,105,3800,97,32500,5687353997,5687353997,5687353997,0,0,0,0,0
2020-12-15,VRNA,Verena Multi Finance Tbk.,--U-210000000082--------------,104.0,0.0,0.0,0.0,104.0,0.0,0,0,0,104.9,104,2800,97,43000,5687353997,5687353997,5687353997,0,0,0,0,0
2020-12-14,VRNA,Verena Multi Finance Tbk.,--U-210000000082--------------,104.0,0.0,0.0,0.0,104.0,0.0,0,0,0,104.9,104,2100,97,32000,5687353997,5687353997,5687353997,0,0,0,0,0
2020-12-11,VRNA,Verena Multi Finance Tbk.,--U-210000000082--------------,104.0,0.0,0.0,0.0,104.0,0.0,0,0,0,104.9,104,1800,99,500,5687353997,5687353997,5687353997,0,0,0,0,0
2020-12-10,VRNA,Verena Multi Finance Tbk.,--U-210000000082--------------,104.0,0.0,0.0,0.0,104.0,0.0,0,0,0,104.9,104,900,99,2000,5687353997,5687353997,5687353997,0,0,0,0,0
2020-12-08,VRNA,Verena Multi Finance Tbk.,--U-210000000082--------------,105.0,0.0,105.0,104.0,104.0,-1.0,33800,3541100,8,104.9,105,2300,104,17100,5687353997,5687353997,5687353997,0,0,0,0,0
2020-12-07,VRNA,Verena Multi Finance Tbk.,--U-210000000082--------------,98.0,0.0,105.0,105.0,105.0,7.0,500,52500,4,105.9,105,44100,99,1000,5687353997,5687353997,5687353997,0,0,0,0,0
2020-12-04,VRNA,Verena Multi Finance Tbk.,--U-210000000082--------------,98.0,0.0,0.0,0.0,98.0,0.0,0,0,0,98.9,105,3400,98,10200,5687353997,5687353997,5687353997,0,0,0,0,0
2020-12-03,VRNA,Verena Multi Finance Tbk.,--U-210000000082--------------,105.0,0.0,105.0,98.0,98.0,-7.0,600,62300,2,98.9,105,8800,98,1100,5687353997,5687353997,5687353997,0,0,0,0,0
2020-12-02,VRNA,Verena Multi Finance Tbk.,--U-210000000082--------------,98.0,0.0,105.0,98.0,105.0,7.0,300,30800,2,105.9,105,2700,95,30400,5687353997,5687353997,5687353997,0,0,0,0,0
2020-12-01,VRNA,Verena Multi Finance Tbk.,--U-210000000082--------------,105.0,0.0,115.0,98.0,98.0,-7.0,1200,120000,3,98.9,105,7600,0,0,5687353997,5687353997,5687353997,0,0,0,0,0
2020-11-30,VRNA,Verena Multi Finance Tbk.,--U-210000000082--------------,95.0,0.0,105.0,105.0,105.0,10.0,1000,105000,3,105.9,105,2000,104,1000,5687353997,5687353997,5687353997,0,0,0,0,0
2020-11-27,VRNA,Verena Multi Finance Tbk.,--U-210000000082--------------,94.0,0.0,95.0,95.0,95.0,1.0,1700,161500,3,95.8,101,800,95,3100,5687353997,5687353997,5687353997,0,0,0,0,0
2020-11-26,VRNA,Verena Multi Finance Tbk.,--U-210000000082--------------,94.0,0.0,0.0,0.0,94.0,0.0,0,0,0,94.8,104,4000,95,20900,5687353997,5687353997,5687353997,0,0,0,0,0
2020-11-25,VRNA,Verena Multi Finance Tbk.,--U-210000000082--------------,94.0,0.0,94.0,94.0,94.0,0.0,1000,94000,1,94.8,104,3000,94,29600,5687353997,5687353997,5687353997,0,0,0,0,0
2020-11-24,VRNA,Verena Multi Finance Tbk.,--U-210000000082--------------,95.0,0.0,95.0,93.0,94.0,-1.0,1800,170600,4,94.8,93,100,92,20000,5687353997,5687353997,5687353997,0,0,0,0,0
2020-11-23,VRNA,Verena Multi Finance Tbk.,--U-210000000082--------------,95.0,0.0,95.0,95.0,95.0,0.0,20100,1909500,3,95.8,104,1900,95,900,5687353997,5687353997,5687353997,0,0,0,0,0
2020-11-20,VRNA,Verena Multi Finance Tbk.,--U-210000000082--------------,99.0,0.0,103.0,95.0,95.0,-4.0,1000,95800,3,95.8,103,1800,95,17100,5687353997,5687353997,5687353997,0,0,0,0,0
2020-11-19,VRNA,Verena Multi Finance Tbk.,--U-210000000082--------------,105.0,0.0,99.0,99.0,99.0,-6.0,100,9900,1,99.9,105,2400,99,800,5687353997,5687353997,5687353997,0,0,0,0,0
2020-11-18,VRNA,Verena Multi Finance Tbk.,--U-210000000082--------------,105.0,0.0,105.0,104.0,105.0,0.0,2800,293800,5,105.9,105,4600,99,900,5687353997,5687353997,5687353997,0,0,0,0,0
2020-11-17,VRNA,Verena Multi Finance Tbk.,--U-210000000082--------------,105.0,0.0,0.0,0.0,105.0,0.0,0,0,0,105.9,103,3600,0,0,5687353997,5687353997,5687353997,0,0,0,0,0
2020-11-16,VRNA,Verena Multi Finance Tbk.,--U-210000000082--------------,97.0,0.0,105.0,95.0,105.0,8.0,700,71300,4,105.9,104,200,95,19900,5687353997,5687353997,5687353997,0,0,0,0,0
2020-11-13,VRNA,Verena Multi Finance Tbk.,--U-210000000082--------------,97.0,0.0,0.0,0.0,97.0,0.0,0,0,0,97.9,97,100,95,20300,5687353997,5687353997,5687353997,0,0,0,0,0
2020-11-12,VRNA,Verena Multi Finance Tbk.,--U-210000000082--------------,100.0,0.0,105.0,93.0,97.0,-3.0,14400,1388200,11,97.9,97,100,93,29100,5687353997,5687353997,5687353997,0,0,0,0,0
2020-11-11,VRNA,Verena Multi Finance Tbk.,--U-210000000082--------------,96.0,0.0,110.0,100.0,100.0,4.0,10300,1097800,10,100.9,105,3700,94,2000,5687353997,5687353997,5687353997,0,0,0,0,0
2020-11-10,VRNA,Verena Multi Finance Tbk.,--U-210000000082--------------,96.0,0.0,0.0,0.0,96.0,0.0,0,0,0,96.9,100,800,95,20000,5687353997,5687353997,5687353997,0,0,0,0,0
2020-11-09,VRNA,Verena Multi Finance Tbk.,--U-210000000082--------------,97.0,0.0,98.0,96.0,96.0,-1.0,25300,2429200,4,96.9,106,3600,96,25100,5687353997,5687353997,5687353997,0,0,0,0,0
2020-11-06,VRNA,Verena Multi Finance Tbk.,--U-210000000082--------------,96.0,0.0,97.0,97.0,97.0,1.0,100,9700,1,97.9,103,2600,97,300,5687353997,5687353997,5687353997,0,0,0,0,0
2020-11-05,VRNA,Verena Multi Finance Tbk.,--U-210000000082--------------,103.0,0.0,103.0,96.0,96.0,-7.0,800,77500,2,96.9,103,1700,96,49800,5687353997,5687353997,5687353997,0,0,0,0,0
2020-11-04,VRNA,Verena Multi Finance Tbk.,--U-210000000082--------------,103.0,0.0,103.0,103.0,103.0,0.0,100,10300,1,103.9,103,1800,96,50500,5687353997,5687353997,5687353997,0,0,0,0,0
2020-11-03,VRNA,Verena Multi Finance Tbk.,--U-210000000082--------------,103.0,0.0,103.0,96.0,103.0,0.0,50100,4810300,3,103.9,103,1800,96,51600,5687353997,5687353997,5687353997,0,0,0,0,0
2020-11-02,VRNA,Verena Multi Finance Tbk.,--U-210000000082--------------,103.0,0.0,0.0,0.0,103.0,0.0,0,0,0,103.9,104,900,96,3000,5687353997,5687353997,5687353997,0,0,0,0,0
2020-10-27,VRNA,Verena Multi Finance Tbk.,--U-210000000082--------------,98.0,0.0,103.0,98.0,103.0,5.0,2100,215800,3,103.9,103,900,93,13200,5687353997,5687353997,5687353997,0,0,0,0,0
2020-10-26,VRNA,Verena Multi Finance Tbk.,--U-210000000082--------------,98.0,0.0,98.0,95.0,98.0,0.0,1100,107500,2,98.9,105,2900,95,9900,5687353997,5687353997,5687353997,0,0,0,0,0
2020-10-23,VRNA,Verena Multi Finance Tbk.,--U-210000000082--------------,98.0,0.0,0.0,0.0,98.0,0.0,0,0,0,98.9,98,4900,95,50000,5687353997,5687353997,5687353997,0,0,0,0,0
2020-10-22,VRNA,Verena Multi Finance Tbk.,--U-210000000082--------------,101.0,0.0,98.0,98.0,98.0,-3.0,50000,4900000,1,98.9,101,1000,95,55000,5687353997,5687353997,5687353997,0,0,0,0,0
2020-10-21,VRNA,Verena Multi Finance Tbk.,--U-210000000082--------------,107.0,0.0,117.0,100.0,101.0,-6.0,9600,1000900,7,101.9,101,2900,100,20000,5687353997,5687353997,5687353997,0,0,0,0,0
2020-10-20,VRNA,Verena Multi Finance Tbk.,--U-210000000082--------------,101.0,0.0,107.0,107.0,107.0,6.0,500,53500,2,108.0,107,4700,97,2000,5687353997,5687353997,5687353997,0,0,0,0,0
2020-10-19,VRNA,Verena Multi Finance Tbk.,--U-210000000082--------------,101.0,0.0,0.0,0.0,101.0,0.0,0,0,0,101.9,101,100,96,30000,5687353997,5687353997,5687353997,0,0,0,0,0
2020-10-16,VRNA,Verena Multi Finance Tbk.,--U-210000000082--------------,107.0,0.0,107.0,101.0,101.0,-6.0,1100,111700,4,101.9,102,1000,100,3500,5687353997,5687353997,5687353997,0,0,0,0,0
2020-10-15,VRNA,Verena Multi Finance Tbk.,--U-210000000082--------------,107.0,0.0,0.0,0.0,107.0,0.0,0,0,0,108.0,107,53300,101,800,5687353997,5687353997,5687353997,0,0,0,0,0
2020-10-14,VRNA,Verena Multi Finance Tbk.,--U-210000000082--------------,107.0,0.0,117.0,107.0,107.0,0.0,200,22400,2,108.0,107,6200,100,2000,5687353997,5687353997,5687353997,0,0,0,0,0
2020-10-13,VRNA,Verena Multi Finance Tbk.,--U-210000000082--------------,100.0,0.0,107.0,107.0,107.0,7.0,100,10700,1,108.0,106,3300,97,200,5687353997,5687353997,5687353997,0,0,0,0,0
2020-10-12,VRNA,Verena Multi Finance Tbk.,--U-210000000082--------------,107.0,0.0,100.0,100.0,100.0,-7.0,100,10000,1,100.9,104,100,100,23600,5687353997,5687353997,5687353997,0,0,16,1600,1
2020-10-09,VRNA,Verena Multi Finance Tbk.,--U-210000000082--------------,97.0,0.0,107.0,97.0,107.0,10.0,7200,699400,4,108.0,107,8900,97,12900,5687353997,5687353997,5687353997,0,0,0,0,0
2020-10-08,VRNA,Verena Multi Finance Tbk.,--U-210000000082--------------,97.0,0.0,0.0,0.0,97.0,0.0,0,0,0,97.9,105,100,97,20000,5687353997,5687353997,5687353997,0,0,0,0,0
2020-10-07,VRNA,Verena Multi Finance Tbk.,--U-210000000082--------------,97.0,0.0,97.0,97.0,97.0,0.0,500,48500,1,97.9,105,1400,97,49500,5687353997,5687353997,5687353997,0,0,0,0,0
2020-10-06,VRNA,Verena Multi Finance Tbk.,--U-210000000082--------------,104.0,0.0,97.0,97.0,97.0,-7.0,100,9700,1,97.9,106,200,98,100,5687353997,5687353997,5687353997,0,0,0,0,0
2020-10-05,VRNA,Verena Multi Finance Tbk.,--U-210000000082--------------,104.0,0.0,0.0,0.0,104.0,0.0,0,0,0,104.9,104,500,97,2000,5687353997,5687353997,5687353997,0,0,0,0,0
2020-10-02,VRNA,Verena Multi Finance Tbk.,--U-210000000082--------------,104.0,0.0,104.0,104.0,104.0,0.0,2000,208000,1,104.9,107,4300,98,1000,5687353997,5687353997,5687353997,0,0,0,0,0
2020-10-01,VRNA,Verena Multi Finance Tbk.,--U-210000000082--------------,107.0,0.0,104.0,100.0,104.0,-3.0,200,20400,2,104.9,104,20000,100,2000,5687353997,5687353997,5687353997,0,0,0,0,0
2020-09-30,VRNA,Verena Multi Finance Tbk.,--U-210000000082--------------,107.0,0.0,0.0,0.0,107.0,0.0,0,0,0,108.0,104,5000,100,2000,5687353997,5687353997,5687353997,0,0,0,0,0
2020-09-29,VRNA,Verena Multi Finance Tbk.,--U-210000000082--------------,107.0,0.0,0.0,0.0,107.0,0.0,0,0,0,108.0,107,4300,100,2000,5687353997,5687353997,5687353997,0,0,0,0,0
2020-09-28,VRNA,Verena Multi Finance Tbk.,--U-210000000082--------------,107.0,0.0,107.0,107.0,107.0,0.0,200,21400,1,108.0,107,11300,100,2000,5687353997,5687353997,5687353997,0,0,0,0,0
2020-09-25,VRNA,Verena Multi Finance Tbk.,--U-210000000082--------------,107.0,0.0,0.0,0.0,107.0,0.0,0,0,0,108.0,107,10000,100,3000,5687353997,5687353997,5687353997,0,0,0,0,0
2020-09-24,VRNA,Verena Multi Finance Tbk.,--U-210000000082--------------,107.0,0.0,0.0,0.0,107.0,0.0,0,0,0,108.0,106,3900,100,2000,5687353997,5687353997,5687353997,0,0,0,0,0
2020-09-23,VRNA,Verena Multi Finance Tbk.,--U-210000000082--------------,107.0,0.0,0.0,0.0,107.0,0.0,0,0,0,108.0,106,1300,100,1500,5687353997,5687353997,5687353997,0,0,0,0,0
2020-09-22,VRNA,Verena Multi Finance Tbk.,--U-210000000082--------------,107.0,0.0,0.0,0.0,107.0,0.0,0,0,0,108.0,105,3500,100,1500,5687353997,5687353997,5687353997,0,0,0,0,0
2020-09-21,VRNA,Verena Multi Finance Tbk.,--U-210000000082--------------,107.0,0.0,107.0,105.0,107.0,0.0,5000,534800,5,108.0,107,12800,100,1500,5687353997,5687353997,5687353997,0,0,0,0,0
2020-09-18,VRNA,Verena Multi Finance Tbk.,--U-210000000082--------------,107.0,0.0,0.0,0.0,107.0,0.0,0,0,0,108.0,102,2700,0,0,5687353997,5687353997,5687353997,0,0,0,0,0
2020-09-17,VRNA,Verena Multi Finance Tbk.,--U-210000000082--------------,107.0,0.0,0.0,0.0,107.0,0.0,0,0,0,108.0,103,700,0,0,5687353997,5687353997,5687353997,0,0,0,0,0
2020-09-16,VRNA,Verena Multi Finance Tbk.,--U-210000000082--------------,107.0,0.0,0.0,0.0,107.0,0.0,0,0,0,108.0,103,700,100,10000,5687353997,5687353997,5687353997,0,0,0,0,0
2020-09-15,VRNA,Verena Multi Finance Tbk.,--U-210000000082--------------,107.0,0.0,0.0,0.0,107.0,0.0,0,0,0,108.0,104,3700,0,0,5687353997,5687353997,5687353997,0,0,0,0,0
2020-09-14,VRNA,Verena Multi Finance Tbk.,--U-210000000082--------------,99.0,0.0,107.0,107.0,107.0,8.0,100,10700,1,108.0,107,23200,99,1000,5687353997,5687353997,5687353997,0,0,0,0,0
2020-09-11,VRNA,Verena Multi Finance Tbk.,--U-210000000082--------------,99.0,0.0,99.0,99.0,99.0,0.0,2200,217800,2,99.9,103,1800,94,23200,5687353997,5687353997,5687353997,0,0,0,0,0
2020-09-10,VRNA,Verena Multi Finance Tbk.,--U-210000000082--------------,100.0,0.0,109.0,99.0,99.0,-1.0,400,40600,3,99.9,99,13100,96,10000,5687353997,5687353997,5687353997,0,0,0,0,0
2020-09-09,VRNA,Verena Multi Finance Tbk.,--U-210000000082--------------,100.0,0.0,100.0,100.0,100.0,0.0,10100,1010000,1,100.9,103,2400,98,50000,5687353997,5687353997,5687353997,0,0,0,0,0
2020-09-08,VRNA,Verena Multi Finance Tbk.,--U-210000000082--------------,100.0,0.0,109.0,100.0,100.0,0.0,1200,120900,4,100.9,106,2400,100,9000,5687353997,5687353997,5687353997,0,0,0,0,0
2020-09-07,VRNA,Verena Multi Finance Tbk.,--U-210000000082--------------,99.0,0.0,109.0,100.0,100.0,1.0,1800,183700,5,100.9,104,2000,99,50100,5687353997,5687353997,5687353997,0,0,0,0,0
2020-09-04,VRNA,Verena Multi Finance Tbk.,--U-210000000082--------------,104.0,0.0,99.0,98.0,99.0,-5.0,5900,579100,3,99.9,103,13900,97,178500,5687353997,5687353997,5687353997,0,0,0,0,0
2020-09-03,VRNA,Verena Multi Finance Tbk.,--U-210000000082--------------,104.0,0.0,104.0,104.0,104.0,0.0,2200,228800,5,104.9,104,6000,99,500,5687353997,5687353997,5687353997,0,0,0,0,0
2020-09-02,VRNA,Verena Multi Finance Tbk.,--U-210000000082--------------,104.0,0.0,0.0,0.0,104.0,0.0,0,0,0,104.9,104,2500,97,53000,5687353997,5687353997,5687353997,0,0,0,0,0
2020-09-01,VRNA,Verena Multi Finance Tbk.,--U-210000000082--------------,109.0,0.0,104.0,102.0,104.0,-5.0,3500,357200,6,104.9,104,2500,0,0,5687353997,5687353997,5687353997,0,0,0,0,0
2020-08-31,VRNA,Verena Multi Finance Tbk.,--U-210000000082--------------,109.0,0.0,112.0,102.0,109.0,0.0,15500,1653900,12,110.0,109,3500,102,500,5687353997,5687353997,5687353997,0,0,0,0,0
2020-08-28,VRNA,Verena Multi Finance Tbk.,--U-210000000082--------------,98.0,0.0,109.0,107.0,109.0,11.0,5100,555700,4,110.0,108,4000,100,10500,5687353997,5687353997,5687353997,0,0,0,0,0
2020-08-27,VRNA,Verena Multi Finance Tbk.,--U-210000000082--------------,97.0,0.0,105.0,98.0,98.0,1.0,4000,406000,4,98.9,110,200,99,800,5687353997,5687353997,5687353997,0,0,0,0,0
2020-08-26,VRNA,Verena Multi Finance Tbk.,--U-210000000082--------------,97.0,0.0,97.0,97.0,97.0,0.0,3500,339500,3,97.9,105,2000,97,16500,5687353997,5687353997,5687353997,0,0,0,0,0
2020-08-25,VRNA,Verena Multi Finance Tbk.,--U-210000000082--------------,97.0,0.0,0.0,0.0,97.0,0.0,0,0,0,97.9,103,500,97,20000,5687353997,5687353997,5687353997,0,0,0,0,0
2020-08-24,VRNA,Verena Multi Finance Tbk.,--U-210000000082--------------,100.0,0.0,100.0,97.0,97.0,-3.0,900,87600,2,97.9,100,1200,97,85300,5687353997,5687353997,5687353997,0,0,0,0,0
2020-08-19,VRNA,Verena Multi Finance Tbk.,--U-210000000082--------------,99.0,0.0,111.0,93.0,100.0,1.0,1200,115000,4,100.9,100,1700,95,500,5687353997,5687353997,5687353997,0,0,0,0,0
2020-08-18,VRNA,Verena Multi Finance Tbk.,--U-210000000082--------------,99.0,0.0,0.0,0.0,99.0,0.0,0,0,0,99.9,104,500,99,100,5687353997,5687353997,5687353997,0,0,0,0,0
2020-08-14,VRNA,Verena Multi Finance Tbk.,--U-210000000082--------------,99.0,0.0,106.0,99.0,99.0,0.0,3100,314600,7,99.9,100,500,96,700,5687353997,5687353997,5687353997,0,0,0,0,0
2020-08-13,VRNA,Verena Multi Finance Tbk.,--U-210000000082--------------,104.0,0.0,99.0,98.0,99.0,-5.0,1100,108300,3,99.9,105,600,99,100,5687353997,5687353997,5687353997,0,0,0,0,0
2020-08-12,VRNA,Verena Multi Finance Tbk.,--U-210000000082--------------,108.0,0.0,112.0,104.0,104.0,-4.0,2400,250400,4,104.9,104,1600,101,1500,5687353997,5687353997,5687353997,0,0,0,0,0
2020-08-11,VRNA,Verena Multi Finance Tbk.,--U-210000000082--------------,100.0,0.0,113.0,105.0,108.0,8.0,4100,443200,6,109.0,108,13300,105,100,5687353997,5687353997,5687353997,0,0,0,0,0
2020-08-10,VRNA,Verena Multi Finance Tbk.,--U-210000000082--------------,107.0,0.0,114.0,100.0,100.0,-7.0,5900,591400,3,100.9,109,200,100,16600,5687353997,5687353997,5687353997,0,0,0,0,0
2020-08-07,VRNA,Verena Multi Finance Tbk.,--U-210000000082--------------,115.0,0.0,115.0,107.0,107.0,-8.0,1000,108600,5,108.0,110,10000,0,0,5687353997,5687353997,5687353997,0,0,0,0,0
2020-08-06,VRNA,Verena Multi Finance Tbk.,--U-210000000082--------------,105.0,0.0,115.0,115.0,115.0,10.0,100,11500,1,116.0,110,10200,98,16200,5687353997,5687353997,5687353997,0,0,0,0,0
2020-08-05,VRNA,Verena Multi Finance Tbk.,--U-210000000082--------------,111.0,0.0,121.0,105.0,105.0,-6.0,5100,537100,4,105.9,110,10300,105,3000,5687353997,5687353997,5687353997,0,0,0,0,0
2020-08-04,VRNA,Verena Multi Finance Tbk.,--U-210000000082--------------,111.0,0.0,121.0,111.0,111.0,0.0,300,34300,3,112.0,111,5800,105,100,5687353997,5687353997,5687353997,0,0,0,0,0
2020-08-03,VRNA,Verena Multi Finance Tbk.,--U-210000000082--------------,118.0,0.0,125.0,111.0,111.0,-7.0,3500,390500,5,112.0,111,6000,0,0,5687353997,5687353997,5687353997,0,0,0,0,0
2020-07-30,VRNA,Verena Multi Finance Tbk.,--U-210000000082--------------,104.0,0.0,118.0,103.0,118.0,14.0,3800,428900,7,119.1,118,9300,103,2400,5687353997,5687353997,5687353997,0,0,0,0,0
2020-07-29,VRNA,Verena Multi Finance Tbk.,--U-210000000082--------------,110.0,0.0,104.0,103.0,104.0,-6.0,2600,268000,4,104.9,114,7400,104,5400,5687353997,5687353997,5687353997,0,0,0,0,0
2020-07-28,VRNA,Verena Multi Finance Tbk.,--U-210000000082--------------,115.0,0.0,125.0,108.0,110.0,-5.0,4900,535700,7,111.0,114,100,110,1400,5687353997,5687353997,5687353997,0,0,0,0,0
2020-07-27,VRNA,Verena Multi Finance Tbk.,--U-210000000082--------------,112.0,0.0,122.0,115.0,115.0,3.0,2600,299700,2,116.0,112,7500,107,200,5687353997,5687353997,5687353997,0,0,0,0,0
2020-07-24,VRNA,Verena Multi Finance Tbk.,--U-210000000082--------------,112.0,0.0,122.0,105.0,112.0,0.0,8000,843800,8,113.0,111,10000,107,1000,5687353997,5687353997,5687353997,0,0,0,0,0
2020-07-23,VRNA,Verena Multi Finance Tbk.,--U-210000000082--------------,120.0,0.0,130.0,112.0,112.0,-8.0,300,35400,3,113.0,112,18700,0,0,5687353997,5687353997,5687353997,0,0,0,0,0
2020-07-22,VRNA,Verena Multi Finance Tbk.,--U-210000000082--------------,101.0,0.0,120.0,100.0,120.0,19.0,8300,844000,14,121.1,119,7900,118,200,5687353997,5687353997,5687353997,0,0,0,0,0
2020-07-21,VRNA,Verena Multi Finance Tbk.,--U-210000000082--------------,101.0,0.0,101.0,100.0,101.0,0.0,3700,371700,3,101.9,101,100,100,3000,5687353997,5687353997,5687353997,0,0,0,0,0
2020-07-20,VRNA,Verena Multi Finance Tbk.,--U-210000000082--------------,105.0,0.0,101.0,100.0,101.0,-4.0,700,70500,4,101.9,102,100,99,2900,5687353997,5687353997,5687353997,0,0,0,0,0
2020-07-17,VRNA,Verena Multi Finance Tbk.,--U-210000000082--------------,100.0,0.0,110.0,94.0,105.0,5.0,3100,331900,5,105.9,106,500,105,58500,5687353997,5687353997,5687353997,0,0,0,0,0
2020-07-16,VRNA,Verena Multi Finance Tbk.,--U-210000000082--------------,99.0,0.0,100.0,100.0,100.0,1.0,100,10000,1,100.9,110,100,100,3200,5687353997,5687353997,5687353997,0,0,0,0,0
2020-07-15,VRNA,Verena Multi Finance Tbk.,--U-210000000082--------------,105.0,0.0,110.0,99.0,99.0,-6.0,25600,2536200,6,99.9,111,100,99,24700,5687353997,5687353997,5687353997,0,0,0,0,0
2020-07-14,VRNA,Verena Multi Finance Tbk.,--U-210000000082--------------,111.0,0.0,106.0,105.0,105.0,-6.0,23800,2499100,5,105.9,107,100,105,4900,5687353997,5687353997,5687353997,0,0,0,0,0
2020-07-13,VRNA,Verena Multi Finance Tbk.,--U-210000000082--------------,118.0,0.0,116.0,110.0,111.0,-7.0,3300,366800,8,112.0,111,26800,0,0,5687353997,5687353997,5687353997,0,0,2700,299700,1
2020-07-10,VRNA,Verena Multi Finance Tbk.,--U-210000000082--------------,118.0,0.0,0.0,0.0,118.0,0.0,0,0,0,119.1,114,10000,110,100,5687353997,5687353997,5687353997,0,0,0,0,0
2020-07-09,VRNA,Verena Multi Finance Tbk.,--U-210000000082--------------,114.0,0.0,118.0,116.0,118.0,4.0,1000,117300,3,119.1,114,5000,108,200,5687353997,5687353997,5687353997,0,0,0,0,0
2020-07-08,VRNA,Verena Multi Finance Tbk.,--U-210000000082--------------,122.0,0.0,131.0,114.0,114.0,-8.0,7700,880300,6,115.0,114,9600,0,0,5687353997,5687353997,5687353997,0,0,0,0,0
2020-07-07,VRNA,Verena Multi Finance Tbk.,--U-210000000082--------------,131.0,0.0,131.0,122.0,122.0,-9.0,300,38400,3,123.1,122,27300,0,0,5687353997,5687353997,5687353997,0,0,0,0,0
2020-07-06,VRNA,Verena Multi Finance Tbk.,--U-210000000082--------------,102.0,0.0,135.0,96.0,131.0,29.0,36200,4051000,50,132.2,130,9700,96,200,5687353997,5687353997,5687353997,0,0,0,0,0
2020-07-03,VRNA,Verena Multi Finance Tbk.,--U8---2,109.0,0.0,108.0,102.0,102.0,-7.0,15600,1593400,13,102.9,103,7500,102,100,5687353997,5687353997,5687353997,0,0,0,0,0
2020-07-02,VRNA,Verena Multi Finance Tbk.,--U8---2,117.0,0.0,114.0,109.0,109.0,-8.0,2700,295800,9,110.0,109,20300,0,0,5687353997,5687353997,5687353997,0,0,0,0,0
2020-07-01,VRNA,Verena Multi Finance Tbk.,--U8---2,125.0,0.0,125.0,117.0,117.0,-8.0,300,36700,2,118.0,117,25000,0,0,5687353997,5687353997,5687353997,0,0,0,0,0
2020-06-30,VRNA,Verena Multi Finance Tbk.,--U8---2,103.0,0.0,125.0,96.0,125.0,22.0,43600,4367100,15,126.1,125,19200,102,1900,5687353997,5687353997,5687353997,0,0,0,0,0
2020-06-29,VRNA,Verena Multi Finance Tbk.,--U8---2,110.0,0.0,103.0,103.0,103.0,-7.0,12500,1287500,3,103.9,103,36600,0,0,5687353997,5687353997,5687353997,0,0,0,0,0
2020-06-26,VRNA,Verena Multi Finance Tbk.,--U8---2,118.0,0.0,110.0,110.0,110.0,-8.0,27400,3014000,9,111.0,110,33000,0,0,5687353997,5687353997,5687353997,0,0,0,0,0
2020-06-25,VRNA,Verena Multi Finance Tbk.,--U8---2,126.0,0.0,125.0,118.0,118.0,-8.0,10800,1276100,9,119.1,118,97200,0,0,5687353997,5687353997,5687353997,0,0,0,0,0
2020-06-24,VRNA,Verena Multi Finance Tbk.,--U8---2,135.0,0.0,135.0,126.0,126.0,-9.0,7900,1063500,7,127.1,126,7000,0,0,5687353997,5687353997,5687353997,0,0,0,0,0
2020-06-23,VRNA,Verena Multi Finance Tbk.,--U8---2,138.0,0.0,135.0,135.0,135.0,-3.0,16900,2281500,8,136.2,137,300,135,200,5687353997,5687353997,5687353997,0,0,0,0,0
2020-06-22,VRNA,Verena Multi Finance Tbk.,--U8---2,107.0,0.0,140.0,100.0,138.0,31.0,39100,4419500,40,139.2,129,100,103,700,5687353997,5687353997,5687353997,0,0,0,0,0
2020-06-19,VRNA,Verena Multi Finance Tbk.,--U8---2,114.0,0.0,110.0,107.0,107.0,-7.0,400,43400,4,108.0,109,100,108,100,5687353997,5687353997,5687353997,0,0,0,0,0
2020-06-18,VRNA,Verena Multi Finance Tbk.,--U8---2,116.0,0.0,116.0,108.0,114.0,-2.0,40900,4431000,13,115.0,114,15200,109,200,5687353997,5687353997,5687353997,0,0,0,0,0
2020-06-17,VRNA,Verena Multi Finance Tbk.,--U8---2,124.0,0.0,124.0,116.0,116.0,-8.0,3300,384500,7,117.0,116,55500,0,0,5687353997,5687353997,5687353997,0,0,0,0,0
2020-06-16,VRNA,Verena Multi Finance Tbk.,--U8---2,92.0,0.0,124.0,86.0,124.0,32.0,59100,6290400,47,125.1,124,35500,89,600,5687353997,5687353997,5687353997,0,0,0,0,0
2020-06-15,VRNA,Verena Multi Finance Tbk.,--U8---2,98.0,0.0,93.0,92.0,92.0,-6.0,10100,929300,6,92.8,93,200,92,300,5687353997,5687353997,5687353997,0,0,0,0,0
2020-06-12,VRNA,Verena Multi Finance Tbk.,--U8---2,100.0,0.0,98.0,93.0,98.0,-2.0,200,19100,2,98.9,117,2500,97,100,5687353997,5687353997,5687353997,0,0,0,0,0
2020-06-11,VRNA,Verena Multi Finance Tbk.,--U8---2,100.0,0.0,110.0,100.0,100.0,0.0,200,21000,2,100.9,99,100,94,100,5687353997,5687353997,5687353997,0,0,0,0,0
2020-06-10,VRNA,Verena Multi Finance Tbk.,--U8---2,107.0,0.0,101.0,100.0,100.0,-7.0,9200,922300,5,100.9,100,10000,0,0,5687353997,5687353997,5687353997,0,0,0,0,0
2020-06-09,VRNA,Verena Multi Finance Tbk.,--U8---2,110.0,0.0,108.0,107.0,107.0,-3.0,200,21500,2,108.0,108,300,107,500,5687353997,5687353997,5687353997,0,0,0,0,0
2020-06-08,VRNA,Verena Multi Finance Tbk.,--U8---2,117.0,0.0,110.0,109.0,110.0,-7.0,1600,174600,5,111.0,112,1000,110,800,5687353997,5687353997,5687353997,0,0,0,0,0
2020-06-05,VRNA,Verena Multi Finance Tbk.,--U8---2,117.0,0.0,0.0,0.0,117.0,0.0,0,0,0,118.0,117,900,116,100,5687353997,5687353997,5687353997,0,0,0,0,0
2020-06-04,VRNA,Verena Multi Finance Tbk.,--U8---2,118.0,0.0,128.0,117.0,117.0,-1.0,8700,1021700,12,118.0,118,2000,117,100,5687353997,5687353997,5687353997,0,0,0,0,0
2020-06-03,VRNA,Verena Multi Finance Tbk.,--U8---2,126.0,0.0,135.0,118.0,118.0,-8.0,3700,438300,6,119.1,118,6100,0,0,5687353997,5687353997,5687353997,0,0,0,0,0
2020-06-02,VRNA,Verena Multi Finance Tbk.,--U8---2,134.0,0.0,126.0,126.0,126.0,-8.0,1000,126000,2,127.1,126,9600,0,0,5687353997,5687353997,5687353997,0,0,0,0,0
2020-05-29,VRNA,Verena Multi Finance Tbk.,--U8---2,135.0,0.0,135.0,126.0,134.0,-1.0,400,52400,4,135.2,126,11200,0,0,5687353997,5687353997,5687353997,0,0,0,0,0
2020-05-28,VRNA,Verena Multi Finance Tbk.,--U8---2,126.0,0.0,135.0,135.0,135.0,9.0,200,27000,2,136.2,135,14500,0,0,5687353997,5687353997,5687353997,0,0,0,0,0
2020-05-27,VRNA,Verena Multi Finance Tbk.,--U8---2,135.0,0.0,126.0,126.0,126.0,-9.0,200,25200,2,127.1,126,15100,0,0,5687353997,5687353997,5687353997,0,0,0,0,0
2020-05-26,VRNA,Verena Multi Finance Tbk.,--U8---2,135.0,0.0,0.0,0.0,135.0,0.0,0,0,0,136.2,126,14200,0,0,5687353997,5687353997,5687353997,0,0,0,0,0
2020-05-20,VRNA,Verena Multi Finance Tbk.,--U8---2,135.0,0.0,0.0,0.0,135.0,0.0,0,0,0,136.2,126,14000,0,0,5687353997,5687353997,5687353997,0,0,0,0,0
2020-05-19,VRNA,Verena Multi Finance Tbk.,--U8---2,135.0,0.0,0.0,0.0,135.0,0.0,0,0,0,136.2,126,300,0,0,5687353997,5687353997,5687353997,0,0,0,0,0
2020-05-18,VRNA,Verena Multi Finance Tbk.,--U8---2,135.0,0.0,0.0,0.0,135.0,0.0,0,0,0,136.2,126,9000,0,0,5687353997,5687353997,5687353997,0,0,0,0,0
2020-05-15,VRNA,Verena Multi Finance Tbk.,--U8---2,135.0,0.0,135.0,135.0,135.0,0.0,100,13500,1,136.2,129,8900,0,0,5687353997,5687353997,5687353997,0,0,0,0,0
2020-05-14,VRNA,Verena Multi Finance Tbk.,--U8---2,135.0,0.0,0.0,0.0,135.0,0.0,0,0,0,136.2,130,100,0,0,5687353997,5687353997,5687353997,0,0,0,0,0
2020-05-13,VRNA,Verena Multi Finance Tbk.,--U8---2,135.0,0.0,0.0,0.0,135.0,0.0,0,0,0,136.2,135,7800,0,0,5687353997,5687353997,5687353997,0,0,0,0,0
2020-05-12,VRNA,Verena Multi Finance Tbk.,--U8---2,135.0,0.0,0.0,0.0,135.0,0.0,0,0,0,136.2,135,9700,0,0,5687353997,5687353997,5687353997,0,0,0,0,0
2020-05-11,VRNA,Verena Multi Finance Tbk.,--U8---2,135.0,0.0,0.0,0.0,135.0,0.0,0,0,0,136.2,135,9700,0,0,5687353997,5687353997,5687353997,0,0,0,0,0
2020-05-08,VRNA,Verena Multi Finance Tbk.,--U8---2,135.0,0.0,0.0,0.0,135.0,0.0,0,0,0,136.2,134,200,0,0,5687353997,5687353997,5687353997,0,0,0,0,0
2020-05-06,VRNA,Verena Multi Finance Tbk.,--U8---2,135.0,0.0,135.0,135.0,135.0,0.0,100,13500,1,136.2,130,2000,0,0,5687353997,5687353997,5687353997,0,0,0,0,0
2020-05-05,VRNA,Verena Multi Finance Tbk.,--U8---2,131.0,0.0,135.0,135.0,135.0,4.0,100,13500,1,136.2,130,2000,0,0,5687353997,5687353997,5687353997,0,0,0,0,0
2020-05-04,VRNA,Verena Multi Finance Tbk.,--U8---2,140.0,0.0,140.0,131.0,131.0,-9.0,200,27100,2,132.2,131,10000,0,0,5687353997,5687353997,5687353997,0,0,0,0,0
2020-04-30,VRNA,Verena Multi Finance Tbk.,--U8---2,140.0,0.0,0.0,0.0,140.0,0.0,0,0,0,141.3,131,9000,0,0,5687353997,5687353997,5687353997,0,0,0,0,0
2020-04-29,VRNA,Verena Multi Finance Tbk.,--U8---2,140.0,0.0,0.0,0.0,140.0,0.0,0,0,0,141.3,131,9200,0,0,5687353997,5687353997,5687353997,0,0,0,0,0
2020-04-28,VRNA,Verena Multi Finance Tbk.,--U8---2,140.0,0.0,0.0,0.0,140.0,0.0,0,0,0,141.3,131,9200,0,0,5687353997,5687353997,5687353997,0,0,0,0,0
2020-04-27,VRNA,Verena Multi Finance Tbk.,--U8---2,140.0,0.0,0.0,0.0,140.0,0.0,0,0,0,141.3,135,10300,0,0,5687353997,5687353997,5687353997,0,0,0,0,0
2020-04-24,VRNA,Verena Multi Finance Tbk.,--U8---2,140.0,0.0,0.0,0.0,140.0,0.0,0,0,0,141.3,131,9000,0,0,5687353997,5687353997,5687353997,0,0,0,0,0
2020-04-23,VRNA,Verena Multi Finance Tbk.,--U8---2,140.0,0.0,0.0,0.0,140.0,0.0,0,0,0,141.3,131,9000,0,0,5687353997,5687353997,5687353997,0,0,0,0,0
2020-04-22,VRNA,Verena Multi Finance Tbk.,--U8---2,140.0,0.0,0.0,0.0,140.0,0.0,0,0,0,141.3,131,9000,0,0,5687353997,5687353997,5687353997,0,0,0,0,0
2020-04-21,VRNA,Verena Multi Finance Tbk.,--U8---2,140.0,0.0,140.0,140.0,140.0,0.0,100,14000,1,141.3,134,9000,0,0,5687353997,5687353997,5687353997,0,0,0,0,0
2020-04-20,VRNA,Verena Multi Finance Tbk.,--U8---2,140.0,0.0,0.0,0.0,140.0,0.0,0,0,0,141.3,131,5000,0,0,5687353997,5687353997,5687353997,0,0,0,0,0
2020-04-17,VRNA,Verena Multi Finance Tbk.,--U8---2,130.0,0.0,140.0,140.0,140.0,10.0,100,14000,1,141.3,130,6000,0,0,5687353997,5687353997,5687353997,0,0,0,0,0
2020-04-16,VRNA,Verena Multi Finance Tbk.,--U8---2,130.0,0.0,130.0,130.0,130.0,0.0,100,13000,1,131.2,129,4900,0,0,5687353997,5687353997,5687353997,0,0,0,0,0
2020-04-15,VRNA,Verena Multi Finance Tbk.,--U8---2,126.0,0.0,130.0,130.0,130.0,4.0,100,13000,1,131.2,129,4000,0,0,5687353997,5687353997,5687353997,0,0,0,0,0
2020-04-14,VRNA,Verena Multi Finance Tbk.,--U8---2,135.0,0.0,145.0,126.0,126.0,-9.0,1200,153100,3,127.1,126,9000,0,0,5687353997,5687353997,5687353997,0,0,0,0,0
2020-04-13,VRNA,Verena Multi Finance Tbk.,--U8---2,135.0,0.0,135.0,135.0,135.0,0.0,100,13500,1,136.2,129,5000,0,0,5687353997,5687353997,5687353997,0,0,0,0,0
2020-04-09,VRNA,Verena Multi Finance Tbk.,--U8---2,135.0,0.0,135.0,135.0,135.0,0.0,100,13500,1,136.2,130,5400,0,0,5687353997,5687353997,5687353997,0,0,0,0,0
2020-04-08,VRNA,Verena Multi Finance Tbk.,--U8---2,135.0,0.0,135.0,135.0,135.0,0.0,100,13500,1,136.2,129,5000,0,0,5687353997,5687353997,5687353997,0,0,0,0,0
2020-04-07,VRNA,Verena Multi Finance Tbk.,--U8---2,140.0,0.0,150.0,135.0,135.0,-5.0,300,42000,2,136.2,135,5100,0,0,5687353997,5687353997,5687353997,0,0,0,0,0
2020-04-06,VRNA,Verena Multi Finance Tbk.,--U8---2,130.0,0.0,140.0,140.0,140.0,10.0,100,14000,1,141.3,130,23700,0,0,5687353997,5687353997,5687353997,0,0,0,0,0
2020-04-03,VRNA,Verena Multi Finance Tbk.,--U8---2,119.0,0.0,130.0,111.0,130.0,11.0,9600,1067500,5,131.2,129,4900,128,200,5687353997,5687353997,5687353997,0,0,0,0,0
2020-04-02,VRNA,Verena Multi Finance Tbk.,--U8---2,119.0,0.0,0.0,0.0,119.0,0.0,0,0,0,120.1,130,9900,0,0,5687353997,5687353997,5687353997,0,0,0,0,0
2020-04-01,VRNA,Verena Multi Finance Tbk.,--U8---2,119.0,0.0,0.0,0.0,119.0,0.0,0,0,0,120.1,120,19400,0,0,5687353997,5687353997,5687353997,0,0,0,0,0
2020-03-31,VRNA,Verena Multi Finance Tbk.,--U8---2,119.0,0.0,0.0,0.0,119.0,0.0,0,0,0,120.1,119,9500,0,0,5687353997,5687353997,5687353997,0,0,0,0,0
2020-03-30,VRNA,Verena Multi Finance Tbk.,--U8---2,119.0,0.0,0.0,0.0,119.0,0.0,0,0,0,120.1,119,100,0,0,5687353997,5687353997,5687353997,0,0,0,0,0
2020-03-27,VRNA,Verena Multi Finance Tbk.,--U8---2,119.0,0.0,0.0,0.0,119.0,0.0,0,0,0,120.1,130,10000,0,0,5687353997,5687353997,5687353997,0,0,0,0,0
2020-03-26,VRNA,Verena Multi Finance Tbk.,--U8---2,119.0,0.0,0.0,0.0,119.0,0.0,0,0,0,120.1,115,47400,111,5000,5687353997,5687353997,5687353997,0,0,0,0,0
2020-03-24,VRNA,Verena Multi Finance Tbk.,--U8---2,119.0,0.0,0.0,0.0,119.0,0.0,0,0,0,120.1,119,200,0,0,5687353997,5687353997,5687353997,0,0,0,0,0
2020-03-23,VRNA,Verena Multi Finance Tbk.,--U8---2,119.0,0.0,0.0,0.0,119.0,0.0,0,0,0,120.1,119,9400,0,0,5687353997,5687353997,5687353997,0,0,0,0,0
2020-03-20,VRNA,Verena Multi Finance Tbk.,--U8---2,119.0,0.0,0.0,0.0,119.0,0.0,0,0,0,120.1,119,12600,0,0,5687353997,5687353997,5687353997,0,0,0,0,0
2020-03-19,VRNA,Verena Multi Finance Tbk.,--U8---2,119.0,0.0,0.0,0.0,119.0,0.0,0,0,0,120.1,118,10000,0,0,5687353997,5687353997,5687353997,0,0,0,0,0
2020-03-18,VRNA,Verena Multi Finance Tbk.,--U8---2,119.0,0.0,119.0,119.0,119.0,0.0,600,71400,2,120.1,119,9400,0,0,5687353997,5687353997,5687353997,0,0,0,0,0
2020-03-17,VRNA,Verena Multi Finance Tbk.,--U8---2,119.0,0.0,0.0,0.0,119.0,0.0,0,0,0,120.1,129,5000,0,0,5687353997,5687353997,5687353997,0,0,0,0,0
2020-03-16,VRNA,Verena Multi Finance Tbk.,--U8---2,119.0,0.0,0.0,0.0,119.0,0.0,0,0,0,120.1,129,5000,0,0,5687353997,5687353997,5687353997,0,0,0,0,0
2020-03-13,VRNA,Verena Multi Finance Tbk.,--U8---2,119.0,0.0,0.0,0.0,119.0,0.0,0,0,0,120.1,118,200,0,0,5687353997,5687353997,5687353997,0,0,0,0,0
2020-03-12,VRNA,Verena Multi Finance Tbk.,--U8---2,119.0,0.0,0.0,0.0,119.0,0.0,0,0,0,120.1,119,200,111,200,5687353997,5687353997,5687353997,0,0,0,0,0
2020-03-11,VRNA,Verena Multi Finance Tbk.,--U8---2,119.0,0.0,0.0,0.0,119.0,0.0,0,0,0,120.1,125,2000,0,0,5687353997,5687353997,5687353997,0,0,0,0,0
2020-03-10,VRNA,Verena Multi Finance Tbk.,--U8---2,119.0,0.0,0.0,0.0,119.0,0.0,0,0,0,120.1,119,1500,0,0,5687353997,5687353997,5687353997,0,0,0,0,0
2020-03-09,VRNA,Verena Multi Finance Tbk.,--U8---2,119.0,0.0,0.0,0.0,119.0,0.0,0,0,0,120.1,125,17200,85,500,5687353997,5687353997,5687353997,0,0,0,0,0
2020-03-06,VRNA,Verena Multi Finance Tbk.,--U8---2,119.0,0.0,119.0,119.0,119.0,0.0,700,83300,2,120.1,119,200,86,1000,5687353997,5687353997,5687353997,0,0,0,0,0
2020-03-05,VRNA,Verena Multi Finance Tbk.,--U8---2,119.0,0.0,125.0,119.0,119.0,0.0,1300,160700,3,120.1,125,67300,119,700,5687353997,5687353997,5687353997,0,0,0,0,0
2020-03-04,VRNA,Verena Multi Finance Tbk.,--U8---2,96.0,0.0,119.0,119.0,119.0,23.0,100,11900,1,120.1,119,200,99,100,5687353997,5687353997,5687353997,0,0,0,0,0
2020-03-03,VRNA,Verena Multi Finance Tbk.,--U8---2,120.0,0.0,116.0,96.0,96.0,-24.0,400,41400,4,96.9,110,100,86,100,5687353997,5687353997,5687353997,0,0,0,0,0
2020-03-02,VRNA,Verena Multi Finance Tbk.,--U8---2,120.0,0.0,120.0,120.0,120.0,0.0,100,12000,1,121.1,118,300,81,5500,5687353997,5687353997,5687353997,0,0,0,0,0
2020-02-28,VRNA,Verena Multi Finance Tbk.,--U8---2,100.0,0.0,120.0,110.0,120.0,20.0,7600,874000,13,121.1,120,5700,111,100,5687353997,5687353997,5687353997,0,0,0,0,0
2020-02-27,VRNA,Verena Multi Finance Tbk.,--U8---2,75.0,0.0,100.0,90.0,100.0,25.0,2600,244000,6,100.9,0,0,100,1500,5687353997,5687353997,5687353997,0,0,0,0,0
2020-02-26,VRNA,Verena Multi Finance Tbk.,--U8---2,100.0,0.0,92.0,72.0,75.0,-25.0,1000,80300,5,75.7,124,400,90,1000,5687353997,5687353997,5687353997,0,0,0,0,0
2020-02-25,VRNA,Verena Multi Finance Tbk.,--U8---2,130.0,0.0,100.0,100.0,100.0,-30.0,100,10000,1,100.9,129,100,105,100,5687353997,5687353997,5687353997,0,0,0,0,0
2020-02-24,VRNA,Verena Multi Finance Tbk.,--U8---2,130.0,0.0,0.0,0.0,130.0,0.0,0,0,0,131.2,129,100,100,1000,5687353997,5687353997,5687353997,0,0,0,0,0
2020-02-21,VRNA,Verena Multi Finance Tbk.,--U8---2,130.0,0.0,0.0,0.0,130.0,0.0,0,0,0,131.2,130,1300,100,1000,5687353997,5687353997,5687353997,0,0,0,0,0
2020-02-20,VRNA,Verena Multi Finance Tbk.,--U8---2,130.0,0.0,0.0,0.0,130.0,0.0,0,0,0,131.2,130,1700,100,1000,5687353997,5687353997,5687353997,0,0,0,0,0
2020-02-19,VRNA,Verena Multi Finance Tbk.,--U8---2,130.0,0.0,0.0,0.0,130.0,0.0,0,0,0,131.2,130,2900,100,1000,5687353997,5687353997,5687353997,0,0,0,0,0
2020-02-18,VRNA,Verena Multi Finance Tbk.,--U8---2,130.0,0.0,0.0,0.0,130.0,0.0,0,0,0,131.2,129,200,100,1000,5687353997,5687353997,5687353997,0,0,0,0,0
2020-02-17,VRNA,Verena Multi Finance Tbk.,--U8---2,130.0,0.0,130.0,130.0,130.0,0.0,200,26000,2,131.2,120,100,100,1000,5687353997,5687353997,5687353997,0,0,0,0,0
2020-02-14,VRNA,Verena Multi Finance Tbk.,--U8---2,130.0,0.0,0.0,0.0,130.0,0.0,0,0,0,131.2,125,100,100,1000,5687353997,5687353997,5687353997,0,0,0,0,0
2020-02-13,VRNA,Verena Multi Finance Tbk.,--U8---2,130.0,0.0,130.0,130.0,130.0,0.0,2200,286000,1,131.2,129,100,0,0,5687353997,5687353997,5687353997,0,0,0,0,0
2020-02-12,VRNA,Verena Multi Finance Tbk.,--U8---2,130.0,0.0,0.0,0.0,130.0,0.0,0,0,0,131.2,130,3500,100,1000,5687353997,5687353997,5687353997,0,0,0,0,0
2020-02-11,VRNA,Verena Multi Finance Tbk.,--U8---2,130.0,0.0,0.0,0.0,130.0,0.0,0,0,0,131.2,130,5500,100,1000,5687353997,5687353997,5687353997,0,0,0,0,0
2020-02-10,VRNA,Verena Multi Finance Tbk.,--U8---2,130.0,0.0,0.0,0.0,130.0,0.0,0,0,0,131.2,130,3500,100,500,5687353997,5687353997,5687353997,0,0,0,0,0
2020-02-07,VRNA,Verena Multi Finance Tbk.,--U8---2,130.0,0.0,130.0,130.0,130.0,0.0,7800,1014000,1,131.2,130,3500,0,0,5687353997,5687353997,5687353997,0,0,0,0,0
2020-02-06,VRNA,Verena Multi Finance Tbk.,--U8---2,130.0,0.0,0.0,0.0,130.0,0.0,0,0,0,131.2,129,100,100,1000,5687353997,5687353997,5687353997,0,0,0,0,0
2020-02-05,VRNA,Verena Multi Finance Tbk.,--U8---2,130.0,0.0,0.0,0.0,130.0,0.0,0,0,0,131.2,135,100,100,1000,5687353997,5687353997,5687353997,0,0,0,0,0
2020-02-04,VRNA,Verena Multi Finance Tbk.,--U8---2,130.0,0.0,0.0,0.0,130.0,0.0,0,0,0,131.2,125,100,100,200,5687353997,5687353997,5687353997,0,0,0,0,0
2020-02-03,VRNA,Verena Multi Finance Tbk.,--U8---2,130.0,0.0,0.0,0.0,130.0,0.0,0,0,0,131.2,130,11400,100,50300,5687353997,5687353997,5687353997,0,0,0,0,0
2020-01-31,VRNA,Verena Multi Finance Tbk.,--U8---2,130.0,0.0,0.0,0.0,130.0,0.0,0,0,0,131.2,130,11300,100,200,5687353997,5687353997,5687353997,0,0,0,0,0
2020-01-30,VRNA,Verena Multi Finance Tbk.,--U8---2,130.0,0.0,0.0,0.0,130.0,0.0,0,0,0,131.2,130,11300,87,3000,5687353997,5687353997,5687353997,0,0,0,0,0
2020-01-29,VRNA,Verena Multi Finance Tbk.,--U8---2,130.0,0.0,130.0,130.0,130.0,0.0,100,13000,1,131.2,130,11300,0,0,5687353997,5687353997,5687353997,0,0,0,0,0
2020-01-28,VRNA,Verena Multi Finance Tbk.,--U8---2,125.0,0.0,130.0,128.0,130.0,5.0,50000,6497600,2,131.2,130,11400,0,0,5687353997,5687353997,5687353997,0,0,0,0,0
2020-01-27,VRNA,Verena Multi Finance Tbk.,--U8---2,125.0,0.0,0.0,0.0,125.0,0.0,0,0,0,126.1,130,1200,100,200,5687353997,5687353997,5687353997,0,0,0,0,0
2020-01-24,VRNA,Verena Multi Finance Tbk.,--U8---2,125.0,0.0,0.0,0.0,125.0,0.0,0,0,0,126.1,130,61400,0,0,5687353997,5687353997,5687353997,0,0,0,0,0
2020-01-23,VRNA,Verena Multi Finance Tbk.,--U8---2,125.0,0.0,0.0,0.0,125.0,0.0,0,0,0,126.1,135,61400,90,1000,5687353997,5687353997,5687353997,0,0,0,0,0
2020-01-22,VRNA,Verena Multi Finance Tbk.,--U8---2,125.0,0.0,0.0,0.0,125.0,0.0,0,0,0,126.1,130,60200,101,400,5687353997,5687353997,5687353997,0,0,0,0,0
2020-01-21,VRNA,Verena Multi Finance Tbk.,--U8---2,125.0,0.0,0.0,0.0,125.0,0.0,0,0,0,126.1,130,60200,90,1000,5687353997,5687353997,5687353997,0,0,0,0,0
2020-01-20,VRNA,Verena Multi Finance Tbk.,--U8---2,125.0,0.0,0.0,0.0,125.0,0.0,0,0,0,126.1,120,1100,100,1000,5687353997,5687353997,5687353997,0,0,0,0,0
2020-01-17,VRNA,Verena Multi Finance Tbk.,--U8---2,125.0,0.0,0.0,0.0,125.0,0.0,0,0,0,126.1,135,1700,100,300,5687353997,5687353997,5687353997,0,0,0,0,0
2020-01-16,VRNA,Verena Multi Finance Tbk.,--U8---2,125.0,0.0,0.0,0.0,125.0,0.0,0,0,0,126.1,120,100,86,2000,5687353997,5687353997,5687353997,0,0,0,0,0
2020-01-15,VRNA,Verena Multi Finance Tbk.,--U8---2,138.0,0.0,128.0,101.0,125.0,-13.0,1400,172900,4,126.1,125,3000,100,1000,5687353997,5687353997,5687353997,0,0,0,0,0
2020-01-14,VRNA,Verena Multi Finance Tbk.,--U8---2,138.0,0.0,0.0,0.0,138.0,0.0,0,0,0,139.2,135,60200,100,1000,5687353997,5687353997,5687353997,0,0,0,0,0
2020-01-13,VRNA,Verena Multi Finance Tbk.,--U8---2,140.0,0.0,138.0,138.0,138.0,-2.0,200,27600,1,139.2,139,13600,100,1000,5687353997,5687353997,5687353997,0,0,0,0,0
2020-01-10,VRNA,Verena Multi Finance Tbk.,--U8---2,140.0,0.0,0.0,0.0,140.0,0.0,0,0,0,141.3,138,200,101,1000,5687353997,5687353997,5687353997,0,0,0,0,0
2020-01-09,VRNA,Verena Multi Finance Tbk.,--U8---2,140.0,0.0,0.0,0.0,140.0,0.0,0,0,0,141.3,140,12000,98,500,5687353997,5687353997,5687353997,0,0,0,0,0
2020-01-08,VRNA,Verena Multi Finance Tbk.,--U8---2,140.0,0.0,0.0,0.0,140.0,0.0,0,0,0,141.3,140,63200,110,300,5687353997,5687353997,5687353997,0,0,0,0,0
2020-01-07,VRNA,Verena Multi Finance Tbk.,--U8---2,140.0,0.0,0.0,0.0,140.0,0.0,0,0,0,141.3,140,63700,100,1000,5687353997,5687353997,5687353997,0,0,0,0,0
2020-01-06,VRNA,Verena Multi Finance Tbk.,--U8---2,140.0,0.0,140.0,140.0,140.0,0.0,100,14000,1,141.3,140,60800,100,50000,5687353997,5687353997,5687353997,0,0,0,0,0
2020-01-03,VRNA,Verena Multi Finance Tbk.,--U8---2,140.0,0.0,0.0,0.0,140.0,0.0,0,0,0,141.3,140,60200,131,100,5687353997,5687353997,5687353997,0,0,0,0,0
2020-01-02,VRNA,Verena Multi Finance Tbk.,--U8---2,140.0,0.0,0.0,0.0,140.0,0.0,0,0,0,141.3,139,100,131,100,5687353997,5687353997,5687353997,0,0,0,0,0
