Date,Ticker,Name,Remarks,Previous,Open,High,Low,Close,Change,Volume,Value,Frequency,IndexIndividual,Offer,OfferVolume,Bid,BidVolume,ListedShares,TradebleShares,WeightForIndex,ForeignSell,ForeignBuy,NonRegularVolume,NonRegularValue,NonRegularFrequency
2026-03-12,PUDP,Pudjiadi Prestige Tbk.,--UO2100000000H111------------,292,0,316,286,290,-2,104800,30651800,86,72.3,292,6200,290,15000,659120000,659120000,64593760,0,0,0,0,0
2026-03-11,PUDP,Pudjiadi Prestige Tbk.,--UO2100000000H111------------,302,0,320,292,292,-10,120300,35926200,80,72.8,292,22000,290,2100,659120000,659120000,64593760,1400,0,0,0,0
2026-03-10,PUDP,Pudjiadi Prestige Tbk.,--UO2100000000H111------------,288,0,320,282,302,14,53400,15937800,75,75.3,302,1000,294,2300,659120000,659120000,64593760,200,0,0,0,0
2026-03-09,PUDP,Pudjiadi Prestige Tbk.,--UO2100000000H111------------,316,0,312,270,288,-28,379900,106730800,193,71.8,286,4800,282,13000,659120000,659120000,64593760,1300,0,0,0,0
2026-03-06,PUDP,Pudjiadi Prestige Tbk.,--UO2100000000H111------------,320,334,334,300,316,-4,1605700,504706400,243,78.8,316,25300,306,2000,659120000,659120000,64593760,96300,0,0,0,0
2026-03-05,PUDP,Pudjiadi Prestige Tbk.,--UO2100000000H111------------,300,0,348,302,320,20,1579000,512436800,417,79.8,334,3000,320,7600,659120000,659120000,64593760,37800,0,0,0,0
2026-03-04,PUDP,Pudjiadi Prestige Tbk.,--UO2100000000H111------------,320,320,350,300,300,-20,2053600,650488600,255,74.8,318,12200,300,9800,659120000,659120000,64593760,0,0,0,0,0
2026-03-03,PUDP,Pudjiadi Prestige Tbk.,--UO2100000000H111------------,358,0,358,316,320,-38,841700,283002000,276,79.8,326,1000,320,700,659120000,659120000,64593760,16400,0,0,0,0
2026-03-02,PUDP,Pudjiadi Prestige Tbk.,--UO2100000000H111------------,390,386,386,350,358,-32,727100,264886600,279,89.3,358,50800,356,400,659120000,659120000,64593760,9800,0,0,0,0
2026-02-27,PUDP,Pudjiadi Prestige Tbk.,--UO2100000000H111------------,404,404,404,384,390,-14,468800,183391400,141,97.3,396,1300,390,35600,659120000,659120000,64593760,3300,0,0,0,0
2026-02-26,PUDP,Pudjiadi Prestige Tbk.,--UO2100000000H111------------,408,0,410,402,404,-4,111800,45282600,72,100.8,404,2200,402,2200,659120000,659120000,64593760,0,0,0,0,0
2026-02-25,PUDP,Pudjiadi Prestige Tbk.,--UO2100000000H111------------,408,0,416,396,408,0,1510700,614746400,322,101.8,414,30100,408,1000,659120000,659120000,64593760,2500,0,0,0,0
2026-02-24,PUDP,Pudjiadi Prestige Tbk.,--UO2100000000H111------------,428,422,432,404,408,-20,1166600,484963800,324,101.8,414,10800,408,2800,659120000,659120000,64593760,19100,0,0,0,0
2026-02-23,PUDP,Pudjiadi Prestige Tbk.,--UO2100000000H111------------,420,414,436,414,428,8,558000,237002800,131,106.8,428,7700,418,300,659120000,659120000,64593760,0,0,0,0,0
2026-02-20,PUDP,Pudjiadi Prestige Tbk.,--UO2100000000H111------------,424,424,426,418,420,-4,48700,20428200,51,104.8,422,8900,420,17200,659120000,659120000,64593760,5200,0,0,0,0
2026-02-19,PUDP,Pudjiadi Prestige Tbk.,--UO2100000000H111------------,430,432,432,414,424,-6,356100,150005600,161,105.8,426,100,424,200,659120000,659120000,64593760,3900,0,0,0,0
2026-02-18,PUDP,Pudjiadi Prestige Tbk.,--UO2100000000H111------------,436,442,442,430,430,-6,155800,67596600,137,107.3,430,6300,428,1500,659120000,659120000,64593760,0,0,0,0,0
2026-02-13,PUDP,Pudjiadi Prestige Tbk.,--UO2100000000H111------------,428,428,448,428,436,8,1795200,785443000,284,108.8,442,300,436,5100,659120000,659120000,64593760,1000,0,0,0,0
2026-02-12,PUDP,Pudjiadi Prestige Tbk.,--UO2100000000H111------------,424,430,440,410,428,4,1741800,745070200,364,106.8,430,8400,428,7100,659120000,659120000,64593760,0,0,0,0,0
2026-02-11,PUDP,Pudjiadi Prestige Tbk.,--UO2100000000H111------------,410,426,438,412,424,14,1167000,497380000,300,105.8,426,600,424,3700,659120000,659120000,64593760,2100,193200,0,0,0
2026-02-10,PUDP,Pudjiadi Prestige Tbk.,--UO2100000000H111------------,416,0,428,408,410,-6,1334600,555737000,310,102.3,412,900,410,4700,659120000,659120000,64593760,1800,225100,0,0,0
2026-02-09,PUDP,Pudjiadi Prestige Tbk.,--UO2100000000H111------------,400,400,420,398,416,16,1856000,761096000,330,103.8,414,2600,402,1700,659120000,659120000,64593760,0,0,0,0,0
2026-02-06,PUDP,Pudjiadi Prestige Tbk.,--UO2100000000H111------------,422,414,446,392,400,-22,1412000,580854000,600,99.8,408,16800,400,1900,659120000,659120000,64593760,52500,61100,0,0,0
2026-02-05,PUDP,Pudjiadi Prestige Tbk.,--UO2100000000H111------------,394,398,482,398,422,28,1875900,806126400,1024,105.3,422,38500,420,5900,659120000,659120000,64593760,182900,3600,0,0,0
2026-02-04,PUDP,Pudjiadi Prestige Tbk.,--UO2100000000H111------------,410,0,414,390,394,-16,1022200,413871600,245,98.3,406,2500,394,17000,659120000,659120000,64593760,0,62400,0,0,0
2026-02-03,PUDP,Pudjiadi Prestige Tbk.,--UO2100000000H111------------,398,396,430,348,410,12,1176900,465678000,423,102.3,418,13200,410,7900,659120000,659120000,64593760,0,32400,0,0,0
2026-02-02,PUDP,Pudjiadi Prestige Tbk.,--UO2100000000H111------------,434,432,432,384,398,-36,507700,201786800,235,99.3,398,310400,396,2100,659120000,659120000,64593760,800,0,0,0,0
2026-01-30,PUDP,Pudjiadi Prestige Tbk.,--UO2100000000H111------------,404,404,436,398,434,30,319000,132062400,225,108.3,436,3300,424,100,659120000,659120000,64593760,500,46100,0,0,0
2026-01-29,PUDP,Pudjiadi Prestige Tbk.,--UO2100000000H111------------,420,418,418,358,404,-16,813000,305887400,446,100.8,404,10400,392,5000,659120000,659120000,64593760,3300,134200,0,0,0
2026-01-28,PUDP,Pudjiadi Prestige Tbk.,--UO2100000000H111------------,486,486,486,418,420,-66,1185800,514352400,513,104.8,420,3400,418,20600,659120000,659120000,64593760,1900,116300,0,0,0
2026-01-27,PUDP,Pudjiadi Prestige Tbk.,--UO2100000000H111------------,498,496,505,444,486,-12,1132500,539350000,708,121.2,486,4700,482,7500,659120000,659120000,64593760,0,97900,0,0,0
2026-01-26,PUDP,Pudjiadi Prestige Tbk.,--UO2100000000H111------------,585,510,535,498,498,-87,5770200,2933751300,1929,124.2,498,188000,0,0,659120000,659120000,64593760,0,786700,0,0,0
2026-01-23,PUDP,Pudjiadi Prestige Tbk.,--UO2100000000H111------------,685,645,645,585,585,-100,5337700,3198071500,1618,145.9,585,3790400,0,0,659120000,659120000,64593760,74100,296500,0,0,0
2026-01-22,PUDP,Pudjiadi Prestige Tbk.,--UO2100000000H111------------,550,610,685,505,685,135,17149800,10895350000,6106,170.9,0,0,685,2294500,659120000,659120000,64593760,1612000,1123400,0,0,0
2026-01-21,PUDP,Pudjiadi Prestige Tbk.,--UO2100000000H111------------,442,444,550,444,550,108,6459500,3300647700,2372,137.2,0,0,550,2449900,659120000,659120000,64593760,330700,422400,0,0,0
2026-01-20,PUDP,Pudjiadi Prestige Tbk.,--UO2100000000H111------------,442,0,448,430,442,0,346000,151640200,228,110.3,444,5100,440,1004600,659120000,659120000,64593760,1400,35800,0,0,0
2026-01-19,PUDP,Pudjiadi Prestige Tbk.,--UO2100000000H111------------,440,440,448,428,442,2,327200,142178200,268,110.3,442,2000,440,1700,659120000,659120000,64593760,1000,24400,0,0,0
2026-01-15,PUDP,Pudjiadi Prestige Tbk.,--UO2100000000H111------------,438,444,456,430,440,2,570100,250193600,373,109.8,442,14100,440,9300,659120000,659120000,64593760,1800,2000,0,0,0
2026-01-14,PUDP,Pudjiadi Prestige Tbk.,--UO2100000000H111------------,478,480,480,412,438,-40,2324500,1030325800,948,109.3,442,200,438,176700,659120000,659120000,64593760,220400,117700,0,0,0
2026-01-13,PUDP,Pudjiadi Prestige Tbk.,--UO2100000000H111------------,490,492,494,472,478,-12,510300,246422200,325,119.2,478,63100,472,52300,659120000,659120000,64593760,64900,0,0,0,0
2026-01-12,PUDP,Pudjiadi Prestige Tbk.,--UO2100000000H111------------,480,482,515,482,490,10,1770200,876175600,610,122.2,494,5000,490,14700,659120000,659120000,64593760,0,286500,0,0,0
2026-01-09,PUDP,Pudjiadi Prestige Tbk.,--UO2100000000H111------------,470,474,496,470,480,10,746300,359714400,451,119.7,482,75500,480,1700,659120000,659120000,64593760,23400,121500,0,0,0
2026-01-08,PUDP,Pudjiadi Prestige Tbk.,--UO2100000000H111------------,476,476,498,468,470,-6,762400,365080800,469,117.2,474,800,470,62700,659120000,659120000,64593760,38500,20700,0,0,0
2026-01-07,PUDP,Pudjiadi Prestige Tbk.,--UO2100000000H111------------,498,0,510,472,476,-22,3089000,1490022400,1157,118.7,480,38700,476,12400,659120000,659120000,64593760,25200,4000,0,0,0
2026-01-06,PUDP,Pudjiadi Prestige Tbk.,--UO2100000000H111------------,510,500,515,490,498,-12,1326500,664253000,541,124.2,500,10800,498,123000,659120000,659120000,64593760,0,155500,0,0,0
2026-01-05,PUDP,Pudjiadi Prestige Tbk.,--UO2100000000H111------------,525,525,550,498,510,-15,4374200,2254526600,1264,127.2,510,2500,505,249700,659120000,659120000,64593760,286100,184000,0,0,0
2026-01-02,PUDP,Pudjiadi Prestige Tbk.,--UO2100000000H111------------,570,565,565,490,525,-45,5534700,2876725900,2767,131.0,525,6100,520,9800,659120000,659120000,64593760,0,112100,0,0,0
2025-12-30,PUDP,Pudjiadi Prestige Tbk.,--UO2100000000H111------------,665,660,700,570,570,-95,7345800,4375121000,2785,142.2,570,155300,0,0,659120000,659120000,64593760,101800,91500,0,0,0
2025-12-29,PUDP,Pudjiadi Prestige Tbk.,--UO2100000000H111------------,780,780,780,665,665,-115,5954100,3991976500,2406,165.9,665,82300,0,0,659120000,659120000,64593760,44900,55200,0,0,0
2025-12-24,PUDP,Pudjiadi Prestige Tbk.,--UO2100000000H111------------,725,710,900,630,780,55,5898000,4620965000,3348,194.6,780,29500,760,400,659120000,659120000,64593760,155200,138000,0,0,0
2025-12-23,PUDP,Pudjiadi Prestige Tbk.,--UO2100000000H111------------,850,790,790,725,725,-125,396100,295535500,294,180.9,725,1276900,0,0,659120000,659120000,64593760,0,11900,0,0,0
2025-12-22,PUDP,Pudjiadi Prestige Tbk.,--UO2100000000H111------------,995,965,965,850,850,-145,762700,665902000,396,212.0,850,1599300,0,0,659120000,659120000,64593760,0,0,0,0,0
2025-12-19,PUDP,Pudjiadi Prestige Tbk.,--UO2100000000H111------------,1105,1215,1215,960,995,-110,1184100,1220894000,864,248.2,995,9900,965,2400,659120000,659120000,64593760,45100,49700,0,0,0
2025-12-18,PUDP,Pudjiadi Prestige Tbk.,--U-4100000000H111-----------X,1130,0,1125,1105,1105,-25,147600,164122500,97,275.6,1110,100,1105,11000,659120000,659120000,64593760,0,0,0,0,0
2025-12-17,PUDP,Pudjiadi Prestige Tbk.,--U-4100000000H111-----------X,1130,0,1130,1130,1130,0,76900,86897000,63,281.9,1130,23800,1125,1000,659120000,659120000,64593760,0,0,0,0,0
2025-12-16,PUDP,Pudjiadi Prestige Tbk.,--U-4100000000H111-----------X,1130,0,1200,1130,1130,0,126200,147443000,66,281.9,1130,41000,1125,2000,659120000,659120000,64593760,0,0,0,0,0
2025-12-15,PUDP,Pudjiadi Prestige Tbk.,--U-4100000000H111-----------X,1190,0,1285,1130,1130,-60,171900,206817000,95,281.9,1140,200,1130,4300,659120000,659120000,64593760,0,0,0,0,0
2025-12-12,PUDP,Pudjiadi Prestige Tbk.,--U-4100000000H111-----------X,1115,0,1190,1115,1190,75,398000,462947500,156,296.8,1190,31200,1115,4800,659120000,659120000,64593760,0,0,0,0,0
2025-12-11,PUDP,Pudjiadi Prestige Tbk.,--U-4100000000H111-----------X,1235,0,1130,1115,1115,-120,406800,457997500,140,278.1,1115,55300,0,0,659120000,659120000,64593760,0,0,0,0,0
2025-12-10,PUDP,Pudjiadi Prestige Tbk.,--U-4100000000H111-----------X,1370,0,1500,1235,1235,-135,477000,695554000,189,308.1,1235,180600,0,0,659120000,659120000,64593760,0,2000,0,0,0
2025-12-09,PUDP,Pudjiadi Prestige Tbk.,--UO2100000000H111------------,1370,0,0,0,1370,0,0,0,0,341.8,0,0,0,0,659120000,659120000,64593760,0,0,0,0,0
2025-12-08,PUDP,Pudjiadi Prestige Tbk.,--UO2100000000H111------------,1370,0,0,0,1370,0,0,0,0,341.8,0,0,0,0,659120000,659120000,64593760,0,0,0,0,0
2025-12-05,PUDP,Pudjiadi Prestige Tbk.,--UO2100000000H111------------,1370,0,0,0,1370,0,0,0,0,341.8,0,0,0,0,659120000,659120000,64593760,0,0,0,0,0
2025-12-04,PUDP,Pudjiadi Prestige Tbk.,--UO2100000000H111------------,1370,0,0,0,1370,0,0,0,0,341.8,0,0,0,0,659120000,659120000,64593760,0,0,0,0,0
2025-12-03,PUDP,Pudjiadi Prestige Tbk.,--UO2100000000H111------------,1370,0,0,0,1370,0,0,0,0,341.8,0,0,0,0,659120000,659120000,64593760,0,0,0,0,0
2025-12-02,PUDP,Pudjiadi Prestige Tbk.,--UO2100000000H111------------,1370,0,0,0,1370,0,0,0,0,341.8,0,0,0,0,659120000,659120000,64593760,0,0,0,0,0
2025-12-01,PUDP,Pudjiadi Prestige Tbk.,--UO2100000000H111------------,1370,0,0,0,1370,0,0,0,0,341.8,0,0,0,0,659120000,659120000,64593760,0,0,0,0,0
2025-11-28,PUDP,Pudjiadi Prestige Tbk.,--UO2100000000H111------------,1370,0,0,0,1370,0,0,0,0,341.8,0,0,0,0,659120000,659120000,64593760,0,0,30,41100,1
2025-11-27,PUDP,Pudjiadi Prestige Tbk.,--UO2100000000H111------------,1370,0,0,0,1370,0,0,0,0,341.8,0,0,0,0,659120000,659120000,64593760,0,0,0,0,0
2025-11-26,PUDP,Pudjiadi Prestige Tbk.,--UO2100000000H111------------,1370,0,0,0,1370,0,0,0,0,341.8,0,0,0,0,659120000,659120000,64593760,0,0,0,0,0
2025-11-25,PUDP,Pudjiadi Prestige Tbk.,--UO2100000000H111------------,1370,0,0,0,1370,0,0,0,0,341.8,0,0,0,0,659120000,659120000,64593760,0,0,0,0,0
2025-11-24,PUDP,Pudjiadi Prestige Tbk.,--UO2100000000H111------------,1370,0,0,0,1370,0,0,0,0,341.8,0,0,0,0,659120000,659120000,64593760,0,0,0,0,0
2025-11-22,PUDP,Pudjiadi Prestige Tbk.,--UO2100000000H111------------,316,0,312,270,288,-28,379900,106730800,193,71.8,286,4800,282,13000,659120000,659120000,64593760,1300,0,0,0,0
2025-11-21,PUDP,Pudjiadi Prestige Tbk.,--UO2100000000H111------------,1280,1280,1500,1265,1370,90,962300,1333431000,944,341.8,1370,17400,1365,200,659120000,659120000,64593760,12000,12700,0,0,0
2025-11-20,PUDP,Pudjiadi Prestige Tbk.,--UO2100000000H111------------,1065,1005,1330,985,1280,215,1130300,1388521500,1118,319.3,1280,85300,1255,3900,659120000,659120000,64593760,16800,8800,0,0,0
2025-11-19,PUDP,Pudjiadi Prestige Tbk.,--UO2100000000H111------------,1055,1060,1090,965,1065,10,461500,471218000,530,265.7,1065,15500,1060,10000,659120000,659120000,64593760,23600,0,0,0,0
2025-11-18,PUDP,Pudjiadi Prestige Tbk.,--UO2100000000H111------------,930,930,1070,840,1055,125,775500,759375500,828,263.2,1060,100,1055,141200,659120000,659120000,64593760,32700,54800,0,0,0
2025-11-17,PUDP,Pudjiadi Prestige Tbk.,--UO2100000000H111------------,1090,1115,1120,930,930,-160,679200,686112500,805,232.0,930,37200,0,0,659120000,659120000,64593760,23700,8200,0,0,0
2025-11-14,PUDP,Pudjiadi Prestige Tbk.,--UO2100000000H111------------,1045,1045,1165,960,1090,45,994800,1033654500,933,271.9,1090,52000,1055,100,659120000,659120000,64593760,37300,15800,0,0,0
2025-11-13,PUDP,Pudjiadi Prestige Tbk.,--UO2100000000H111------------,910,895,1050,840,1045,135,918900,846238000,631,260.7,1045,14400,1030,10000,659120000,659120000,64593760,2300,23800,0,0,0
2025-11-12,PUDP,Pudjiadi Prestige Tbk.,--UO2100000000H111------------,730,720,910,670,910,180,1945600,1561147000,1418,227.0,910,55000,905,53000,659120000,659120000,64593760,69700,53000,0,0,0
2025-11-11,PUDP,Pudjiadi Prestige Tbk.,--UO2100000000H111------------,740,755,925,725,730,-10,3011200,2599215500,2295,182.1,740,3700,730,49300,659120000,659120000,64593760,49700,77000,0,0,0
2025-11-10,PUDP,Pudjiadi Prestige Tbk.,--U-4100000000H111-----------X,710,0,755,720,740,30,117000,86239000,84,184.6,745,21800,740,32500,659120000,659120000,64593760,0,0,0,0,0
2025-11-07,PUDP,Pudjiadi Prestige Tbk.,--U-4100000000H111-----------X,710,0,735,710,710,0,118300,84878000,73,177.1,715,200,710,12600,659120000,659120000,64593760,0,0,0,0,0
2025-11-06,PUDP,Pudjiadi Prestige Tbk.,--U-4100000000H111-----------X,740,0,730,705,710,-30,82800,58654000,70,177.1,710,2800,705,2000,659120000,659120000,64593760,0,0,0,0,0
2025-11-05,PUDP,Pudjiadi Prestige Tbk.,--U-4100000000H111-----------X,695,0,740,635,740,45,257400,180716000,144,184.6,740,23600,710,12000,659120000,659120000,64593760,0,0,0,0,0
2025-11-04,PUDP,Pudjiadi Prestige Tbk.,--U-4100000000H111-----------X,770,0,780,695,695,-75,698900,526263000,242,173.4,695,29100,0,0,659120000,659120000,64593760,0,0,0,0,0
2025-11-03,PUDP,Pudjiadi Prestige Tbk.,--U-4100000000H111-----------X,855,0,770,770,770,-85,17200,13244000,32,192.1,770,316000,0,0,659120000,659120000,64593760,0,0,0,0,0
2025-10-31,PUDP,Pudjiadi Prestige Tbk.,--U-4100000000H111-----------X,945,0,885,855,855,-90,38000,32823000,41,213.3,855,279000,0,0,659120000,659120000,64593760,0,0,0,0,0
2025-10-30,PUDP,Pudjiadi Prestige Tbk.,--UO2100000000H111------------,945,0,0,0,945,0,0,0,0,235.7,0,0,0,0,659120000,659120000,64593760,0,0,0,0,0
2025-10-29,PUDP,Pudjiadi Prestige Tbk.,--UO2100000000H111------------,945,0,0,0,945,0,0,0,0,235.7,0,0,0,0,659120000,659120000,64593760,0,0,0,0,0
2025-10-28,PUDP,Pudjiadi Prestige Tbk.,--UO2100000000H111------------,945,0,0,0,945,0,0,0,0,235.7,0,0,0,0,659120000,659120000,64593760,0,0,0,0,0
2025-10-27,PUDP,Pudjiadi Prestige Tbk.,--UO2100000000H111------------,945,0,0,0,945,0,0,0,0,235.7,0,0,0,0,659120000,659120000,64593760,0,0,0,0,0
2025-10-24,PUDP,Pudjiadi Prestige Tbk.,--UO2100000000H111------------,945,0,0,0,945,0,0,0,0,235.7,0,0,0,0,659120000,659120000,64593760,0,0,0,0,0
2025-10-23,PUDP,Pudjiadi Prestige Tbk.,--UO2100000000H111------------,825,825,1005,815,945,120,1733600,1617171500,1335,235.7,945,58400,940,3100,659120000,659120000,64593760,30900,34100,0,0,0
2025-10-22,PUDP,Pudjiadi Prestige Tbk.,--UO2100000000H111------------,680,680,850,655,825,145,1416400,1129694500,1138,205.8,825,143000,820,5000,659120000,659120000,64593760,50400,57900,0,0,0
2025-10-21,PUDP,Pudjiadi Prestige Tbk.,--UO2100000000H111------------,795,795,795,680,680,-115,883300,625944000,840,169.6,700,5900,680,2500,659120000,659120000,64593760,45300,34700,0,0,0
2025-10-20,PUDP,Pudjiadi Prestige Tbk.,--UO2100000000H111------------,645,655,805,650,795,150,1628900,1266365500,1081,198.3,795,97600,785,21000,659120000,659120000,64593760,29600,30500,0,0,0
2025-10-17,PUDP,Pudjiadi Prestige Tbk.,--UO2100000000H111------------,620,615,705,545,645,25,752300,487454500,638,160.9,645,60400,635,100,659120000,659120000,64593760,27300,27300,0,0,0
2025-10-16,PUDP,Pudjiadi Prestige Tbk.,--UO2100000000H111------------,525,515,630,454,620,95,1547700,829817400,1117,154.7,620,116700,605,100,659120000,659120000,64593760,14200,14200,0,0,0
2025-10-15,PUDP,Pudjiadi Prestige Tbk.,--UO2100000000H111------------,422,432,525,400,525,103,2353700,1146681700,1205,131.0,0,0,525,490300,659120000,659120000,64593760,36900,28600,0,0,0
2025-10-14,PUDP,Pudjiadi Prestige Tbk.,--U-4100000000H111-----------X,468,0,450,422,422,-46,332500,144203000,84,105.3,422,76700,0,0,659120000,659120000,64593760,0,0,0,0,0
2025-10-13,PUDP,Pudjiadi Prestige Tbk.,--U-4100000000H111-----------X,520,0,468,468,468,-52,168100,78670800,52,116.7,468,169400,0,0,659120000,659120000,64593760,0,0,0,0,0
2025-10-10,PUDP,Pudjiadi Prestige Tbk.,--U-4100000000H111-----------X,474,0,520,428,520,46,704200,335053600,204,129.7,520,168400,505,10800,659120000,659120000,64593760,0,0,0,0,0
2025-10-09,PUDP,Pudjiadi Prestige Tbk.,--U-4100000000H111-----------X,525,0,474,474,474,-51,40600,19244400,60,118.2,474,247300,0,0,659120000,659120000,64593760,0,0,0,0,0
2025-10-08,PUDP,Pudjiadi Prestige Tbk.,--U-4100000000H111-----------X,580,0,635,525,525,-55,307500,172888500,111,131.0,525,126400,0,0,659120000,659120000,64593760,0,0,0,0,0
2025-10-07,PUDP,Pudjiadi Prestige Tbk.,--U-4100000000H111-----------X,530,0,580,575,580,50,470500,272389500,144,144.7,580,175300,575,7100,659120000,659120000,64593760,0,0,0,0,0
2025-10-06,PUDP,Pudjiadi Prestige Tbk.,--U-4100000000H111-----------X,484,0,530,530,530,46,556900,295157000,219,132.2,0,0,530,59300,659120000,659120000,64593760,0,0,0,0,0
2025-10-03,PUDP,Pudjiadi Prestige Tbk.,--UO2100000000H111------------,484,0,0,0,484,0,0,0,0,120.7,0,0,0,0,659120000,659120000,64593760,0,0,0,0,0
2025-10-02,PUDP,Pudjiadi Prestige Tbk.,--UO2100000000H111------------,484,0,0,0,484,0,0,0,0,120.7,0,0,0,0,659120000,659120000,64593760,0,0,0,0,0
2025-10-01,PUDP,Pudjiadi Prestige Tbk.,--UO2100000000H111------------,484,0,0,0,484,0,0,0,0,120.7,0,0,0,0,659120000,659120000,64593760,0,0,0,0,0
2025-09-30,PUDP,Pudjiadi Prestige Tbk.,--UO2100000000H111------------,484,0,0,0,484,0,0,0,0,120.7,0,0,0,0,659120000,659120000,64593760,0,0,0,0,0
2025-09-29,PUDP,Pudjiadi Prestige Tbk.,--UO2100000000H111------------,484,0,0,0,484,0,0,0,0,120.7,0,0,0,0,659120000,659120000,64593760,0,0,0,0,0
2025-09-26,PUDP,Pudjiadi Prestige Tbk.,--UO2100000000H111------------,466,580,580,398,484,18,3064100,1503973100,1653,120.7,484,21400,474,1200,659120000,659120000,64593760,72200,72200,0,0,0
2025-09-25,PUDP,Pudjiadi Prestige Tbk.,--UO2100000000H111------------,466,0,0,0,466,0,0,0,0,116.2,0,0,0,0,659120000,659120000,64593760,0,0,0,0,0
2025-09-24,PUDP,Pudjiadi Prestige Tbk.,--UO2100000000H111------------,374,426,466,374,466,92,3001000,1292838400,1316,116.2,0,0,466,14100,659120000,659120000,64593760,57100,78800,0,0,0
2025-09-23,PUDP,Pudjiadi Prestige Tbk.,--UO2100000000H111------------,300,362,374,360,374,74,611500,226278400,160,93.3,0,0,374,1891200,659120000,659120000,64593760,0,0,0,0,0
2025-09-22,PUDP,Pudjiadi Prestige Tbk.,--UO2100000000H111------------,240,246,300,236,300,60,2338200,649989000,455,74.8,0,0,300,773600,659120000,659120000,64593760,0,0,0,0,0
2025-09-19,PUDP,Pudjiadi Prestige Tbk.,--UO2100000000H111------------,238,0,294,236,240,2,3222800,868343800,1092,59.9,240,29800,238,10100,659120000,659120000,64593760,0,0,0,0,0
2025-09-18,PUDP,Pudjiadi Prestige Tbk.,--UO2100000000H111------------,236,240,242,226,238,2,132800,31262000,64,59.4,236,100,234,1000,659120000,659120000,64593760,1200,0,0,0,0
2025-09-17,PUDP,Pudjiadi Prestige Tbk.,--UO2100000000H111------------,228,228,238,228,236,8,157700,36753400,81,58.9,238,2100,236,599100,659120000,659120000,64593760,0,0,0,0,0
2025-09-16,PUDP,Pudjiadi Prestige Tbk.,--UO2100000000H111------------,224,240,240,226,228,4,53700,12498200,58,56.9,230,9500,228,9400,659120000,659120000,64593760,0,0,0,0,0
2025-09-15,PUDP,Pudjiadi Prestige Tbk.,--UO2100000000H111------------,230,234,240,224,224,-6,94300,21949000,58,55.9,240,133100,224,24100,659120000,659120000,64593760,9900,0,0,0,0
2025-09-12,PUDP,Pudjiadi Prestige Tbk.,--UO2100000000H111------------,230,0,234,230,230,0,38300,8809600,13,57.4,232,100,230,3900,659120000,659120000,64593760,0,0,0,0,0
2025-09-11,PUDP,Pudjiadi Prestige Tbk.,--UO2100000000H111------------,230,0,236,228,230,0,26900,6224600,18,57.4,230,25500,228,18600,659120000,659120000,64593760,0,0,0,0,0
2025-09-10,PUDP,Pudjiadi Prestige Tbk.,--UO2100000000H111------------,230,240,240,230,230,0,68400,15933200,59,57.4,232,3000,230,35200,659120000,659120000,64593760,1100,0,0,0,0
2025-09-09,PUDP,Pudjiadi Prestige Tbk.,--UO2100000000H111------------,224,0,244,222,230,6,294400,69195400,193,57.4,230,4100,224,4900,659120000,659120000,64593760,0,0,0,0,0
2025-09-08,PUDP,Pudjiadi Prestige Tbk.,--UO2100000000H111------------,224,0,226,224,224,0,6500,1457200,9,55.9,228,600,224,1200,659120000,659120000,64593760,0,0,0,0,0
2025-09-04,PUDP,Pudjiadi Prestige Tbk.,--UO2100000000H111------------,230,0,232,224,224,-6,29400,6663800,24,55.9,230,500,224,6900,659120000,659120000,64593760,0,0,0,0,0
2025-09-03,PUDP,Pudjiadi Prestige Tbk.,--UO2100000000H111------------,230,230,230,224,230,0,29100,6602000,30,57.4,230,74900,226,10500,659120000,659120000,64593760,0,0,0,0,0
2025-09-02,PUDP,Pudjiadi Prestige Tbk.,--UO2100000000H111------------,222,0,238,216,230,8,409300,93842600,169,57.4,230,74100,226,5500,659120000,659120000,64593760,0,0,0,0,0
2025-09-01,PUDP,Pudjiadi Prestige Tbk.,--UO2100000000H111------------,218,0,222,212,222,4,32200,6971000,41,55.4,222,7600,218,200,659120000,659120000,64593760,0,0,0,0,0
2025-08-29,PUDP,Pudjiadi Prestige Tbk.,--UO2100000000H111------------,222,222,230,212,218,-4,82100,17910800,64,54.4,224,10100,218,3700,659120000,659120000,64593760,0,0,0,0,0
2025-08-28,PUDP,Pudjiadi Prestige Tbk.,--UO2100000000H111------------,226,0,236,220,222,-4,42700,9599800,61,55.4,226,400,222,4800,659120000,659120000,64593760,0,0,0,0,0
2025-08-27,PUDP,Pudjiadi Prestige Tbk.,--UO2100000000H111------------,222,0,230,220,226,4,41200,9269800,40,56.4,226,17200,224,100,659120000,659120000,64593760,0,0,0,0,0
2025-08-26,PUDP,Pudjiadi Prestige Tbk.,--UO2100000000H111------------,224,224,230,222,222,-2,115100,25909000,63,55.4,224,25400,222,900,659120000,659120000,64593760,0,0,0,0,0
2025-08-25,PUDP,Pudjiadi Prestige Tbk.,--UO2100000000H111------------,222,216,262,216,224,2,1348300,324064800,719,55.9,226,4900,222,31200,659120000,659120000,64593760,0,0,0,0,0
2025-08-22,PUDP,Pudjiadi Prestige Tbk.,--UO2100000000H111------------,220,0,228,214,222,2,177000,39363200,130,55.4,222,5100,218,1000,659120000,659120000,64593760,0,0,0,0,0
2025-08-21,PUDP,Pudjiadi Prestige Tbk.,--UO2100000000H111------------,218,222,222,212,220,2,9500,2061400,14,54.9,220,19600,216,1200,659120000,659120000,64593760,0,0,0,0,0
2025-08-20,PUDP,Pudjiadi Prestige Tbk.,--UO2100000000H111------------,208,0,220,212,218,10,31100,6665600,38,54.4,218,24500,216,100,659120000,659120000,64593760,0,0,0,0,0
2025-08-19,PUDP,Pudjiadi Prestige Tbk.,--UO2100000000H111------------,210,0,240,208,208,-2,364300,81653600,173,51.9,212,2400,208,15900,659120000,659120000,64593760,0,0,0,0,0
2025-08-15,PUDP,Pudjiadi Prestige Tbk.,--UO2100000000H111------------,214,216,218,210,210,-4,22900,4878400,30,52.4,218,5400,210,18800,659120000,659120000,64593760,0,0,0,0,0
2025-08-14,PUDP,Pudjiadi Prestige Tbk.,--UO2100000000H111------------,214,0,214,210,214,0,81200,17317200,18,53.4,216,1000,214,100,659120000,659120000,64593760,0,0,0,0,0
2025-08-13,PUDP,Pudjiadi Prestige Tbk.,--UO2100000000H111------------,212,0,218,214,214,2,19100,4148600,26,53.4,218,9100,214,300,659120000,659120000,64593760,0,0,0,0,0
2025-08-12,PUDP,Pudjiadi Prestige Tbk.,--UO2100000000H111------------,210,0,216,210,212,2,13200,2787800,13,52.9,216,7100,210,13900,659120000,659120000,64593760,0,0,0,0,0
2025-08-11,PUDP,Pudjiadi Prestige Tbk.,--UO2100000000H111------------,210,206,214,206,210,0,6700,1401200,17,52.4,214,10200,210,9600,659120000,659120000,64593760,0,0,0,0,0
2025-08-08,PUDP,Pudjiadi Prestige Tbk.,--UO2100000000H111------------,214,0,224,210,210,-4,81100,17510800,62,52.4,218,3700,210,9400,659120000,659120000,64593760,0,0,0,0,0
2025-08-07,PUDP,Pudjiadi Prestige Tbk.,--UO2100000000H111------------,216,218,220,208,214,-2,108200,23204200,50,53.4,214,200,212,200,659120000,659120000,64593760,0,0,0,0,0
2025-08-06,PUDP,Pudjiadi Prestige Tbk.,--UO2100000000H111------------,212,212,234,206,216,4,402900,87771200,252,53.9,216,21700,214,5200,659120000,659120000,64593760,0,0,0,0,0
2025-08-05,PUDP,Pudjiadi Prestige Tbk.,--UO2100000000H111------------,206,0,250,208,212,6,1611200,374819200,894,52.9,212,14500,210,76700,659120000,659120000,64593760,0,0,0,0,0
2025-08-04,PUDP,Pudjiadi Prestige Tbk.,--UO2100000000H111------------,210,202,214,202,206,-4,7500,1575400,15,51.4,212,3000,208,100,659120000,659120000,64593760,0,0,0,0,0
2025-08-01,PUDP,Pudjiadi Prestige Tbk.,--UO2100000000H111------------,210,0,210,210,210,0,1000,210000,3,52.4,212,23400,210,100,659120000,659120000,64593760,0,0,0,0,0
2025-07-31,PUDP,Pudjiadi Prestige Tbk.,--UO2100000000H111------------,208,0,212,210,210,2,29200,6140200,15,52.4,210,800,208,3500,659120000,659120000,64593760,0,0,0,0,0
2025-07-30,PUDP,Pudjiadi Prestige Tbk.,--UO2100000000H111------------,210,0,214,206,208,-2,19600,4102600,26,51.9,212,7500,208,5900,659120000,659120000,64593760,0,0,0,0,0
2025-07-29,PUDP,Pudjiadi Prestige Tbk.,--UO2100000000H111------------,214,0,214,210,210,-4,26200,5539200,18,52.4,214,16700,210,6100,659120000,659120000,64593760,0,0,0,0,0
2025-07-28,PUDP,Pudjiadi Prestige Tbk.,--UO2100000000H111------------,214,214,214,210,214,0,7500,1586600,11,53.4,214,7000,210,4300,659120000,659120000,64593760,0,0,0,0,0
2025-07-25,PUDP,Pudjiadi Prestige Tbk.,--UO2100000000H111------------,216,216,216,212,214,-2,1300,278600,8,53.4,214,1800,212,200,659120000,659120000,64593760,0,0,0,0,0
2025-07-24,PUDP,Pudjiadi Prestige Tbk.,--UO2100000000H111------------,214,0,220,208,216,2,561800,119954000,58,53.9,216,17000,214,200,659120000,659120000,64593760,0,0,0,0,0
2025-07-23,PUDP,Pudjiadi Prestige Tbk.,--UO2100000000H111------------,210,0,214,210,214,4,3800,802400,15,53.4,214,27600,212,200,659120000,659120000,64593760,0,0,0,0,0
2025-07-22,PUDP,Pudjiadi Prestige Tbk.,--UO2100000000H111------------,214,212,214,210,210,-4,15300,3229000,22,52.4,216,3300,210,2900,659120000,659120000,64593760,0,0,0,0,0
2025-07-21,PUDP,Pudjiadi Prestige Tbk.,--UO2100000000H111------------,220,220,220,208,214,-6,14800,3167600,16,53.4,218,4200,212,8200,659120000,659120000,64593760,0,0,0,0,0
2025-07-18,PUDP,Pudjiadi Prestige Tbk.,--UO2100000000H111------------,214,214,224,214,220,6,8900,1956400,23,54.9,220,26100,218,100,659120000,659120000,64593760,0,0,0,0,0
2025-07-17,PUDP,Pudjiadi Prestige Tbk.,--UO2100000000H111------------,212,0,224,210,214,2,33200,7064000,31,53.4,216,7700,214,500,659120000,659120000,64593760,6000,0,0,0,0
2025-07-16,PUDP,Pudjiadi Prestige Tbk.,--UO2100000000H111------------,216,0,214,212,212,-4,8900,1901600,14,52.9,214,10500,212,13400,659120000,659120000,64593760,0,0,0,0,0
2025-07-15,PUDP,Pudjiadi Prestige Tbk.,--UO2100000000H111------------,218,0,218,214,216,-2,9700,2095000,11,53.9,216,3600,214,13200,659120000,659120000,64593760,0,0,0,0,0
2025-07-14,PUDP,Pudjiadi Prestige Tbk.,--UO2100000000H111------------,222,224,224,210,218,-4,16600,3618600,20,54.4,218,800,216,1100,659120000,659120000,64593760,0,0,0,0,0
2025-07-11,PUDP,Pudjiadi Prestige Tbk.,--UO2100000000H111------------,216,0,222,214,222,6,2300,493000,7,55.4,220,100,214,1000,659120000,659120000,64593760,0,0,0,0,0
2025-07-10,PUDP,Pudjiadi Prestige Tbk.,--UO2100000000H111------------,218,0,224,212,216,-2,77500,16962800,60,53.9,224,4900,216,10200,659120000,659120000,64593760,0,0,0,0,0
2025-07-09,PUDP,Pudjiadi Prestige Tbk.,--UO2100000000H111------------,210,0,220,210,218,8,4900,1056000,22,54.4,216,100,210,15900,659120000,659120000,64593760,0,0,0,0,0
2025-07-08,PUDP,Pudjiadi Prestige Tbk.,--UO2100000000H111------------,210,0,220,210,210,0,12100,2590800,17,52.4,218,21900,210,8500,659120000,659120000,64593760,0,0,0,0,0
2025-07-07,PUDP,Pudjiadi Prestige Tbk.,--UO2100000000H111------------,212,210,222,210,210,-2,29500,6227400,34,52.4,210,1000,208,4600,659120000,659120000,64593760,0,0,0,0,0
2025-07-04,PUDP,Pudjiadi Prestige Tbk.,--UO2100000000H111------------,208,0,224,210,212,4,25000,5357600,24,52.9,218,6000,212,1800,659120000,659120000,64593760,0,0,0,0,0
2025-07-03,PUDP,Pudjiadi Prestige Tbk.,--UO2100000000H111------------,210,0,222,208,208,-2,46300,9912800,60,51.9,216,200,208,3800,659120000,659120000,64593760,0,0,0,0,0
2025-07-02,PUDP,Pudjiadi Prestige Tbk.,--UO2100000000H111------------,210,0,224,208,210,0,14300,3096400,16,52.4,218,600,210,7500,659120000,659120000,64593760,0,0,0,0,0
2025-07-01,PUDP,Pudjiadi Prestige Tbk.,--UO2100000000H111------------,208,0,222,208,210,2,13300,2842800,16,52.4,220,1400,210,1800,659120000,659120000,64593760,0,0,0,0,0
2025-06-30,PUDP,Pudjiadi Prestige Tbk.,--UO2100000000H111------------,214,0,212,206,208,-6,18600,3897400,23,51.9,212,100,208,21100,659120000,659120000,64593760,0,0,0,0,0
2025-06-26,PUDP,Pudjiadi Prestige Tbk.,--UO2100000000H111------------,216,0,224,210,214,-2,73100,15953000,73,53.4,218,900,210,2800,659120000,659120000,64593760,0,0,0,0,0
2025-06-25,PUDP,Pudjiadi Prestige Tbk.,--UO2100000000H111------------,208,0,218,208,216,8,300,64200,3,53.9,216,3900,204,2600,659120000,659120000,64593760,0,0,0,0,0
2025-06-24,PUDP,Pudjiadi Prestige Tbk.,--UO2100000000H111------------,206,204,208,204,208,2,20900,4326200,28,51.9,218,600,208,1900,659120000,659120000,64593760,0,0,0,0,0
2025-06-23,PUDP,Pudjiadi Prestige Tbk.,--UO2100000000H111------------,208,0,230,202,206,-2,47000,10297600,66,51.4,210,4900,206,1200,659120000,659120000,64593760,0,0,0,0,0
2025-06-20,PUDP,Pudjiadi Prestige Tbk.,--UO2100000000H111------------,212,0,224,208,208,-4,58100,12324800,34,51.9,214,1000,208,18700,659120000,659120000,64593760,0,11000,0,0,0
2025-06-19,PUDP,Pudjiadi Prestige Tbk.,--UO2100000000H111------------,218,0,218,212,212,-6,35500,7577800,21,52.9,216,100,212,900,659120000,659120000,64593760,0,0,0,0,0
2025-06-18,PUDP,Pudjiadi Prestige Tbk.,--UO2100000000H111------------,222,0,230,218,218,-4,45800,10127800,23,54.4,220,900,218,9700,659120000,659120000,64593760,0,0,0,0,0
2025-06-17,PUDP,Pudjiadi Prestige Tbk.,--UO2100000000H111------------,220,0,228,220,222,2,7600,1681600,5,55.4,222,100,220,600,659120000,659120000,64593760,3000,3000,0,0,0
2025-06-16,PUDP,Pudjiadi Prestige Tbk.,--UO2100000000H111------------,218,0,228,218,220,2,63300,14049800,47,54.9,222,1300,220,700,659120000,659120000,64593760,0,0,0,0,0
2025-06-13,PUDP,Pudjiadi Prestige Tbk.,--UO2100000000H111------------,218,218,228,218,218,0,32200,7046800,22,54.4,220,20800,218,139100,659120000,659120000,64593760,0,0,0,0,0
2025-06-12,PUDP,Pudjiadi Prestige Tbk.,--UO2100000000H111------------,220,226,230,218,218,-2,44400,9877200,43,54.4,222,6100,218,9300,659120000,659120000,64593760,0,0,0,0,0
2025-06-11,PUDP,Pudjiadi Prestige Tbk.,--UO2100000000H111------------,224,0,232,220,220,-4,125500,28435200,96,54.9,224,7200,220,6700,659120000,659120000,64593760,0,0,0,0,0
2025-06-10,PUDP,Pudjiadi Prestige Tbk.,--UO2100000000H111------------,212,0,230,214,224,12,76800,17193400,73,55.9,224,15000,218,52700,659120000,659120000,64593760,0,0,0,0,0
2025-06-05,PUDP,Pudjiadi Prestige Tbk.,--UO2100000000H111------------,220,0,224,212,212,-8,80800,17483200,47,52.9,218,2200,212,8300,659120000,659120000,64593760,0,0,0,0,0
2025-06-04,PUDP,Pudjiadi Prestige Tbk.,--UO2100000000H111------------,222,222,222,214,220,-2,36100,7829400,30,54.9,220,35400,216,100,659120000,659120000,64593760,0,0,0,0,0
2025-06-03,PUDP,Pudjiadi Prestige Tbk.,--UO2100000000H111------------,228,0,226,214,222,-6,540500,120349400,60,55.4,220,33600,214,12000,659120000,659120000,64593760,0,0,0,0,0
2025-06-02,PUDP,Pudjiadi Prestige Tbk.,--UO2100000000H111------------,228,0,230,218,228,0,1300,287400,5,56.9,228,24900,220,700,659120000,659120000,64593760,0,0,0,0,0
2025-05-28,PUDP,Pudjiadi Prestige Tbk.,--UO2100000000H111------------,226,0,230,226,228,2,3100,707600,13,56.9,228,100000,226,2100,659120000,659120000,64593760,0,0,0,0,0
2025-05-27,PUDP,Pudjiadi Prestige Tbk.,--UO2100000000H111------------,220,0,230,220,226,6,1068900,240914000,123,56.4,226,100,220,10000,659120000,659120000,64593760,0,0,0,0,0
2025-05-26,PUDP,Pudjiadi Prestige Tbk.,--UO2100000000H111------------,222,0,222,220,220,-2,42600,9404800,12,54.9,222,4200,220,100,659120000,659120000,64593760,0,0,0,0,0
2025-05-23,PUDP,Pudjiadi Prestige Tbk.,--UO2100000000H111------------,228,0,222,222,222,-6,800,177600,4,55.4,228,100,224,2900,659120000,659120000,64593760,0,0,0,0,0
2025-05-22,PUDP,Pudjiadi Prestige Tbk.,--UO2100000000H111------------,222,0,230,222,228,6,279200,62862600,30,56.9,228,5500,226,1200,659120000,659120000,64593760,0,0,0,0,0
2025-05-21,PUDP,Pudjiadi Prestige Tbk.,--UO2100000000H111------------,230,0,230,222,222,-8,600,134000,3,55.4,230,20500,222,11300,659120000,659120000,64593760,0,0,0,0,0
2025-05-20,PUDP,Pudjiadi Prestige Tbk.,--UO2100000000H111------------,228,0,236,220,230,2,997000,225968000,138,57.4,230,18300,222,3000,659120000,659120000,64593760,0,0,0,0,0
2025-05-19,PUDP,Pudjiadi Prestige Tbk.,--UO2100000000H111------------,220,0,232,218,228,8,1442500,326231800,215,56.9,228,32500,226,1000,659120000,659120000,64593760,0,0,0,0,0
2025-05-16,PUDP,Pudjiadi Prestige Tbk.,--UO2100000000H111------------,222,0,232,220,220,-2,1409600,317793000,183,54.9,226,100,220,10300,659120000,659120000,64593760,0,0,0,0,0
2025-05-15,PUDP,Pudjiadi Prestige Tbk.,--UO2100000000H111------------,226,226,232,222,222,-4,942000,214198600,83,55.4,230,2800,222,26600,659120000,659120000,64593760,0,0,0,0,0
2025-05-14,PUDP,Pudjiadi Prestige Tbk.,--UO2100000000H111------------,216,216,230,216,226,10,606000,136647800,84,56.4,228,10000,226,1200,659120000,659120000,64593760,0,500,0,0,0
2025-05-09,PUDP,Pudjiadi Prestige Tbk.,--UO2100000000H111------------,216,0,234,216,216,0,119000,26332800,76,53.9,220,4800,216,28500,659120000,659120000,64593760,0,0,0,0,0
2025-05-08,PUDP,Pudjiadi Prestige Tbk.,--UO2100000000H111------------,216,0,222,216,216,0,74900,16196000,33,53.9,216,2100,214,23100,659120000,659120000,64593760,0,0,0,0,0
2025-05-07,PUDP,Pudjiadi Prestige Tbk.,--UO2100000000H111------------,218,0,244,216,216,-2,2147700,483190200,431,53.9,216,1000,214,63900,659120000,659120000,64593760,60000,60000,0,0,0
2025-05-06,PUDP,Pudjiadi Prestige Tbk.,--UO2100000000H111------------,214,0,218,210,218,4,30800,6616200,21,54.4,218,3800,214,26200,659120000,659120000,64593760,0,0,0,0,0
2025-05-05,PUDP,Pudjiadi Prestige Tbk.,--UO2100000000H111------------,218,0,220,210,214,-4,87000,18424800,40,53.4,216,300,214,22400,659120000,659120000,64593760,0,0,0,0,0
2025-05-02,PUDP,Pudjiadi Prestige Tbk.,--UO2100000000H111------------,216,0,228,218,218,2,7700,1726600,10,54.4,222,2300,218,8700,659120000,659120000,64593760,0,0,0,0,0
2025-04-30,PUDP,Pudjiadi Prestige Tbk.,--UO2100000000H111------------,220,220,266,216,216,-4,1719800,393166400,400,53.9,220,1300,216,14700,659120000,659120000,64593760,21100,0,0,0,0
2025-04-29,PUDP,Pudjiadi Prestige Tbk.,--UO2100000000H111------------,212,0,222,210,220,8,918400,198914600,86,54.9,220,123700,218,3700,659120000,659120000,64593760,58000,0,0,0,0
2025-04-28,PUDP,Pudjiadi Prestige Tbk.,--UO2100000000H111------------,214,218,220,212,212,-2,59900,13029400,26,52.9,214,5300,212,800,659120000,659120000,64593760,0,0,0,0,0
2025-04-25,PUDP,Pudjiadi Prestige Tbk.,--UO2100000000H111------------,206,0,214,206,214,8,93200,19612400,29,53.4,214,20500,212,91900,659120000,659120000,64593760,0,27600,0,0,0
2025-04-24,PUDP,Pudjiadi Prestige Tbk.,--UO2100000000H111------------,210,0,222,202,206,-4,991200,208791600,127,51.4,210,2500,206,9500,659120000,659120000,64593760,38500,0,0,0,0
2025-04-23,PUDP,Pudjiadi Prestige Tbk.,--UO2100000000H111------------,208,0,216,204,210,2,278800,58715000,33,52.4,214,8800,210,4100,659120000,659120000,64593760,0,500,0,0,0
2025-04-22,PUDP,Pudjiadi Prestige Tbk.,--UO2100000000H111------------,206,206,208,200,208,2,54500,11036600,19,51.9,208,6500,206,6900,659120000,659120000,64593760,0,0,0,0,0
2025-04-21,PUDP,Pudjiadi Prestige Tbk.,--UO2100000000H111------------,204,0,218,202,206,2,182500,38251400,80,51.4,208,21200,206,300,659120000,659120000,64593760,0,0,0,0,0
2025-04-17,PUDP,Pudjiadi Prestige Tbk.,--UO2100000000H111------------,216,0,224,200,204,-12,370900,76699800,107,50.9,206,25600,204,24900,659120000,659120000,64593760,0,0,0,0,0
2025-04-16,PUDP,Pudjiadi Prestige Tbk.,--UO2100000000H111------------,208,0,240,210,216,8,242900,53310400,84,53.9,218,90200,212,11100,659120000,659120000,64593760,49400,0,0,0,0
2025-04-15,PUDP,Pudjiadi Prestige Tbk.,--UO2100000000H111------------,212,212,218,204,208,-4,247700,51662000,23,51.9,210,1000,206,5000,659120000,659120000,64593760,0,0,0,0,0
2025-04-14,PUDP,Pudjiadi Prestige Tbk.,--UO2100000000H111------------,198,198,214,197,212,14,252400,52282400,54,52.9,212,12800,204,2000,659120000,659120000,64593760,0,104800,0,0,0
2025-04-11,PUDP,Pudjiadi Prestige Tbk.,--UO2100000000H111------------,212,212,212,185,198,-14,222700,43798200,69,49.4,200,2000,195,3100,659120000,659120000,64593760,0,34800,0,0,0
2025-04-10,PUDP,Pudjiadi Prestige Tbk.,--UO2100000000H111------------,210,0,224,204,212,2,33800,6997000,45,52.9,214,1500,210,4700,659120000,659120000,64593760,0,0,0,0,0
2025-04-09,PUDP,Pudjiadi Prestige Tbk.,--UO2100000000H111------------,216,0,216,210,210,-6,4600,978200,7,52.4,216,100,210,1800,659120000,659120000,64593760,0,0,0,0,0
2025-04-08,PUDP,Pudjiadi Prestige Tbk.,--UO2100000000H111------------,214,0,224,204,216,2,14500,3149400,28,53.9,216,10200,210,2400,659120000,659120000,64593760,0,0,0,0,0
2025-03-27,PUDP,Pudjiadi Prestige Tbk.,--UO2100000000H111------------,210,0,214,210,214,4,1400,298000,7,53.4,214,13100,212,500,659120000,659120000,64593760,0,0,0,0,0
2025-03-26,PUDP,Pudjiadi Prestige Tbk.,--UO2100000000H111------------,206,0,210,206,210,4,86000,17726800,9,52.4,210,6000,208,200,659120000,659120000,64593760,0,0,0,0,0
2025-03-25,PUDP,Pudjiadi Prestige Tbk.,--UO2100000000H111------------,206,0,212,206,206,0,16900,3482000,10,51.4,206,61700,204,23000,659120000,659120000,64593760,0,0,0,0,0
2025-03-24,PUDP,Pudjiadi Prestige Tbk.,--UO2100000000H111------------,214,0,214,204,206,-8,104900,21615400,23,51.4,206,67200,204,19600,659120000,659120000,64593760,0,0,0,0,0
2025-03-21,PUDP,Pudjiadi Prestige Tbk.,--UO2100000000H111------------,220,0,220,214,214,-6,82800,17982400,23,53.4,220,600,216,500,659120000,659120000,64593760,0,0,0,0,0
2025-03-20,PUDP,Pudjiadi Prestige Tbk.,--UO2100000000H111------------,224,0,222,218,220,-4,54500,11930400,18,54.9,222,10900,218,61600,659120000,659120000,64593760,0,0,0,0,0
2025-03-19,PUDP,Pudjiadi Prestige Tbk.,--UO2100000000H111------------,224,0,226,216,224,0,500000,111090800,49,55.9,224,300,222,100,659120000,659120000,64593760,0,0,0,0,0
2025-03-18,PUDP,Pudjiadi Prestige Tbk.,--UO2100000000H111------------,226,0,228,218,224,-2,290900,64491200,37,55.9,224,500,218,100,659120000,659120000,64593760,0,0,0,0,0
2025-03-17,PUDP,Pudjiadi Prestige Tbk.,--UO2100000000H111------------,222,0,226,218,226,4,44300,9820000,22,56.4,226,1200,224,100,659120000,659120000,64593760,0,0,0,0,0
2025-03-14,PUDP,Pudjiadi Prestige Tbk.,--UO2100000000H111------------,230,234,234,220,222,-8,501700,113724800,59,55.4,222,12000,220,30400,659120000,659120000,64593760,0,0,0,0,0
2025-03-13,PUDP,Pudjiadi Prestige Tbk.,--UO2100000000H111------------,226,0,234,224,230,4,29900,6747000,22,57.4,230,300,226,12400,659120000,659120000,64593760,0,0,0,0,0
2025-03-12,PUDP,Pudjiadi Prestige Tbk.,--UO2100000000H111------------,222,224,250,220,226,4,748000,172476200,138,56.4,232,100,226,4800,659120000,659120000,64593760,0,0,0,0,0
2025-03-11,PUDP,Pudjiadi Prestige Tbk.,--UO2100000000H111------------,234,0,262,222,222,-12,548100,133855200,362,55.4,230,1700,222,12100,659120000,659120000,64593760,0,0,0,0,0
2025-03-10,PUDP,Pudjiadi Prestige Tbk.,--UO2100000000H111------------,254,260,280,222,234,-20,1429900,365045600,550,58.4,234,1200,232,1700,659120000,659120000,64593760,0,0,0,0,0
2025-03-07,PUDP,Pudjiadi Prestige Tbk.,--UO2100000000H111------------,204,0,254,208,254,50,2330000,572514800,1192,63.4,0,0,254,575200,659120000,659120000,64593760,51100,0,0,0,0
2025-03-06,PUDP,Pudjiadi Prestige Tbk.,--UO2100000000H111------------,208,0,204,200,204,-4,6400,1301600,11,50.9,210,2100,206,500,659120000,659120000,64593760,0,0,0,0,0
2025-03-05,PUDP,Pudjiadi Prestige Tbk.,--UO2100000000H111------------,204,0,210,204,208,4,12400,2546200,13,51.9,208,600,204,300,659120000,659120000,64593760,0,0,0,0,0
2025-03-04,PUDP,Pudjiadi Prestige Tbk.,--UO2100000000H111------------,210,0,210,204,204,-6,7400,1513200,8,50.9,208,100,204,5700,659120000,659120000,64593760,0,0,0,0,0
2025-03-03,PUDP,Pudjiadi Prestige Tbk.,--UO2100000000H111------------,200,0,214,198,210,10,89600,18574500,94,52.4,210,2100,208,2500,659120000,659120000,64593760,5800,0,0,0,0
2025-02-28,PUDP,Pudjiadi Prestige Tbk.,--UO2100000000H111------------,210,0,210,200,200,-10,22100,4516200,22,49.9,204,400,200,13500,659120000,659120000,64593760,0,0,0,0,0
2025-02-27,PUDP,Pudjiadi Prestige Tbk.,--UO2100000000H111------------,204,0,214,206,210,6,22700,4739400,18,52.4,212,800,210,8000,659120000,659120000,64593760,0,0,0,0,0
2025-02-26,PUDP,Pudjiadi Prestige Tbk.,--UO2100000000H111------------,204,0,204,204,204,0,4700,958800,5,50.9,206,200,204,100,659120000,659120000,64593760,0,0,0,0,0
2025-02-25,PUDP,Pudjiadi Prestige Tbk.,--UO2100000000H111------------,202,0,208,204,204,2,18500,3788800,16,50.9,208,200,202,6500,659120000,659120000,64593760,0,0,0,0,0
2025-02-24,PUDP,Pudjiadi Prestige Tbk.,--UO2100000000H111------------,212,216,216,202,202,-10,36600,7592000,36,50.4,214,2200,204,200,659120000,659120000,64593760,0,0,0,0,0
2025-02-21,PUDP,Pudjiadi Prestige Tbk.,--UO2100000000H111------------,212,0,212,206,212,0,8900,1863800,14,52.9,216,1200,212,1300,659120000,659120000,64593760,0,0,0,0,0
2025-02-20,PUDP,Pudjiadi Prestige Tbk.,--UO2100000000H111------------,214,0,214,212,212,-2,2300,490400,7,52.9,214,700,212,100,659120000,659120000,64593760,0,0,0,0,0
2025-02-19,PUDP,Pudjiadi Prestige Tbk.,--UO2100000000H111------------,210,208,218,208,214,4,29700,6286800,44,53.4,216,1900,212,300,659120000,659120000,64593760,3200,0,0,0,0
2025-02-18,PUDP,Pudjiadi Prestige Tbk.,--UO2100000000H111------------,212,212,216,204,210,-2,13900,2922400,24,52.4,214,3600,210,1000,659120000,659120000,64593760,0,0,0,0,0
2025-02-17,PUDP,Pudjiadi Prestige Tbk.,--UO2100000000H111------------,202,0,228,204,212,10,86800,18716200,123,52.9,218,2500,212,1400,659120000,659120000,64593760,4100,0,0,0,0
2025-02-14,PUDP,Pudjiadi Prestige Tbk.,--UO2100000000H111------------,210,0,220,202,202,-8,14900,3053200,26,50.4,210,2000,204,200,659120000,659120000,64593760,0,0,0,0,0
2025-02-13,PUDP,Pudjiadi Prestige Tbk.,--UO2100000000H111------------,216,0,220,210,210,-6,2400,509000,5,52.4,210,1600,208,600,659120000,659120000,64593760,100,0,0,0,0
2025-02-12,PUDP,Pudjiadi Prestige Tbk.,--UO2100000000H111------------,216,0,220,190,216,0,300100,60404600,115,53.9,218,1000,216,1200,659120000,659120000,64593760,0,0,0,0,0
2025-02-11,PUDP,Pudjiadi Prestige Tbk.,--UO2100000000H111------------,220,0,220,216,216,-4,37000,8062000,29,53.9,222,7100,216,17600,659120000,659120000,64593760,0,0,0,0,0
2025-02-10,PUDP,Pudjiadi Prestige Tbk.,--UO2100000000H111------------,224,0,224,218,220,-4,32600,7210400,17,54.9,222,7100,220,100,659120000,659120000,64593760,0,0,0,0,0
2025-02-07,PUDP,Pudjiadi Prestige Tbk.,--UO2100000000H111------------,226,224,226,224,224,-2,49900,11180200,29,55.9,224,26700,222,8700,659120000,659120000,64593760,0,0,0,0,0
2025-02-06,PUDP,Pudjiadi Prestige Tbk.,--UO2100000000H111------------,220,0,240,218,226,6,294200,69351000,147,56.4,226,2100,224,8600,659120000,659120000,64593760,0,0,0,0,0
2025-02-05,PUDP,Pudjiadi Prestige Tbk.,--UO2100000000H111------------,226,0,238,220,220,-6,71600,16222800,71,54.9,226,9100,220,900,659120000,659120000,64593760,1400,0,0,0,0
2025-02-04,PUDP,Pudjiadi Prestige Tbk.,--UO2100000000H111------------,222,222,238,222,226,4,129200,29547600,114,56.4,226,9000,222,3300,659120000,659120000,64593760,0,0,0,0,0
2025-02-03,PUDP,Pudjiadi Prestige Tbk.,--UO2100000000H111------------,220,0,222,216,222,2,49600,10825200,31,55.4,222,1400,220,100,659120000,659120000,64593760,0,0,0,0,0
2025-01-31,PUDP,Pudjiadi Prestige Tbk.,--UO2100000000H111------------,222,0,236,220,220,-2,186100,42302400,155,54.9,226,100,220,5400,659120000,659120000,64593760,15600,0,0,0,0
2025-01-30,PUDP,Pudjiadi Prestige Tbk.,--UO2100000000H111------------,226,226,228,222,222,-4,32700,7309600,25,55.4,224,24000,222,7100,659120000,659120000,64593760,0,0,0,0,0
2025-01-24,PUDP,Pudjiadi Prestige Tbk.,--UO2100000000H111------------,228,0,248,224,226,-2,156900,37061600,181,56.4,228,1700,224,3600,659120000,659120000,64593760,21600,0,0,0,0
2025-01-23,PUDP,Pudjiadi Prestige Tbk.,--UO2100000000H111------------,224,0,228,224,228,4,19600,4419600,38,56.9,230,3800,228,3200,659120000,659120000,64593760,0,0,0,0,0
2025-01-22,PUDP,Pudjiadi Prestige Tbk.,--UO2100000000H111------------,230,0,230,224,224,-6,9500,2133200,20,55.9,230,3100,224,9700,659120000,659120000,64593760,0,0,0,0,0
2025-01-21,PUDP,Pudjiadi Prestige Tbk.,--UO2100000000H111------------,232,230,238,222,230,-2,71500,16110200,53,57.4,230,300,228,2400,659120000,659120000,64593760,0,0,0,0,0
2025-01-20,PUDP,Pudjiadi Prestige Tbk.,--UO2100000000H111------------,234,0,234,220,232,-2,46200,10368600,52,57.9,232,200,224,5300,659120000,659120000,64593760,0,0,0,0,0
2025-01-17,PUDP,Pudjiadi Prestige Tbk.,--UO2100000000H111------------,230,0,246,222,234,4,335000,78119800,165,58.4,232,500,224,400,659120000,659120000,64593760,23900,0,0,0,0
2025-01-16,PUDP,Pudjiadi Prestige Tbk.,--UO2100000000H111------------,218,0,272,224,230,12,939400,230227400,650,57.4,232,2600,230,50100,659120000,659120000,64593760,30800,0,0,0,0
2025-01-15,PUDP,Pudjiadi Prestige Tbk.,--UO2100000000H111------------,218,218,238,218,218,0,35700,7940800,56,54.4,226,400,218,46700,659120000,659120000,64593760,500,0,0,0,0
2025-01-14,PUDP,Pudjiadi Prestige Tbk.,--UO2100000000H111------------,226,0,230,218,218,-8,23600,5301400,37,54.4,220,1800,218,46400,659120000,659120000,64593760,0,0,0,0,0
2025-01-13,PUDP,Pudjiadi Prestige Tbk.,--UO2100000000H111------------,220,0,230,222,226,6,19700,4423600,29,56.4,226,13300,224,1200,659120000,659120000,64593760,0,0,0,0,0
2025-01-10,PUDP,Pudjiadi Prestige Tbk.,--UO2100000000H111------------,226,0,234,216,220,-6,127100,28119000,115,54.9,220,5900,218,5000,659120000,659120000,64593760,0,0,0,0,0
2025-01-09,PUDP,Pudjiadi Prestige Tbk.,--UO2100000000H111------------,238,0,242,224,226,-12,113900,26068000,58,56.4,228,24400,226,19400,659120000,659120000,64593760,0,0,0,0,0
2025-01-08,PUDP,Pudjiadi Prestige Tbk.,--UO2100000000H111------------,228,0,254,228,238,10,408000,99124200,387,59.4,238,400,232,3900,659120000,659120000,64593760,30700,0,0,0,0
2025-01-07,PUDP,Pudjiadi Prestige Tbk.,--UO2100000000H111------------,234,232,238,228,228,-6,46600,10817600,52,56.9,234,1000,228,5200,659120000,659120000,64593760,0,0,0,0,0
2025-01-06,PUDP,Pudjiadi Prestige Tbk.,--UO2100000000H111------------,244,244,246,234,234,-10,41800,9923800,56,58.4,240,200,236,1000,659120000,659120000,64593760,0,0,0,0,0
2025-01-03,PUDP,Pudjiadi Prestige Tbk.,--UO2100000000H111------------,236,236,258,234,244,8,324900,80606800,246,60.9,244,8600,238,7700,659120000,659120000,64593760,65000,0,0,0,0
2025-01-02,PUDP,Pudjiadi Prestige Tbk.,--UO2100000000H111------------,236,228,248,228,236,0,72300,16739600,73,58.9,244,7000,236,1300,659120000,659120000,64593760,100,0,0,0,0
2024-12-30,PUDP,Pudjiadi Prestige Tbk.,--UO2100000000H111------------,242,0,248,228,236,-6,182200,42640800,87,58.9,240,400,236,22900,659120000,659120000,156672824,1600,0,0,0,0
2024-12-27,PUDP,Pudjiadi Prestige Tbk.,--UO2100000000H111------------,238,0,256,234,242,4,235800,58254000,77,60.4,242,7800,236,1000,659120000,659120000,156672824,33900,0,0,0,0
2024-12-24,PUDP,Pudjiadi Prestige Tbk.,--UO2100000000H111------------,250,0,250,238,238,-12,139800,33660200,72,59.4,240,1000,238,1900,659120000,659120000,156672824,0,52000,0,0,0
2024-12-23,PUDP,Pudjiadi Prestige Tbk.,--UO2100000000H111------------,256,256,276,238,250,-6,180500,45720600,149,62.4,256,129300,250,58800,659120000,659120000,156672824,0,0,0,0,0
2024-12-20,PUDP,Pudjiadi Prestige Tbk.,--UO2100000000H111------------,250,260,306,240,256,6,932200,261524400,793,63.9,254,3700,252,2100,659120000,659120000,156672824,127900,0,0,0,0
2024-12-19,PUDP,Pudjiadi Prestige Tbk.,--UO2100000000H111------------,254,0,262,230,250,-4,245600,60022800,96,62.4,250,28100,240,100,659120000,659120000,156672824,0,0,0,0,0
2024-12-18,PUDP,Pudjiadi Prestige Tbk.,--UO2100000000H111------------,270,270,282,252,254,-16,103100,26998800,70,63.4,262,400,254,9300,659120000,659120000,156672824,0,0,0,0,0
2024-12-17,PUDP,Pudjiadi Prestige Tbk.,--UO2100000000H111------------,292,0,290,264,270,-22,545800,147842800,132,67.4,272,28800,270,3600,659120000,659120000,156672824,40000,0,0,0,0
2024-12-16,PUDP,Pudjiadi Prestige Tbk.,--UO2100000000H111------------,306,304,304,276,292,-14,179700,51319800,130,72.8,292,17900,276,1900,659120000,659120000,156672824,0,0,0,0,0
2024-12-13,PUDP,Pudjiadi Prestige Tbk.,--UO2100000000H111------------,314,314,322,300,306,-8,2344800,736215600,202,76.3,306,5700,302,1400,659120000,659120000,156672824,0,172500,0,0,0
2024-12-12,PUDP,Pudjiadi Prestige Tbk.,--UO2100000000H111------------,310,0,320,302,314,4,1734900,539175600,369,78.3,316,12700,314,10700,659120000,659120000,156672824,0,30400,0,0,0
2024-12-11,PUDP,Pudjiadi Prestige Tbk.,--UO2100000000H111------------,324,0,324,304,310,-14,1673200,519790000,416,77.3,310,32500,308,100,659120000,659120000,156672824,0,27900,0,0,0
2024-12-10,PUDP,Pudjiadi Prestige Tbk.,--UO2100000000H111------------,314,314,328,310,324,10,1607300,508115000,434,80.8,324,3000,318,9100,659120000,659120000,156672824,0,75800,0,0,0
2024-12-09,PUDP,Pudjiadi Prestige Tbk.,--UO2100000000H111------------,332,0,330,314,314,-18,1635500,520182800,345,78.3,318,2500,314,3700,659120000,659120000,156672824,0,0,0,0,0
2024-12-06,PUDP,Pudjiadi Prestige Tbk.,--U-2100000000H111------------,338,0,350,330,332,-6,1579400,534163000,421,82.8,332,6500,330,34200,659120000,659120000,156672824,33000,124700,0,0,0
2024-12-05,PUDP,Pudjiadi Prestige Tbk.,--U-2100000000H111------------,322,0,402,320,338,16,2883300,1018109000,1215,84.3,338,300,336,4500,659120000,659120000,156672824,54800,0,0,0,0
2024-12-04,PUDP,Pudjiadi Prestige Tbk.,--U-2100000000H111------------,336,0,358,318,322,-14,1585600,521519600,449,80.3,326,1000,320,600,659120000,659120000,156672824,154500,71400,0,0,0
2024-12-03,PUDP,Pudjiadi Prestige Tbk.,--U-2100000000H111------------,306,0,354,310,336,30,2108800,681169800,779,83.8,336,55000,328,1100,659120000,659120000,156672824,24100,151800,0,0,0
2024-12-02,PUDP,Pudjiadi Prestige Tbk.,--U-2100000000H111------------,322,0,402,294,306,-16,5424300,1982329600,2370,76.3,310,1400,306,104100,659120000,659120000,156672824,573700,298000,0,0,0
2024-11-29,PUDP,Pudjiadi Prestige Tbk.,--U-2100000000H111------------,258,0,322,242,322,64,3242300,994981400,1310,80.3,0,0,322,1636800,659120000,659120000,156672824,95400,30000,0,0,0
2024-11-28,PUDP,Pudjiadi Prestige Tbk.,--U-1100000000H111------------,272,0,272,250,258,-14,2120300,546889400,423,64.4,260,11100,258,12600,659120000,659120000,156672824,32900,216500,0,0,0
2024-11-26,PUDP,Pudjiadi Prestige Tbk.,--U-1100000000H111------------,280,0,288,254,272,-8,1966100,525221400,654,67.9,272,175800,266,1100,659120000,659120000,156672824,0,174700,0,0,0
2024-11-25,PUDP,Pudjiadi Prestige Tbk.,--U-1100000000H111------------,340,0,350,280,280,-60,1739800,529280400,859,69.8,280,13200,278,21300,659120000,659120000,156672824,31400,26700,0,0,0
2024-11-22,PUDP,Pudjiadi Prestige Tbk.,--U-1100000000H111------------,334,0,416,274,340,6,7523100,2830231200,2986,84.8,340,2800,338,1900,659120000,659120000,156672824,118800,123500,0,0,0
2024-11-21,PUDP,Pudjiadi Prestige Tbk.,--U-1100000000H111------------,268,0,334,270,334,66,675100,224515000,213,83.3,0,0,334,1439900,659120000,659120000,156672824,0,0,0,0,0
2024-11-20,PUDP,Pudjiadi Prestige Tbk.,--U-1100000000H111------------,199,0,268,199,268,69,2527700,610262800,666,66.9,0,0,268,1503100,659120000,659120000,156672824,0,0,0,0,0
2024-11-19,PUDP,Pudjiadi Prestige Tbk.,--U-1100000000H111------------,197,0,200,195,199,2,2594800,513612500,249,49.6,198,200,195,5500,659120000,659120000,156672824,0,0,0,0,0
2024-11-18,PUDP,Pudjiadi Prestige Tbk.,--U-1100000000H111------------,202,0,202,195,197,-5,2624200,518842800,306,49.1,197,1100,195,100,659120000,659120000,156672824,0,0,0,0,0
2024-11-15,PUDP,Pudjiadi Prestige Tbk.,--U-1100000000H111------------,202,0,202,199,202,0,2548500,508573800,225,50.4,202,9300,200,100,659120000,659120000,156672824,0,0,0,0,0
2024-11-14,PUDP,Pudjiadi Prestige Tbk.,--U-1100000000H111------------,202,0,206,200,202,0,2593200,521007400,311,50.4,202,20800,200,1000,659120000,659120000,156672824,0,0,0,0,0
2024-11-13,PUDP,Pudjiadi Prestige Tbk.,--U-1100000000H111------------,200,0,208,193,202,2,2636200,534896300,313,50.4,202,2400,200,5600,659120000,659120000,156672824,0,0,0,0,0
2024-11-12,PUDP,Pudjiadi Prestige Tbk.,--U-1100000000H111------------,210,0,210,200,200,-10,2602600,537911600,252,49.9,204,4700,200,600,659120000,659120000,156672824,0,0,0,0,0
2024-11-11,PUDP,Pudjiadi Prestige Tbk.,--U-1100000000H111------------,210,0,212,208,210,0,2512800,528042400,241,52.4,210,16600,208,200,659120000,659120000,156672824,0,0,0,0,0
2024-11-08,PUDP,Pudjiadi Prestige Tbk.,--U-1100000000H111------------,212,0,216,202,210,-2,2389800,504088600,195,52.4,210,31600,204,5000,659120000,659120000,156672824,0,0,0,0,0
2024-11-07,PUDP,Pudjiadi Prestige Tbk.,--U-1100000000H111------------,210,0,218,204,212,2,2429700,518696200,284,52.9,216,6800,208,1400,659120000,659120000,156672824,0,0,0,0,0
2024-11-06,PUDP,Pudjiadi Prestige Tbk.,--U-1100000000H111------------,198,0,220,192,210,12,2633800,532273000,376,52.4,210,4500,200,1000,659120000,659120000,156672824,0,0,0,0,0
2024-11-05,PUDP,Pudjiadi Prestige Tbk.,--U-1100000000H111------------,206,0,206,186,198,-8,2648500,526043400,357,49.4,200,166900,198,15000,659120000,659120000,156672824,0,0,0,0,0
2024-11-04,PUDP,Pudjiadi Prestige Tbk.,--U-1100000000H111------------,216,0,216,206,206,-10,2433200,515294800,303,51.4,212,4300,206,2400,659120000,659120000,156672824,0,0,0,0,0
2024-11-01,PUDP,Pudjiadi Prestige Tbk.,--U-1100000000H111------------,220,0,220,212,216,-4,2437900,521055000,257,53.9,216,5300,212,100,659120000,659120000,156672824,0,0,0,0,0
2024-10-31,PUDP,Pudjiadi Prestige Tbk.,--U-1100000000H111------------,222,0,226,218,220,-2,2331000,512580000,235,54.9,220,7800,218,100,659120000,659120000,156672824,0,0,0,0,0
2024-10-30,PUDP,Pudjiadi Prestige Tbk.,--U-1100000000H111------------,218,0,222,214,222,4,2454000,532783600,280,55.4,222,15000,218,100000,659120000,659120000,156672824,91900,0,0,0,0
2024-10-29,PUDP,Pudjiadi Prestige Tbk.,--U-1100000000H111------------,218,0,220,210,218,0,2350400,509866600,261,54.4,218,11800,212,1000,659120000,659120000,156672824,4900,0,0,0,0
2024-10-28,PUDP,Pudjiadi Prestige Tbk.,--U-1100000000H111------------,222,0,222,216,218,-4,2318800,504299400,332,54.4,220,63000,218,100,659120000,659120000,156672824,8900,0,0,0,0
2024-10-25,PUDP,Pudjiadi Prestige Tbk.,--U-1100000000H111------------,222,0,224,218,222,0,2327700,512407600,201,55.4,224,15300,218,12000,659120000,659120000,156672824,6100,0,0,0,0
2024-10-24,PUDP,Pudjiadi Prestige Tbk.,--U-1100000000H111------------,220,0,224,218,222,2,2306100,509382400,260,55.4,222,2500,218,2100,659120000,659120000,156672824,27000,0,0,0,0
2024-10-23,PUDP,Pudjiadi Prestige Tbk.,--U-1100000000H111------------,220,0,224,220,220,0,2339800,518169800,270,54.9,222,100,220,700,659120000,659120000,156672824,5900,0,0,0,0
2024-10-22,PUDP,Pudjiadi Prestige Tbk.,--U-1100000000H111------------,224,0,228,220,220,-4,2390000,531288400,288,54.9,224,15800,220,17900,659120000,659120000,156672824,12300,0,0,0,0
2024-10-21,PUDP,Pudjiadi Prestige Tbk.,--U-1100000000H111------------,226,0,226,222,224,-2,2314300,518334600,257,55.9,224,8100,220,92400,659120000,659120000,156672824,900,0,0,0,0
2024-10-18,PUDP,Pudjiadi Prestige Tbk.,--U-1100000000H111------------,220,0,226,218,226,6,2266700,507277600,279,56.4,226,3300,222,17700,659120000,659120000,156672824,1900,0,0,0,0
2024-10-17,PUDP,Pudjiadi Prestige Tbk.,--U-1100000000H111------------,228,0,230,220,220,-8,2373300,533554200,254,54.9,226,6200,222,2400,659120000,659120000,156672824,900,0,0,0,0
2024-10-16,PUDP,Pudjiadi Prestige Tbk.,--U-1100000000H111------------,226,0,230,222,228,2,2232700,505834800,239,56.9,226,10200,224,300,659120000,659120000,156672824,47500,0,0,0,0
2024-10-15,PUDP,Pudjiadi Prestige Tbk.,--U-1100000000H111------------,224,0,226,222,226,2,2368900,528337000,331,56.4,226,8300,222,31100,659120000,659120000,156672824,1400,0,0,0,0
2024-10-14,PUDP,Pudjiadi Prestige Tbk.,--U-1100000000H111------------,224,0,228,222,224,0,2356600,531111000,311,55.9,226,12300,224,101300,659120000,659120000,156672824,6900,0,0,0,0
2024-10-11,PUDP,Pudjiadi Prestige Tbk.,--U-1100000000H111------------,224,0,244,222,224,0,3673900,842514800,415,55.9,232,800,222,12100,659120000,659120000,156672824,84000,0,0,0,0
2024-10-10,PUDP,Pudjiadi Prestige Tbk.,--U-1100000000H111------------,230,0,232,224,224,-6,2226100,509872400,368,55.9,230,3000,224,1700,659120000,659120000,156672824,3400,0,0,0,0
2024-10-09,PUDP,Pudjiadi Prestige Tbk.,--U-1100000000H111------------,220,0,230,220,230,10,2286400,513311400,348,57.4,232,10000,222,13800,659120000,659120000,156672824,0,0,0,0,0
2024-10-08,PUDP,Pudjiadi Prestige Tbk.,--U-1100000000H111------------,238,0,238,220,220,-18,2250400,520273800,332,54.9,232,5000,220,16800,659120000,659120000,156672824,16700,0,0,0,0
2024-10-07,PUDP,Pudjiadi Prestige Tbk.,--U-1100000000H111------------,250,0,252,232,238,-12,2111700,510805800,317,59.4,238,18700,236,1700,659120000,659120000,156672824,46600,306200,0,0,0
2024-10-04,PUDP,Pudjiadi Prestige Tbk.,--U-1100000000H111------------,248,0,250,238,250,2,2105400,517716200,306,62.4,250,17600,246,1100,659120000,659120000,156672824,0,0,0,0,0
2024-10-03,PUDP,Pudjiadi Prestige Tbk.,--U-1100000000H111------------,246,0,248,242,248,2,2097500,514144600,257,61.9,248,195100,246,34500,659120000,659120000,156672824,0,0,0,0,0
2024-10-02,PUDP,Pudjiadi Prestige Tbk.,--U-1100000000H111------------,244,0,246,238,246,2,2236000,539683000,296,61.4,246,184500,244,1300,659120000,659120000,156672824,0,0,0,0,0
2024-10-01,PUDP,Pudjiadi Prestige Tbk.,--U-1100000000H111------------,240,0,244,238,244,4,2144900,515013000,261,60.9,244,77500,240,8400,659120000,659120000,156672824,0,0,0,0,0
2024-09-30,PUDP,Pudjiadi Prestige Tbk.,--U-1100000000H111------------,242,0,244,238,240,-2,2102900,505021000,267,59.9,242,8900,240,600,659120000,659120000,158979744,0,0,0,0,0
2024-09-27,PUDP,Pudjiadi Prestige Tbk.,--U-1100000000H111------------,234,0,242,234,242,8,2187800,518275000,267,60.4,242,30300,238,2100,659120000,659120000,158979744,0,0,0,0,0
2024-09-26,PUDP,Pudjiadi Prestige Tbk.,--U-1100000000H111------------,238,0,242,234,234,-4,2174600,513329000,243,58.4,234,400,232,15500,659120000,659120000,158979744,0,0,0,0,0
2024-09-25,PUDP,Pudjiadi Prestige Tbk.,--U-1100000000H111------------,238,0,244,236,238,0,2155400,513321400,319,59.4,238,54800,234,17600,659120000,659120000,158979744,0,0,0,0,0
2024-09-24,PUDP,Pudjiadi Prestige Tbk.,--U-1100000000H111------------,240,0,244,236,238,-2,2278800,544784200,252,59.4,238,14400,236,18200,659120000,659120000,158979744,0,0,0,0,0
2024-09-23,PUDP,Pudjiadi Prestige Tbk.,--U-1100000000H111------------,240,0,244,238,240,0,2149500,518157000,281,59.9,240,9000,238,5400,659120000,659120000,158979744,0,0,0,0,0
2024-09-20,PUDP,Pudjiadi Prestige Tbk.,--U-1100000000H111------------,244,0,246,240,240,-4,2070900,507474200,126,59.9,244,900,240,1000,659120000,659120000,158979744,0,0,0,0,0
2024-09-19,PUDP,Pudjiadi Prestige Tbk.,--U-1100000000H111------------,250,0,250,244,244,-6,2048400,504307400,244,60.9,246,900,242,200,659120000,659120000,158979744,20800,0,0,0,0
2024-09-18,PUDP,Pudjiadi Prestige Tbk.,--U-1100000000H111------------,252,0,252,238,250,-2,2107400,519598400,323,62.4,252,56600,250,2200,659120000,659120000,158979744,0,52000,0,0,0
2024-09-17,PUDP,Pudjiadi Prestige Tbk.,--U-1100000000H111------------,242,0,264,240,252,10,2284400,561338400,339,62.9,252,43400,250,21100,659120000,659120000,158979744,30000,21400,0,0,0
2024-09-13,PUDP,Pudjiadi Prestige Tbk.,--U-1100000000H111------------,252,0,252,232,242,-10,2112300,522835200,268,60.4,242,29000,240,1100,659120000,659120000,158979744,600,0,0,0,0
2024-09-12,PUDP,Pudjiadi Prestige Tbk.,--U-1100000000H111------------,262,0,262,246,252,-10,2044200,516906600,285,62.9,252,11000,250,1600,659120000,659120000,158979744,0,0,0,0,0
2024-09-11,PUDP,Pudjiadi Prestige Tbk.,--U-1100000000H111------------,264,0,270,240,262,-2,1987700,506903800,333,65.4,260,5700,244,900,659120000,659120000,158979744,0,0,0,0,0
2024-09-10,PUDP,Pudjiadi Prestige Tbk.,--U-1100000000H111------------,272,0,276,254,264,-8,1906300,512393200,252,65.9,266,100,254,6000,659120000,659120000,158979744,0,0,0,0,0
2024-09-09,PUDP,Pudjiadi Prestige Tbk.,--U-1100000000H111------------,276,0,276,258,272,-4,1997700,540864800,374,67.9,272,115100,266,100,659120000,659120000,158979744,67800,92700,0,0,0
2024-09-06,PUDP,Pudjiadi Prestige Tbk.,--U-1100000000H111------------,274,0,278,268,276,2,1905500,522108000,332,68.8,276,43900,274,1000,659120000,659120000,158979744,68100,0,0,0,0
2024-09-05,PUDP,Pudjiadi Prestige Tbk.,--U-1100000000H111------------,272,0,278,262,274,2,1977400,540655600,365,68.4,274,79800,272,100200,659120000,659120000,158979744,44600,0,0,0,0
2024-09-04,PUDP,Pudjiadi Prestige Tbk.,--U-1100000000H111------------,260,0,274,260,272,12,2024500,529832800,367,67.9,272,16100,268,10500,659120000,659120000,158979744,0,126800,0,0,0
2024-09-03,PUDP,Pudjiadi Prestige Tbk.,--U-1100000000H111------------,256,0,270,254,260,4,2019000,524847600,276,64.9,260,4900,256,200,659120000,659120000,158979744,0,0,0,0,0
2024-09-02,PUDP,Pudjiadi Prestige Tbk.,--U-1100000000H111------------,254,0,270,254,256,2,1956700,506088000,321,63.9,256,5300,254,2000,659120000,659120000,158979744,0,0,0,0,0
2024-08-30,PUDP,Pudjiadi Prestige Tbk.,--U-1100000000H111------------,246,0,254,246,254,8,2114600,529924600,308,63.4,254,47500,252,100,659120000,659120000,158979744,0,0,0,0,0
2024-08-29,PUDP,Pudjiadi Prestige Tbk.,--U-1100000000H111------------,244,0,254,236,246,2,2335400,567095800,377,61.4,254,9800,246,500,659120000,659120000,158979744,0,0,0,0,0
2024-08-28,PUDP,Pudjiadi Prestige Tbk.,--U-1100000000H111------------,242,0,244,234,244,2,2132800,509601400,338,60.9,244,14600,242,1200,659120000,659120000,158979744,0,0,0,0,0
2024-08-27,PUDP,Pudjiadi Prestige Tbk.,--U-1100000000H111------------,240,0,242,234,242,2,2196200,523781400,239,60.4,244,500,240,400,659120000,659120000,158979744,3200,0,0,0,0
2024-08-26,PUDP,Pudjiadi Prestige Tbk.,--U-1100000000H111------------,238,0,242,228,240,2,2175000,518603600,262,59.9,240,4000,238,5500,659120000,659120000,158979744,0,3200,0,0,0
2024-08-23,PUDP,Pudjiadi Prestige Tbk.,--U-1100000000H111------------,236,0,242,226,238,2,2165100,515895400,340,59.4,238,600,234,2000,659120000,659120000,158979744,0,0,0,0,0
2024-08-22,PUDP,Pudjiadi Prestige Tbk.,--U-1100000000H111------------,232,0,236,226,236,4,2234000,512465200,353,58.9,238,7400,236,100,659120000,659120000,158979744,0,0,0,0,0
2024-08-21,PUDP,Pudjiadi Prestige Tbk.,--U-1100000000H111------------,230,0,232,222,232,2,2261500,511817800,353,57.9,232,36300,230,100,659120000,659120000,158979744,0,0,0,0,0
2024-08-20,PUDP,Pudjiadi Prestige Tbk.,--U-1100000000H111------------,228,0,230,222,230,2,2279400,512774200,477,57.4,230,7200,226,300,659120000,659120000,158979744,0,0,0,0,0
2024-08-19,PUDP,Pudjiadi Prestige Tbk.,--U-1100000000H111------------,230,0,230,224,228,-2,456200,102667600,280,56.9,228,21500,226,500,659120000,659120000,158979744,0,0,0,0,0
2024-08-16,PUDP,Pudjiadi Prestige Tbk.,--U-1100000000H111------------,228,0,238,220,230,2,543300,121981400,225,57.4,230,4800,220,13200,659120000,659120000,158979744,0,0,0,0,0
2024-08-15,PUDP,Pudjiadi Prestige Tbk.,--U-1100000000H111------------,226,0,228,222,228,2,451200,100983200,214,56.9,228,10700,226,400,659120000,659120000,158979744,0,0,0,0,0
2024-08-14,PUDP,Pudjiadi Prestige Tbk.,--U-1100000000H111------------,226,0,228,222,228,2,451200,100983200,214,56.9,228,10700,226,400,659120000,659120000,158979744,0,0,0,0,0
2024-08-13,PUDP,Pudjiadi Prestige Tbk.,--U-1100000000H111------------,224,0,226,220,226,2,550600,123155600,205,56.4,226,6800,222,200,659120000,659120000,158979744,0,0,0,0,0
2024-08-12,PUDP,Pudjiadi Prestige Tbk.,--U-1100000000H111------------,224,0,230,220,224,0,458100,102142200,210,55.9,224,162200,220,114300,659120000,659120000,158979744,0,0,0,0,0
2024-08-09,PUDP,Pudjiadi Prestige Tbk.,--U-1100000000H111------------,226,0,230,222,224,-2,461900,104583200,162,55.9,226,3800,224,400,659120000,659120000,158979744,0,0,0,0,0
2024-08-08,PUDP,Pudjiadi Prestige Tbk.,--U-1100000000H111------------,228,0,230,222,226,-2,449400,101795400,138,56.4,226,9800,222,5500,659120000,659120000,158979744,0,0,0,0,0
2024-08-07,PUDP,Pudjiadi Prestige Tbk.,--U-1100000000H111------------,226,0,232,222,228,2,611900,139774800,174,56.9,226,600,224,2700,659120000,659120000,158979744,162000,0,0,0,0
2024-08-06,PUDP,Pudjiadi Prestige Tbk.,--U-1100000000H111------------,226,0,230,222,226,0,443600,100470600,222,56.4,226,100,222,1100,659120000,659120000,158979744,0,0,0,0,0
2024-08-05,PUDP,Pudjiadi Prestige Tbk.,--U-1100000000H111------------,232,0,236,220,226,-6,439600,100799800,212,56.4,226,600,222,300,659120000,659120000,158979744,0,0,0,0,0
2024-08-02,PUDP,Pudjiadi Prestige Tbk.,--U-1100000000H111------------,232,0,234,228,232,0,503500,116421000,137,57.9,232,4600,230,200,659120000,659120000,158979744,0,0,0,0,0
2024-08-01,PUDP,Pudjiadi Prestige Tbk.,--U-1100000000H111------------,230,0,234,230,232,2,444000,102525200,162,57.9,232,3400,228,800,659120000,659120000,158979744,0,0,0,0,0
2024-07-31,PUDP,Pudjiadi Prestige Tbk.,--U-1100000000H111------------,230,0,252,222,228,-2,637000,147934600,262,56.9,230,100,228,400,659120000,659120000,158979744,0,0,0,0,0
2024-07-30,PUDP,Pudjiadi Prestige Tbk.,--U-1100000000H111------------,230,0,252,222,228,-2,637000,147934600,262,56.9,230,100,228,400,659120000,659120000,158979744,0,0,0,0,0
2024-07-27,PUDP,Pudjiadi Prestige Tbk.,--U-1100000000H111------------,224,0,244,222,224,0,443500,100728000,109,55.9,226,2700,224,200,659120000,659120000,158979744,0,0,0,0,0
2024-07-26,PUDP,Pudjiadi Prestige Tbk.,--U-1100000000H111------------,224,0,244,222,224,0,443500,100728000,109,55.9,226,2700,224,200,659120000,659120000,158979744,0,0,0,0,0
2024-07-25,PUDP,Pudjiadi Prestige Tbk.,--U-1100000000H111------------,228,0,230,214,224,-4,458900,103116000,159,55.9,224,1700,214,1700,659120000,659120000,158979744,0,0,0,0,0
2024-07-24,PUDP,Pudjiadi Prestige Tbk.,--U-1100000000H111------------,228,0,230,222,228,0,458800,104274200,116,56.9,230,10500,222,500,659120000,659120000,158979744,0,0,0,0,0
2024-07-23,PUDP,Pudjiadi Prestige Tbk.,--U-1100000000H111------------,226,0,230,220,228,2,15800,3511200,26,56.9,228,3200,220,300,659120000,659120000,158979744,0,0,0,0,0
2024-07-22,PUDP,Pudjiadi Prestige Tbk.,--U-1100000000H111------------,228,0,234,220,226,-2,72800,16213800,82,56.4,230,1700,226,2300,659120000,659120000,158979744,0,0,0,0,0
2024-07-19,PUDP,Pudjiadi Prestige Tbk.,--U-1100000000H111------------,230,0,236,228,228,-2,58500,13519600,59,56.9,234,7500,228,300,659120000,659120000,158979744,0,0,0,0,0
2024-07-18,PUDP,Pudjiadi Prestige Tbk.,--U-1100000000H111------------,228,0,238,226,230,2,26500,6156000,67,57.4,230,300,228,400,659120000,659120000,158979744,0,0,0,0,0
2024-07-17,PUDP,Pudjiadi Prestige Tbk.,--U-1100000000H111------------,236,0,250,228,228,-8,38200,8964400,75,56.9,228,300,226,400,659120000,659120000,158979744,0,0,0,0,0
2024-07-16,PUDP,Pudjiadi Prestige Tbk.,--U-1100000000H111------------,236,0,262,232,236,0,212300,52145400,234,58.9,238,12700,236,4700,659120000,659120000,158979744,0,0,0,0,0
2024-07-12,PUDP,Pudjiadi Prestige Tbk.,SSU-4100000000H111-----------X,248,0,246,246,246,-2,20500,5043000,12,61.4,246,10200,240,300,659120000,659120000,158979744,0,0,0,0,0
2024-07-11,PUDP,Pudjiadi Prestige Tbk.,SSU-4100000000H111-----------X,246,0,250,248,248,2,20700,5135800,14,61.9,248,800,246,200,659120000,659120000,158979744,0,0,0,0,0
2024-07-10,PUDP,Pudjiadi Prestige Tbk.,SSU-4100000000H111-----------X,248,0,248,246,246,-2,21200,5216600,4,61.4,248,8100,246,300,659120000,659120000,158979744,0,0,0,0,0
2024-07-09,PUDP,Pudjiadi Prestige Tbk.,SSU-4100000000H111-----------X,236,0,248,236,248,12,35400,8750400,23,61.9,250,19200,236,300,659120000,659120000,158979744,0,0,0,0,0
2024-07-08,PUDP,Pudjiadi Prestige Tbk.,SSU-4100000000H111-----------X,240,0,240,236,236,-4,22700,5366000,10,58.9,236,1000,234,1200,659120000,659120000,158979744,0,0,0,0,0
2024-07-05,PUDP,Pudjiadi Prestige Tbk.,SSU-4100000000H111-----------X,230,0,250,240,240,10,5400,1316000,14,59.9,240,2600,234,1400,659120000,659120000,158979744,0,0,0,0,0
2024-07-04,PUDP,Pudjiadi Prestige Tbk.,XDU-4100000000H111-----------X,480,0,510,482,500,20,57600,28801200,38,62.4,510,28100,500,7500,329560000,329560000,79489872,0,0,0,0,0
2024-07-03,PUDP,Pudjiadi Prestige Tbk.,XDU-4100000000H111-----------X,480,0,510,482,500,20,57600,28801200,38,62.4,510,28100,500,7500,329560000,329560000,79489872,0,0,0,0,0
2024-07-02,PUDP,Pudjiadi Prestige Tbk.,XDU-4100000000H111-----------X,438,0,480,458,480,42,123200,57797600,50,59.9,0,0,480,94400,329560000,329560000,79489872,0,0,0,0,0
2024-07-01,PUDP,Pudjiadi Prestige Tbk.,XDU-4100000000H111-----------X,400,0,438,400,438,38,18000,7268400,17,54.6,438,37200,402,6000,329560000,329560000,79489872,0,0,0,0,0
2024-06-28,PUDP,Pudjiadi Prestige Tbk.,XDU-4100000000H111-----------X,400,0,400,400,400,0,14100,5640000,5,49.9,412,200,400,36200,329560000,329560000,79489872,0,0,0,0,0
2024-06-27,PUDP,Pudjiadi Prestige Tbk.,XDU-4100000000H111-----------X,400,0,400,400,400,0,11400,4560000,4,49.9,410,200,400,88900,329560000,329560000,79489872,0,0,0,0,0
2024-06-26,PUDP,Pudjiadi Prestige Tbk.,XDU-4100000000H111-----------X,400,0,400,400,400,0,12600,5040000,3,49.9,412,200,396,100,329560000,329560000,79489872,0,0,0,0,0
2024-06-25,PUDP,Pudjiadi Prestige Tbk.,XDU-4100000000H111-----------X,400,0,400,400,400,0,12600,5040000,3,49.9,412,200,396,100,329560000,329560000,79489872,0,0,0,0,0
2024-06-24,PUDP,Pudjiadi Prestige Tbk.,XDU-4100000000H111-----------X,400,0,400,400,400,0,19900,7960000,8,49.9,402,400,400,80400,329560000,329560000,79489872,2800,0,0,0,0
2024-06-21,PUDP,Pudjiadi Prestige Tbk.,XDU-4100000000H111-----------X,400,0,400,400,400,0,15300,6120000,10,49.9,410,400,400,85300,329560000,329560000,79489872,0,0,0,0,0
2024-06-20,PUDP,Pudjiadi Prestige Tbk.,--U-4100000000H111-----------X,400,0,400,400,400,0,8900,3560000,9,49.9,410,400,400,91600,329560000,329560000,79489872,0,0,0,0,0
2024-06-19,PUDP,Pudjiadi Prestige Tbk.,--U-4100000000H111-----------X,402,0,402,400,400,-2,19500,7803800,10,49.9,402,200,400,82900,329560000,329560000,79489872,0,0,0,0,0
2024-06-14,PUDP,Pudjiadi Prestige Tbk.,CDU-4100000000H111-----------X,402,0,402,400,402,0,11100,4460600,9,50.1,402,2600,400,100,329560000,329560000,79489872,0,0,0,0,0
2024-06-13,PUDP,Pudjiadi Prestige Tbk.,--U-4100000000H111-----------X,400,0,402,400,402,2,15400,6182000,17,50.1,402,5100,400,106500,329560000,329560000,79489872,0,0,0,0,0
2024-06-12,PUDP,Pudjiadi Prestige Tbk.,--U-4100000000H111-----------X,402,0,402,400,400,-2,6000,2403600,9,49.9,402,7500,400,96200,329560000,329560000,79489872,0,0,0,0,0
2024-06-11,PUDP,Pudjiadi Prestige Tbk.,--U-4100000000H111-----------X,400,0,404,402,402,2,19300,7768200,13,50.1,402,500,400,121200,329560000,329560000,79489872,0,0,0,0,0
2024-06-10,PUDP,Pudjiadi Prestige Tbk.,--U-4100000000H111-----------X,390,0,400,400,400,10,34500,13800000,22,49.9,402,600,400,4600,329560000,329560000,79489872,0,0,0,0,0
2024-06-07,PUDP,Pudjiadi Prestige Tbk.,--U-4100000000H111-----------X,412,0,408,390,390,-22,516900,202694400,41,48.6,400,25000,390,4900,329560000,329560000,79489872,0,0,0,0,0
2024-06-06,PUDP,Pudjiadi Prestige Tbk.,--U-4100000000H111-----------X,380,0,418,410,412,32,11100,4609800,29,51.4,412,17400,410,200,329560000,329560000,79489872,0,0,0,0,0
2024-06-05,PUDP,Pudjiadi Prestige Tbk.,--U-4100000000H111-----------X,346,0,380,380,380,34,9500,3610000,16,47.4,0,0,380,324500,329560000,329560000,79489872,0,0,0,0,0
2024-06-04,PUDP,Pudjiadi Prestige Tbk.,--U-4100000000H111-----------X,316,0,346,346,346,30,8100,2802600,12,43.2,0,0,346,328800,329560000,329560000,79489872,0,0,0,0,0
2024-06-03,PUDP,Pudjiadi Prestige Tbk.,--U-4100000000H111-----------X,288,0,316,316,316,28,65800,20792800,18,39.4,0,0,316,990300,329560000,329560000,79489872,0,0,0,0,0
2024-05-31,PUDP,Pudjiadi Prestige Tbk.,--U-4100000000H111-----------X,262,0,288,262,288,26,171700,46290600,15,35.9,0,0,288,600300,329560000,329560000,79489872,0,0,0,0,0
2024-05-30,PUDP,Pudjiadi Prestige Tbk.,--U-4100000000H111-----------X,278,0,262,254,262,-16,144000,36965400,65,32.7,278,91600,262,14800,329560000,329560000,79489872,0,0,0,0,0
2024-05-29,PUDP,Pudjiadi Prestige Tbk.,--U-4100000000H111-----------X,308,0,278,278,278,-30,102300,28439400,25,34.7,278,100100,0,0,329560000,329560000,79489872,0,0,0,0,0
2024-05-28,PUDP,Pudjiadi Prestige Tbk.,--U-4100000000H111-----------X,342,0,308,308,308,-34,22500,6930000,19,38.4,308,294500,0,0,329560000,329560000,79489872,0,0,0,0,0
2024-05-27,PUDP,Pudjiadi Prestige Tbk.,--U-4100000000H111-----------X,378,0,342,342,342,-36,38300,13098600,23,42.7,342,156200,0,0,329560000,329560000,79489872,0,0,0,0,0
2024-05-22,PUDP,Pudjiadi Prestige Tbk.,--U-4100000000H111-----------X,380,0,380,378,378,-2,18100,6847000,10,47.1,380,28600,376,1200,329560000,329560000,79489872,0,0,0,0,0
2024-05-21,PUDP,Pudjiadi Prestige Tbk.,--U-4100000000H111-----------X,382,0,380,380,380,-2,14500,5510000,5,47.4,382,128900,376,200,329560000,329560000,79489872,0,0,0,0,0
2024-05-20,PUDP,Pudjiadi Prestige Tbk.,--U-4100000000H111-----------X,388,0,386,382,382,-6,14700,5617600,7,47.6,384,27300,380,1300,329560000,329560000,79489872,0,0,0,0,0
2024-05-17,PUDP,Pudjiadi Prestige Tbk.,--U-4100000000H111-----------X,394,0,390,388,388,-6,16900,6560800,8,48.4,390,152900,380,1300,329560000,329560000,79489872,0,0,0,0,0
2024-05-16,PUDP,Pudjiadi Prestige Tbk.,--U-4100000000H111-----------X,398,0,396,394,394,-4,34200,13517200,20,49.1,396,142500,388,100,329560000,329560000,79489872,0,0,0,0,0
2024-05-15,PUDP,Pudjiadi Prestige Tbk.,--U-4100000000H111-----------X,408,0,400,398,398,-10,26300,10487800,15,49.6,400,27100,398,4500,329560000,329560000,79489872,0,0,0,0,0
2024-05-14,PUDP,Pudjiadi Prestige Tbk.,--U-4100000000H111-----------X,414,0,410,408,408,-6,15300,6246000,8,50.9,408,2800,376,100,329560000,329560000,79489872,0,1000,0,0,0
2024-05-13,PUDP,Pudjiadi Prestige Tbk.,--U-4100000000H111-----------X,424,0,416,414,414,-10,31700,13131400,29,51.6,416,55500,410,50000,329560000,329560000,79489872,0,0,0,0,0
2024-05-08,PUDP,Pudjiadi Prestige Tbk.,--U-4100000000H111-----------X,436,0,428,424,424,-12,44100,18738400,15,52.9,424,2900,408,300,329560000,329560000,79489872,0,0,0,0,0
2024-05-07,PUDP,Pudjiadi Prestige Tbk.,--U-4100000000H111-----------X,442,0,440,436,436,-6,128600,56074000,28,54.4,438,32600,424,500,329560000,329560000,79489872,0,0,0,0,0
2024-05-06,PUDP,Pudjiadi Prestige Tbk.,--U-4100000000H111-----------X,446,0,446,442,442,-4,33000,14630000,8,55.1,442,40300,440,500,329560000,329560000,79489872,0,0,0,0,0
2024-05-03,PUDP,Pudjiadi Prestige Tbk.,--U-4100000000H111-----------X,450,0,450,446,446,-4,17800,7943600,7,55.6,446,600,0,0,329560000,329560000,79489872,0,0,0,0,0
2024-05-02,PUDP,Pudjiadi Prestige Tbk.,--U-4100000000H111-----------X,454,0,450,450,450,-4,600,270000,5,56.1,450,180400,448,100,329560000,329560000,79489872,0,0,2000000,900000000,1
2024-04-30,PUDP,Pudjiadi Prestige Tbk.,--U-4100000000H111-----------X,460,0,460,454,454,-6,1400,642200,6,56.6,454,1500,450,500,329560000,329560000,79489872,0,0,0,0,0
2024-04-29,PUDP,Pudjiadi Prestige Tbk.,--U-4100000000H111-----------X,480,0,478,460,460,-20,500,231800,4,57.4,460,22700,458,1100,329560000,329560000,79489872,0,0,0,0,0
2024-04-26,PUDP,Pudjiadi Prestige Tbk.,--U-4100000000H111-----------X,480,0,480,480,480,0,300,144000,1,59.9,480,47900,470,2000,329560000,329560000,79489872,0,0,0,0,0
2024-04-25,PUDP,Pudjiadi Prestige Tbk.,--U-4100000000H111-----------X,488,0,488,480,480,-8,2700,1304000,5,59.9,480,55500,466,100,329560000,329560000,79489872,0,0,0,0,0
2024-04-24,PUDP,Pudjiadi Prestige Tbk.,--U-4100000000H111-----------X,488,0,488,488,488,0,200,97600,2,60.9,488,110100,486,100,329560000,329560000,79489872,0,0,0,0,0
2024-04-23,PUDP,Pudjiadi Prestige Tbk.,--U-4100000000H111-----------X,490,0,488,488,488,-2,4800,2342400,13,60.9,488,110400,486,600,329560000,329560000,79489872,0,0,0,0,0
2024-04-22,PUDP,Pudjiadi Prestige Tbk.,--U-4100000000H111-----------X,500,0,490,490,490,-10,10300,5047000,7,61.1,490,118400,488,1200,329560000,329560000,79489872,0,0,0,0,0
2024-04-19,PUDP,Pudjiadi Prestige Tbk.,--U-4100000000H111-----------X,510,0,500,500,500,-10,2900,1450000,2,62.4,510,10500,500,17300,329560000,329560000,79489872,0,0,0,0,0
2024-04-18,PUDP,Pudjiadi Prestige Tbk.,--U-4100000000H111-----------X,510,0,510,510,510,0,2200,1122000,6,63.6,510,171000,498,1200,329560000,329560000,79489872,0,0,0,0,0
2024-04-17,PUDP,Pudjiadi Prestige Tbk.,--U-4100000000H111-----------X,510,0,510,510,510,0,2100,1071000,5,63.6,510,231500,460,100,329560000,329560000,79489872,0,0,0,0,0
2024-04-06,PUDP,Pudjiadi Prestige Tbk.,--U-4100000000H111-----------X,525,0,510,510,510,-15,18500,9435000,12,63.6,510,30000,500,400,329560000,329560000,79489872,0,0,0,0,0
2024-04-05,PUDP,Pudjiadi Prestige Tbk.,--U-4100000000H111-----------X,525,0,510,510,510,-15,18500,9435000,12,63.6,510,30000,500,400,329560000,329560000,79489872,0,0,0,0,0
2024-04-04,PUDP,Pudjiadi Prestige Tbk.,--U-4100000000H111-----------X,525,0,0,0,525,0,0,0,0,65.5,496,300,0,0,329560000,329560000,79489872,0,0,0,0,0
2024-04-03,PUDP,Pudjiadi Prestige Tbk.,--U-4100000000H111-----------X,525,0,525,525,525,0,400,210000,2,65.5,525,8800,498,300,329560000,329560000,79489872,0,0,0,0,0
2024-04-02,PUDP,Pudjiadi Prestige Tbk.,--U-4100000000H111-----------X,525,0,525,525,525,0,100,52500,1,65.5,525,102000,0,0,329560000,329560000,79489872,0,0,0,0,0
2024-04-01,PUDP,Pudjiadi Prestige Tbk.,--U-4100000000H111-----------X,525,0,525,525,525,0,100,52500,1,65.5,525,31000,520,200,329560000,329560000,79489872,0,0,0,0,0
2024-03-28,PUDP,Pudjiadi Prestige Tbk.,--U-4100000000H111-----------X,525,0,525,525,525,0,1900,997500,4,65.5,525,1200,520,200,329560000,329560000,79489872,0,0,0,0,0
2024-03-27,PUDP,Pudjiadi Prestige Tbk.,--U-4100000000H111-----------X,525,0,525,525,525,0,20000,10500000,20,65.5,530,600,525,19300,329560000,329560000,79489872,0,0,0,0,0
2024-03-26,PUDP,Pudjiadi Prestige Tbk.,--U-4100000000H111-----------X,535,0,530,525,525,-10,18800,9921500,14,65.5,530,5600,525,21800,329560000,329560000,79489872,0,0,0,0,0
2024-03-22,PUDP,Pudjiadi Prestige Tbk.,--U-4100000000H111-----------X,550,0,545,530,545,-5,13200,7070000,20,68.0,545,600,535,100,329560000,329560000,79489872,0,2800,0,0,0
2024-03-21,PUDP,Pudjiadi Prestige Tbk.,--U-4100000000H111-----------X,535,0,550,535,550,15,5800,3154000,13,68.6,550,121500,535,2500,329560000,329560000,79489872,0,0,0,0,0
2024-03-20,PUDP,Pudjiadi Prestige Tbk.,--U-4100000000H111-----------X,535,0,550,535,535,0,3800,2034500,9,66.7,535,600,530,2300,329560000,329560000,79489872,0,0,0,0,0
2024-03-19,PUDP,Pudjiadi Prestige Tbk.,--U-4100000000H111-----------X,545,0,550,535,535,-10,3900,2109000,14,66.7,550,122000,540,1000,329560000,329560000,79489872,0,0,0,0,0
2024-03-18,PUDP,Pudjiadi Prestige Tbk.,--U-4100000000H111-----------X,535,0,545,535,545,10,2500,1343500,10,68.0,545,800,535,1000,329560000,329560000,79489872,0,0,0,0,0
2024-03-15,PUDP,Pudjiadi Prestige Tbk.,--U-4100000000H111-----------X,535,0,545,525,535,0,9700,5127000,17,66.7,545,1700,535,2600,329560000,329560000,79489872,0,0,0,0,0
2024-03-14,PUDP,Pudjiadi Prestige Tbk.,--U-4100000000H111-----------X,545,0,550,530,535,-10,16500,8965500,21,66.7,545,500,540,500,329560000,329560000,79489872,0,0,0,0,0
2024-03-13,PUDP,Pudjiadi Prestige Tbk.,--U-4100000000H111-----------X,545,0,545,530,545,0,6800,3621500,14,68.0,545,200,535,500,329560000,329560000,79489872,0,0,0,0,0
2024-03-08,PUDP,Pudjiadi Prestige Tbk.,--U-4100000000H111-----------X,545,0,545,535,545,0,4900,2628000,16,68.0,545,1700,535,1400,329560000,329560000,79489872,0,0,0,0,0
2024-03-07,PUDP,Pudjiadi Prestige Tbk.,--U-4100000000H111-----------X,550,0,555,530,545,-5,3800,2080000,17,68.0,545,1400,540,400,329560000,329560000,79489872,0,0,0,0,0
2024-03-06,PUDP,Pudjiadi Prestige Tbk.,--U-4100000000H111-----------X,540,0,555,520,550,10,17700,9710000,24,68.6,550,123300,545,2800,329560000,329560000,79489872,0,0,0,0,0
2024-03-05,PUDP,Pudjiadi Prestige Tbk.,--U-4100000000H111-----------X,545,0,555,535,540,-5,2800,1515000,10,67.4,540,31700,535,500,329560000,329560000,79489872,0,0,0,0,0
2024-03-04,PUDP,Pudjiadi Prestige Tbk.,--U-4100000000H111-----------X,535,0,555,535,545,10,21300,11622500,17,68.0,545,1300,535,2000,329560000,329560000,79489872,0,0,0,0,0
2024-03-01,PUDP,Pudjiadi Prestige Tbk.,--U-4100000000H111-----------X,545,0,550,530,535,-10,4500,2415000,18,66.7,555,200,535,4900,329560000,329560000,79489872,0,0,0,0,0
2024-02-29,PUDP,Pudjiadi Prestige Tbk.,--U-4100000000H111-----------X,545,0,545,540,545,0,14600,7911000,17,68.0,545,1000,540,200,329560000,329560000,79489872,0,10500,0,0,0
2024-02-28,PUDP,Pudjiadi Prestige Tbk.,--U-4100000000H111-----------X,535,0,545,535,545,10,7400,4018500,16,68.0,545,4600,540,1000,329560000,329560000,79489872,0,0,0,0,0
2024-02-27,PUDP,Pudjiadi Prestige Tbk.,--U-4100000000H111-----------X,535,0,545,535,545,10,7400,4018500,16,68.0,545,4600,540,1000,329560000,329560000,79489872,0,0,0,0,0
2024-02-26,PUDP,Pudjiadi Prestige Tbk.,--U-4100000000H111-----------X,530,0,540,500,535,5,233800,119935000,106,66.7,535,5700,515,1600,329560000,329560000,79489872,13300,0,0,0,0
2024-02-23,PUDP,Pudjiadi Prestige Tbk.,--U-4100000000H111-----------X,585,0,595,530,530,-55,259200,141351500,83,66.1,540,50000,0,0,329560000,329560000,79489872,0,3100,0,0,0
2024-02-22,PUDP,Pudjiadi Prestige Tbk.,--U-4100000000H111-----------X,555,0,585,550,585,30,16700,9532500,22,73.0,585,1200,555,400,329560000,329560000,79489872,0,3200,0,0,0
2024-02-21,PUDP,Pudjiadi Prestige Tbk.,--U-4100000000H111-----------X,565,0,580,555,555,-10,8200,4553500,10,69.2,575,200,555,19400,329560000,329560000,79489872,0,3700,0,0,0
2024-02-20,PUDP,Pudjiadi Prestige Tbk.,--U-4100000000H111-----------X,570,0,585,555,565,-5,7700,4282000,10,70.5,565,300,555,5400,329560000,329560000,79489872,0,0,0,0,0
2024-02-19,PUDP,Pudjiadi Prestige Tbk.,--U-4100000000H111-----------X,570,0,570,565,570,0,1400,792500,6,71.1,585,200,570,1100,329560000,329560000,79489872,0,900,0,0,0
2024-02-16,PUDP,Pudjiadi Prestige Tbk.,--U-4100000000H111-----------X,565,0,605,565,570,5,21200,12284000,29,71.1,580,300,570,3200,329560000,329560000,79489872,4000,0,0,0,0
2024-02-15,PUDP,Pudjiadi Prestige Tbk.,--U-4100000000H111-----------X,575,0,620,565,565,-10,39900,23815500,19,70.5,585,1200,560,5100,329560000,329560000,79489872,0,21500,0,0,0
2024-02-13,PUDP,Pudjiadi Prestige Tbk.,--U-4100000000H111-----------X,550,0,595,550,555,5,19800,11049000,24,69.2,560,1100,555,8900,329560000,329560000,79489872,1900,0,0,0,0
2024-02-12,PUDP,Pudjiadi Prestige Tbk.,--U-4100000000H111-----------X,550,0,595,550,555,5,19800,11049000,24,69.2,560,1100,555,8900,329560000,329560000,79489872,1900,0,0,0,0
2024-02-07,PUDP,Pudjiadi Prestige Tbk.,--U-4100000000H111-----------X,555,0,590,550,550,-5,11300,6417500,35,68.6,565,500,550,6200,329560000,329560000,79489872,0,0,0,0,0
2024-02-06,PUDP,Pudjiadi Prestige Tbk.,--U-4100000000H111-----------X,570,0,565,545,555,-15,33400,18307500,23,69.2,560,600,555,7200,329560000,329560000,79489872,0,3900,0,0,0
2024-02-05,PUDP,Pudjiadi Prestige Tbk.,--U-4100000000H111-----------X,550,0,570,550,570,20,15700,8678000,25,71.1,570,3400,550,300,329560000,329560000,79489872,0,0,0,0,0
2024-02-02,PUDP,Pudjiadi Prestige Tbk.,--U-4100000000H111-----------X,600,0,595,550,550,-50,43100,23955500,53,68.6,550,1700,545,2600,329560000,329560000,79489872,0,1400,0,0,0
2024-02-01,PUDP,Pudjiadi Prestige Tbk.,--U-4100000000H111-----------X,620,0,605,590,600,-20,12700,7583500,38,74.8,600,5100,595,1600,329560000,329560000,79489872,0,1500,0,0,0
2024-01-31,PUDP,Pudjiadi Prestige Tbk.,--U-4100000000H111-----------X,620,0,605,590,600,-20,12700,7583500,38,74.8,600,5100,595,1600,329560000,329560000,79489872,0,1500,0,0,0
2024-01-30,PUDP,Pudjiadi Prestige Tbk.,--U-1100000000H111------------,610,0,625,590,620,10,3200,1959500,24,77.3,620,200,605,1000,329560000,329560000,79489872,0,0,0,0,0
2024-01-29,PUDP,Pudjiadi Prestige Tbk.,--U-1100000000H111------------,610,0,610,590,610,0,4400,2670500,24,76.1,610,1700,600,100,329560000,329560000,79489872,0,0,0,0,0
2024-01-26,PUDP,Pudjiadi Prestige Tbk.,--U-1100000000H111------------,600,0,635,600,610,10,9000,5502000,29,76.1,610,600,600,500,329560000,329560000,79489872,1100,1000,0,0,0
2024-01-25,PUDP,Pudjiadi Prestige Tbk.,--U-1100000000H111------------,600,0,640,590,600,0,39500,24004000,38,74.8,620,100,600,1900,329560000,329560000,79489872,5000,0,0,0,0
2024-01-24,PUDP,Pudjiadi Prestige Tbk.,--U-1100000000H111------------,620,0,620,600,600,-20,23300,14245000,45,74.8,610,500,600,8700,329560000,329560000,79489872,0,1000,0,0,0
2024-01-23,PUDP,Pudjiadi Prestige Tbk.,--U-1100000000H111------------,630,0,630,620,620,-10,14200,8829000,27,77.3,620,12700,615,2100,329560000,329560000,79489872,0,0,0,0,0
2024-01-22,PUDP,Pudjiadi Prestige Tbk.,--U-1100000000H111------------,640,0,640,610,630,-10,19700,12247500,14,78.6,630,1400,625,2500,329560000,329560000,79489872,5000,1200,0,0,0
2024-01-19,PUDP,Pudjiadi Prestige Tbk.,--U-1100000000H111------------,640,0,645,615,640,0,15100,9407000,18,79.8,630,1200,620,2600,329560000,329560000,79489872,0,7900,0,0,0
2024-01-18,PUDP,Pudjiadi Prestige Tbk.,--U-1100000000H111------------,635,0,640,635,640,5,21700,13833500,20,79.8,640,16200,635,1800,329560000,329560000,79489872,0,0,0,0,0
2024-01-17,PUDP,Pudjiadi Prestige Tbk.,--U-1100000000H111------------,635,0,655,630,635,0,16400,10553500,35,79.2,650,3600,640,100,329560000,329560000,79489872,5100,0,0,0,0
2024-01-16,PUDP,Pudjiadi Prestige Tbk.,--U-1100000000H111------------,620,0,645,610,635,15,42200,26379500,62,79.2,630,300,615,100,329560000,329560000,79489872,16000,7700,0,0,0
2024-01-15,PUDP,Pudjiadi Prestige Tbk.,--U-1100000000H111------------,605,0,680,610,620,15,70700,45039000,99,77.3,640,200,620,100,329560000,329560000,79489872,19400,0,0,0,0
2024-01-12,PUDP,Pudjiadi Prestige Tbk.,--U-1100000000H111------------,610,0,620,605,605,-5,19200,11784000,25,75.5,610,14000,605,5400,329560000,329560000,79489872,0,7000,0,0,0
2024-01-11,PUDP,Pudjiadi Prestige Tbk.,--U-1100000000H111------------,610,0,625,605,610,0,17600,10812000,30,76.1,615,400,610,4400,329560000,329560000,79489872,100,0,0,0,0
2024-01-10,PUDP,Pudjiadi Prestige Tbk.,--U-1100000000H111------------,610,0,615,610,610,0,2700,1647500,20,76.1,610,100,605,200,329560000,329560000,79489872,900,0,0,0,0
2024-01-09,PUDP,Pudjiadi Prestige Tbk.,--U-1100000000H111------------,615,0,615,565,610,-5,43300,26180500,43,76.1,615,400,610,600,329560000,329560000,79489872,0,0,0,0,0
2024-01-08,PUDP,Pudjiadi Prestige Tbk.,--U-1100000000H111------------,625,0,640,615,615,-10,17400,10812000,30,76.7,630,1600,615,400,329560000,329560000,79489872,0,0,0,0,0
2024-01-05,PUDP,Pudjiadi Prestige Tbk.,--U-1100000000H111------------,615,0,640,620,625,10,7900,4996000,30,78.0,640,2500,625,12000,329560000,329560000,79489872,0,0,0,0,0
2024-01-04,PUDP,Pudjiadi Prestige Tbk.,--U-1100000000H111------------,625,0,620,605,615,-10,20000,12224000,33,76.7,625,1100,610,3400,329560000,329560000,79489872,0,7700,0,0,0
2024-01-03,PUDP,Pudjiadi Prestige Tbk.,--U-1100000000H111------------,630,0,640,585,625,-5,141500,88065000,116,78.0,625,2400,620,100,329560000,329560000,79489872,17400,9900,0,0,0
2024-01-02,PUDP,Pudjiadi Prestige Tbk.,--U-1100000000H111------------,585,0,650,565,630,45,123900,74730500,150,78.6,630,7100,620,10000,329560000,329560000,79489872,2300,11700,0,0,0
2023-12-29,PUDP,Pudjiadi Prestige Tbk.,--U-1100000000H111------------,580,0,600,575,585,5,11100,6456500,23,73.0,585,18900,575,58700,329560000,329560000,79489872,2600,0,0,0,0
2023-12-28,PUDP,Pudjiadi Prestige Tbk.,--U-1100000000H111------------,570,0,610,570,580,10,31300,18432500,51,72.3,580,17200,575,1200,329560000,329560000,79489872,1800,9200,0,0,0
2023-12-27,PUDP,Pudjiadi Prestige Tbk.,--U-1100000000H111------------,555,0,580,555,570,15,23300,13199500,63,71.1,570,2000,565,1000,329560000,329560000,79489872,6400,1300,0,0,0
2023-12-22,PUDP,Pudjiadi Prestige Tbk.,--U-1100000000H111------------,550,0,575,545,555,5,14100,7802500,32,69.2,555,1900,550,2200,329560000,329560000,79489872,0,0,0,0,0
2023-12-21,PUDP,Pudjiadi Prestige Tbk.,--U-1100000000H111------------,525,0,620,525,550,25,267300,152392500,395,68.6,560,100,550,1600,329560000,329560000,79489872,22800,20900,0,0,0
2023-12-20,PUDP,Pudjiadi Prestige Tbk.,--U-1100000000H111------------,575,0,575,515,525,-50,406700,220802000,262,65.5,545,1500,525,9800,329560000,329560000,79489872,25400,52000,0,0,0
2023-12-19,PUDP,Pudjiadi Prestige Tbk.,--U-1100000000H111------------,580,0,580,565,575,-5,31400,18033000,43,71.7,580,2600,575,2000,329560000,329560000,79489872,0,7500,0,0,0
2023-12-18,PUDP,Pudjiadi Prestige Tbk.,--U-1100000000H111------------,570,0,600,530,580,10,105800,60329000,89,72.3,580,3100,575,200,329560000,329560000,79489872,0,13300,0,0,0
2023-12-15,PUDP,Pudjiadi Prestige Tbk.,--U-1100000000H111------------,595,0,595,570,570,-25,44200,25471000,71,71.1,570,5200,565,8300,329560000,329560000,79489872,0,0,0,0,0
2023-12-14,PUDP,Pudjiadi Prestige Tbk.,--U-1100000000H111------------,590,0,650,575,595,5,18000,10655000,55,74.2,595,3300,580,200,329560000,329560000,79489872,2000,0,0,0,0
2023-12-13,PUDP,Pudjiadi Prestige Tbk.,--U-1100000000H111------------,575,0,590,575,590,15,15600,9044500,23,73.6,595,600,575,111600,329560000,329560000,79489872,0,3900,0,0,0
2023-12-12,PUDP,Pudjiadi Prestige Tbk.,--U-1100000000H111------------,585,0,620,560,575,-10,37500,22083500,61,71.7,585,600,575,200,329560000,329560000,79489872,6100,1900,0,0,0
2023-12-11,PUDP,Pudjiadi Prestige Tbk.,--U-1100000000H111------------,595,0,600,565,585,-10,54500,31647500,89,73.0,590,900,585,900,329560000,329560000,79489872,0,14100,0,0,0
2023-12-08,PUDP,Pudjiadi Prestige Tbk.,--U-1100000000H111------------,630,0,625,580,595,-35,103200,62134500,93,74.2,600,100,595,500,329560000,329560000,79489872,7200,5300,0,0,0
2023-12-07,PUDP,Pudjiadi Prestige Tbk.,--U-1100000000H111------------,685,0,710,630,630,-55,55300,36584500,89,78.6,630,34900,625,500,329560000,329560000,79489872,1200,0,0,0,0
2023-12-06,PUDP,Pudjiadi Prestige Tbk.,--U-1100000000H111------------,805,0,810,665,685,-120,152000,108472500,266,85.4,695,400,685,5800,329560000,329560000,79489872,11900,3900,0,0,0
2023-12-05,PUDP,Pudjiadi Prestige Tbk.,--U-1100000000H111------------,810,0,835,780,805,-5,12900,10376500,24,100.4,825,100,805,12500,329560000,329560000,79489872,0,0,0,0,0
2023-12-04,PUDP,Pudjiadi Prestige Tbk.,--U-1100000000H111------------,780,0,885,800,810,30,62200,51949500,113,101.0,810,100,800,100,329560000,329560000,79489872,16000,0,0,0,0
2023-12-01,PUDP,Pudjiadi Prestige Tbk.,--U-1100000000H111------------,860,0,900,775,780,-80,195200,167623500,146,97.3,835,100,780,9800,329560000,329560000,79489872,5900,12000,0,0,0
2023-11-30,PUDP,Pudjiadi Prestige Tbk.,--U-1130000000H111------------,835,0,875,830,860,25,105500,89684500,125,107.3,870,7700,860,200,329560000,329560000,79489872,2400,26300,0,0,0
2023-11-29,PUDP,Pudjiadi Prestige Tbk.,--U-1130000000H111------------,840,0,895,810,835,-5,105700,90760000,140,104.1,860,100,835,13200,329560000,329560000,79489872,13700,2700,0,0,0
2023-11-28,PUDP,Pudjiadi Prestige Tbk.,--U-1130000000H111------------,815,0,845,800,840,25,213800,178254000,170,104.8,840,2800,835,7700,329560000,329560000,79489872,14100,19800,0,0,0
2023-11-27,PUDP,Pudjiadi Prestige Tbk.,--U-1130000000H111------------,850,0,990,770,815,-35,870900,729207000,794,101.7,820,1300,815,2700,329560000,329560000,79489872,78600,64700,0,0,0
2023-11-24,PUDP,Pudjiadi Prestige Tbk.,--U-1130000000H111------------,680,0,850,630,850,170,1708800,1406987500,968,106.0,0,0,850,351100,329560000,329560000,79489872,61200,33700,0,0,0
2023-11-23,PUDP,Pudjiadi Prestige Tbk.,--U-1130000000H111------------,545,0,680,545,680,135,510700,334810500,348,84.8,680,87200,675,12300,329560000,329560000,79489872,10200,0,0,0,0
2023-11-22,PUDP,Pudjiadi Prestige Tbk.,--U-1130000000H111------------,560,0,570,545,545,-15,4800,2652000,16,68.0,565,100,550,500,329560000,329560000,79489872,500,0,0,0,0
2023-11-21,PUDP,Pudjiadi Prestige Tbk.,--U-1130000000H111------------,540,0,585,540,560,20,94200,52194500,47,69.8,565,300,560,300,329560000,329560000,79489872,4700,0,0,0,0
2023-11-20,PUDP,Pudjiadi Prestige Tbk.,--U-1130000000H111------------,535,0,590,535,540,5,117500,66248500,100,67.4,555,700,540,7500,329560000,329560000,79489872,1500,0,0,0,0
2023-11-17,PUDP,Pudjiadi Prestige Tbk.,--U-1130000000H111------------,545,0,560,535,535,-10,8300,4501000,29,66.7,550,3300,540,1900,329560000,329560000,79489872,100,0,0,0,0
2023-11-16,PUDP,Pudjiadi Prestige Tbk.,--U-1130000000H111------------,530,0,545,525,545,15,23600,12624500,42,68.0,545,15700,540,600,329560000,329560000,79489872,0,0,0,0,0
2023-11-15,PUDP,Pudjiadi Prestige Tbk.,--U-1130000000H111------------,565,0,550,525,530,-35,191600,101308500,213,66.1,530,300,525,79700,329560000,329560000,79489872,0,0,0,0,0
2023-11-14,PUDP,Pudjiadi Prestige Tbk.,--U-1130000000H111------------,580,0,580,530,565,-15,21000,11789500,31,70.5,570,3300,565,200,329560000,329560000,79489872,0,0,0,0,0
2023-11-13,PUDP,Pudjiadi Prestige Tbk.,--U-1130000000H111------------,600,0,605,580,580,-20,7200,4248500,20,72.3,595,8700,580,1200,329560000,329560000,79489872,800,0,0,0,0
2023-11-10,PUDP,Pudjiadi Prestige Tbk.,--U-1130000000H111------------,585,0,600,570,600,15,19800,11576000,45,74.8,595,1100,580,10000,329560000,329560000,79489872,0,0,0,0,0
2023-11-09,PUDP,Pudjiadi Prestige Tbk.,--U-1130000000H111------------,620,0,620,560,585,-35,71900,42923000,102,73.0,585,1200,575,60600,329560000,329560000,79489872,6700,19900,0,0,0
2023-11-08,PUDP,Pudjiadi Prestige Tbk.,--U-1130000000H111------------,525,0,650,525,620,95,134400,81505000,255,77.3,620,5900,615,200,329560000,329560000,79489872,8000,6600,0,0,0
2023-11-07,PUDP,Pudjiadi Prestige Tbk.,--U-1130000000H111------------,530,0,540,520,525,-5,11500,6094500,11,65.5,535,700,525,9700,329560000,329560000,79489872,0,0,0,0,0
2023-11-06,PUDP,Pudjiadi Prestige Tbk.,--U-1130000000H111------------,530,0,545,525,530,0,8600,4539500,20,66.1,540,900,530,200,329560000,329560000,79489872,0,0,0,0,0
2023-11-03,PUDP,Pudjiadi Prestige Tbk.,--U-1130000000H111------------,525,0,535,520,530,5,83300,43788000,26,66.1,535,4300,530,1400,329560000,329560000,79489872,0,5500,0,0,0
2023-11-02,PUDP,Pudjiadi Prestige Tbk.,--U-1130000000H111------------,525,0,545,520,525,0,14800,7779500,33,65.5,535,300,525,19500,329560000,329560000,79489872,0,0,0,0,0
2023-11-01,PUDP,Pudjiadi Prestige Tbk.,--U-1130000000H111------------,570,0,560,520,525,-45,45900,24152000,43,65.5,525,6800,520,1000,329560000,329560000,79489872,0,26600,0,0,0
2023-10-31,PUDP,Pudjiadi Prestige Tbk.,--U-1130000000H111------------,560,0,575,505,570,10,60300,31868500,76,71.1,570,2700,530,1000,329560000,329560000,79489872,0,4700,0,0,0
2023-10-30,PUDP,Pudjiadi Prestige Tbk.,--U-1130000000H111------------,590,0,590,550,560,-30,19800,11006500,30,69.8,565,1500,560,100,329560000,329560000,79489872,0,0,0,0,0
2023-10-27,PUDP,Pudjiadi Prestige Tbk.,--U-1130000000H111------------,595,0,620,550,590,-5,12100,6980500,39,73.6,590,5000,570,200,329560000,329560000,79489872,0,0,0,0,0
2023-10-26,PUDP,Pudjiadi Prestige Tbk.,--U-1130000000H111------------,595,0,595,580,595,0,43800,25613500,20,74.2,595,5300,585,1600,329560000,329560000,79489872,0,25600,0,0,0
2023-10-25,PUDP,Pudjiadi Prestige Tbk.,--U-1130000000H111------------,595,0,600,585,595,0,13900,8331000,17,74.2,595,200,590,1400,329560000,329560000,79489872,0,0,0,0,0
2023-10-24,PUDP,Pudjiadi Prestige Tbk.,--U-1130000000H111------------,590,0,620,580,595,5,28200,16658000,27,74.2,595,12700,590,500,329560000,329560000,79489872,0,0,0,0,0
2023-10-23,PUDP,Pudjiadi Prestige Tbk.,--U-1130000000H111------------,595,0,605,585,590,-5,8600,5092000,38,73.6,590,3000,585,1300,329560000,329560000,79489872,0,0,0,0,0
2023-10-20,PUDP,Pudjiadi Prestige Tbk.,--U-1130000000H111------------,600,0,620,590,595,-5,5700,3421000,26,74.2,595,1600,590,500,329560000,329560000,79489872,0,0,0,0,0
2023-10-19,PUDP,Pudjiadi Prestige Tbk.,--U-1130000000H111------------,605,0,625,600,600,-5,6500,3941500,21,74.8,605,76300,600,600,329560000,329560000,79489872,0,0,0,0,0
2023-10-18,PUDP,Pudjiadi Prestige Tbk.,--U-1130000000H111------------,610,0,610,605,605,-5,5500,3328500,17,75.5,605,2300,600,3900,329560000,329560000,79489872,0,0,0,0,0
2023-10-17,PUDP,Pudjiadi Prestige Tbk.,--U-1130000000H111------------,610,0,610,605,610,0,7100,4330000,14,76.1,610,18800,605,2300,329560000,329560000,79489872,0,0,0,0,0
2023-10-16,PUDP,Pudjiadi Prestige Tbk.,--U-1130000000H111------------,610,0,615,600,610,0,28200,16988000,31,76.1,610,1100,605,1600,329560000,329560000,79489872,0,0,0,0,0
2023-10-13,PUDP,Pudjiadi Prestige Tbk.,--U-1130000000H111------------,600,0,650,600,610,10,14100,8600000,19,76.1,610,15200,605,2500,329560000,329560000,79489872,0,0,0,0,0
2023-10-12,PUDP,Pudjiadi Prestige Tbk.,--U-1130000000H111------------,610,0,615,600,600,-10,13800,8393500,25,74.8,615,11600,600,21400,329560000,329560000,79489872,0,0,0,0,0
2023-10-11,PUDP,Pudjiadi Prestige Tbk.,--U-1130000000H111------------,610,0,625,600,610,0,54700,33621500,47,76.1,610,29900,605,10500,329560000,329560000,79489872,0,14500,0,0,0
2023-10-10,PUDP,Pudjiadi Prestige Tbk.,--U-1130000000H111------------,620,0,625,580,610,-10,79900,46948000,60,76.1,610,600,595,300,329560000,329560000,79489872,0,0,0,0,0
2023-10-09,PUDP,Pudjiadi Prestige Tbk.,--U-1130000000H111------------,620,0,625,590,620,0,102100,61744500,56,77.3,620,25000,590,6000,329560000,329560000,79489872,12500,0,0,0,0
2023-10-06,PUDP,Pudjiadi Prestige Tbk.,--U-1130000000H111------------,605,0,625,585,620,15,44900,27262500,59,77.3,620,4000,600,700,329560000,329560000,79489872,6400,2900,0,0,0
2023-10-05,PUDP,Pudjiadi Prestige Tbk.,--U-1130000000H111------------,610,0,625,600,605,-5,17700,10760500,28,75.5,615,1500,605,1800,329560000,329560000,79489872,0,0,0,0,0
2023-10-04,PUDP,Pudjiadi Prestige Tbk.,--U-1130000000H111------------,625,0,630,610,610,-15,72400,45031000,47,76.1,625,23600,610,8000,329560000,329560000,79489872,0,0,0,0,0
2023-10-03,PUDP,Pudjiadi Prestige Tbk.,--U-1130000000H111------------,625,0,630,610,625,0,51300,31822000,49,78.0,625,18700,620,1000,329560000,329560000,79489872,0,0,0,0,0
2023-10-02,PUDP,Pudjiadi Prestige Tbk.,--U-1130000000H111------------,630,0,640,610,625,-5,19300,12145500,29,78.0,625,2700,620,1100,329560000,329560000,79489872,2500,0,0,0,0
2023-09-29,PUDP,Pudjiadi Prestige Tbk.,--U-1130000000H111------------,630,0,630,610,630,0,25400,15814500,35,78.6,630,10500,615,200,329560000,329560000,79489872,0,0,0,0,0
2023-09-27,PUDP,Pudjiadi Prestige Tbk.,--U-1130000000H111------------,610,0,630,615,630,20,20000,12536500,37,78.6,625,1000,620,1100,329560000,329560000,79489872,0,0,0,0,0
2023-09-26,PUDP,Pudjiadi Prestige Tbk.,--U-1130000000H111------------,620,0,620,600,610,-10,25600,15487500,55,76.1,620,7200,610,100,329560000,329560000,79489872,0,0,0,0,0
2023-09-25,PUDP,Pudjiadi Prestige Tbk.,--U-1130000000H111------------,625,0,670,600,620,-5,39400,24412500,75,77.3,620,5000,615,900,329560000,329560000,79489872,3200,0,0,0,0
2023-09-22,PUDP,Pudjiadi Prestige Tbk.,--U-1130000000H111------------,615,0,640,610,625,10,50400,31001000,57,78.0,625,29700,620,300,329560000,329560000,79489872,0,16700,0,0,0
2023-09-21,PUDP,Pudjiadi Prestige Tbk.,--U-1130000000H111------------,615,0,630,600,615,0,36300,22239500,74,76.7,620,100,615,900,329560000,329560000,79489872,0,0,0,0,0
2023-09-20,PUDP,Pudjiadi Prestige Tbk.,--U-1130000000H111------------,635,0,630,610,615,-20,43700,26965000,80,76.7,620,39300,615,2100,329560000,329560000,79489872,0,3100,0,0,0
2023-09-19,PUDP,Pudjiadi Prestige Tbk.,--U-1130000000H111------------,655,0,655,620,635,-20,92500,58214500,91,79.2,635,63000,625,9900,329560000,329560000,79489872,0,0,0,0,0
2023-09-18,PUDP,Pudjiadi Prestige Tbk.,--U-1130000000H111------------,660,0,670,645,655,-5,29800,19436500,49,81.7,655,6200,650,100,329560000,329560000,79489872,0,0,0,0,0
2023-09-15,PUDP,Pudjiadi Prestige Tbk.,--U-1130000000H111------------,660,0,675,655,660,0,47000,31082500,50,82.3,670,3000,660,600,329560000,329560000,79489872,0,0,0,0,0
2023-09-14,PUDP,Pudjiadi Prestige Tbk.,--U-1130000000H111------------,675,0,675,655,660,-15,128600,84426000,57,82.3,670,200,660,25300,329560000,329560000,79489872,0,0,0,0,0
2023-09-13,PUDP,Pudjiadi Prestige Tbk.,--U-1130000000H111------------,685,0,695,675,675,-10,30700,20942500,37,84.2,675,4400,670,1400,329560000,329560000,79489872,0,0,430193,292531240,1
2023-09-12,PUDP,Pudjiadi Prestige Tbk.,--U-1130000000H111------------,675,0,685,665,685,10,81200,54856500,73,85.4,685,21400,675,6700,329560000,329560000,79489872,0,0,0,0,0
2023-09-11,PUDP,Pudjiadi Prestige Tbk.,--U-1130000000H111------------,675,0,680,665,675,0,68400,45993500,91,84.2,680,13000,675,6100,329560000,329560000,79489872,0,0,0,0,0
2023-09-08,PUDP,Pudjiadi Prestige Tbk.,--U-1130000000H111------------,675,0,705,660,675,0,78700,53353500,93,84.2,680,3900,675,1600,329560000,329560000,79489872,0,0,0,0,0
2023-09-07,PUDP,Pudjiadi Prestige Tbk.,--U-1130000000H111------------,675,0,730,660,675,0,148200,102192000,179,84.2,685,3800,675,15200,329560000,329560000,79489872,0,0,0,0,0
2023-09-06,PUDP,Pudjiadi Prestige Tbk.,--U-1130000000H111------------,675,0,695,670,675,0,32800,22213500,53,84.2,690,1000,675,28900,329560000,329560000,79489872,0,0,0,0,0
2023-09-05,PUDP,Pudjiadi Prestige Tbk.,--U-1130000000H111------------,690,0,695,675,675,-15,74000,50589500,95,84.2,680,500,675,18500,329560000,329560000,79489872,12700,0,0,0,0
2023-09-04,PUDP,Pudjiadi Prestige Tbk.,--U-1130000000H111------------,675,0,715,675,690,15,65000,44936000,99,86.1,690,5400,675,14100,329560000,329560000,79489872,0,0,0,0,0
2023-09-01,PUDP,Pudjiadi Prestige Tbk.,--U-1130000000H111------------,685,0,695,670,675,-10,74700,50631000,111,84.2,675,3900,670,2800,329560000,329560000,79489872,0,7300,0,0,0
2023-08-31,PUDP,Pudjiadi Prestige Tbk.,--U-1130000000H111------------,695,0,700,685,685,-10,109600,75774500,129,85.4,685,18200,680,4600,329560000,329560000,79489872,0,5500,0,0,0
2023-08-30,PUDP,Pudjiadi Prestige Tbk.,--U-1130000000H111------------,690,0,710,680,695,5,84600,58547500,148,86.7,700,9000,695,1600,329560000,329560000,79489872,0,0,0,0,0
2023-08-29,PUDP,Pudjiadi Prestige Tbk.,--U-1130000000H111------------,675,0,805,675,690,15,1076900,793783500,1161,86.1,700,12100,690,3700,329560000,329560000,79489872,51000,18200,0,0,0
2023-08-28,PUDP,Pudjiadi Prestige Tbk.,--U-1130000000H111------------,685,0,710,660,675,-10,142400,97109000,191,84.2,680,11800,675,9900,329560000,329560000,79489872,9900,10100,0,0,0
2023-08-25,PUDP,Pudjiadi Prestige Tbk.,--U-1130000000H111------------,700,0,725,660,685,-15,260800,180304500,345,85.4,690,5200,685,8400,329560000,329560000,79489872,10800,20300,0,0,0
2023-08-24,PUDP,Pudjiadi Prestige Tbk.,--U-1130000000H111------------,805,0,910,700,700,-105,1426200,1097530500,1541,87.3,705,3100,700,47900,329560000,329560000,79489872,84500,67600,0,0,0
2023-08-23,PUDP,Pudjiadi Prestige Tbk.,--U-1130000000H111------------,645,0,805,645,805,160,701500,553029000,643,100.4,0,0,805,223400,329560000,329560000,79489872,7800,24500,0,0,0
2023-08-22,PUDP,Pudjiadi Prestige Tbk.,--U-1130000000H111------------,645,0,680,605,645,0,96300,62049500,118,80.4,655,2200,645,600,329560000,329560000,79489872,5300,18100,0,0,0
2023-08-21,PUDP,Pudjiadi Prestige Tbk.,--U-1130000000H111------------,645,0,670,620,645,0,119300,76875000,174,80.4,670,600,645,1600,329560000,329560000,79489872,7000,0,0,0,0
2023-08-18,PUDP,Pudjiadi Prestige Tbk.,--U-1130000000H111------------,705,0,705,635,645,-60,262800,173463000,243,80.4,650,2800,645,15400,329560000,329560000,79489872,0,19400,0,0,0
2023-08-16,PUDP,Pudjiadi Prestige Tbk.,--U-1130000000H111------------,740,0,750,695,705,-35,115000,81293000,182,87.9,705,8500,700,19100,329560000,329560000,79489872,0,0,0,0,0
2023-08-15,PUDP,Pudjiadi Prestige Tbk.,--U-1130000000H111------------,760,0,765,725,740,-20,67000,49431000,165,92.3,745,11500,725,600,329560000,329560000,79489872,0,0,0,0,0
2023-08-14,PUDP,Pudjiadi Prestige Tbk.,--U-1130000000H111------------,770,0,785,690,760,-10,170700,126656000,364,94.8,760,4700,750,900,329560000,329560000,79489872,0,0,0,0,0
2023-08-11,PUDP,Pudjiadi Prestige Tbk.,--U-1130000000H111------------,770,0,800,770,770,0,74500,57967000,151,96.0,770,300,765,600,329560000,329560000,79489872,0,0,0,0,0
2023-08-10,PUDP,Pudjiadi Prestige Tbk.,--U-1130000000H111------------,780,0,820,760,770,-10,143500,113658500,312,96.0,770,2000,765,800,329560000,329560000,79489872,0,0,0,0,0
2023-08-09,PUDP,Pudjiadi Prestige Tbk.,--U-1130000000H111------------,880,0,945,760,780,-100,782600,659896500,907,97.3,780,5600,775,600,329560000,329560000,79489872,101800,32500,0,0,0
2023-08-08,PUDP,Pudjiadi Prestige Tbk.,--U-1130000000H111------------,725,0,885,725,880,155,1496200,1233499500,1678,109.8,890,5000,880,20800,329560000,329560000,79489872,50700,101600,0,0,0
2023-08-07,PUDP,Pudjiadi Prestige Tbk.,--U-1130000000H111------------,805,0,815,685,725,-80,932300,674638500,1284,90.4,730,300,725,54800,329560000,329560000,79489872,29100,47500,0,0,0
2023-08-04,PUDP,Pudjiadi Prestige Tbk.,--U-1130000000H111------------,855,0,1045,805,805,-50,5514300,5386129500,4510,100.4,805,137500,800,53000,329560000,329560000,79489872,277100,140400,0,0,0
2023-08-03,PUDP,Pudjiadi Prestige Tbk.,--U-1130000000H111------------,685,0,855,690,855,170,2389800,1929856500,1977,106.6,0,0,855,790600,329560000,329560000,79489872,163600,111800,0,0,0
2023-08-02,PUDP,Pudjiadi Prestige Tbk.,--U-1130000000H111------------,550,0,685,550,685,135,1242800,823812000,951,85.4,0,0,685,252700,329560000,329560000,79489872,86500,201200,0,0,0
2023-08-01,PUDP,Pudjiadi Prestige Tbk.,--U-1130000000H111------------,595,0,620,550,550,-45,248300,149537000,142,68.6,595,1600,550,26200,329560000,329560000,79489872,42100,8400,0,0,0
2023-07-31,PUDP,Pudjiadi Prestige Tbk.,--U-1130000000H111------------,595,0,605,575,595,0,93300,54796000,85,74.2,595,19800,590,2500,329560000,329560000,79489872,0,22800,0,0,0
2023-07-28,PUDP,Pudjiadi Prestige Tbk.,--U-1130000000H111------------,610,0,610,595,595,-15,53900,32382500,84,74.2,605,18700,595,1300,329560000,329560000,79489872,6600,0,0,0,0
2023-07-27,PUDP,Pudjiadi Prestige Tbk.,--U-1130000000H111------------,610,0,615,595,610,0,197600,118544500,154,76.1,610,40400,600,100,329560000,329560000,79489872,0,0,0,0,0
2023-07-26,PUDP,Pudjiadi Prestige Tbk.,--U-1130000000H111------------,610,0,625,605,610,0,57500,35133000,86,76.1,620,25200,610,14200,329560000,329560000,79489872,0,0,0,0,0
2023-07-25,PUDP,Pudjiadi Prestige Tbk.,--U-1130000000H111------------,615,0,625,610,610,-5,64400,39625000,93,76.1,615,600,610,8200,329560000,329560000,79489872,0,0,0,0,0
2023-07-24,PUDP,Pudjiadi Prestige Tbk.,--U-1130000000H111------------,625,0,625,610,615,-10,106700,65636000,131,76.7,620,5900,615,17500,329560000,329560000,79489872,0,0,0,0,0
2023-07-21,PUDP,Pudjiadi Prestige Tbk.,--U-1130000000H111------------,630,0,645,620,625,-5,49400,30978000,70,78.0,625,4800,620,8000,329560000,329560000,79489872,0,0,0,0,0
2023-07-20,PUDP,Pudjiadi Prestige Tbk.,--U-1130000000H111------------,630,0,650,620,630,0,72400,46118500,95,78.6,635,4000,630,800,329560000,329560000,79489872,0,0,0,0,0
2023-07-18,PUDP,Pudjiadi Prestige Tbk.,--U-1130000000H111------------,620,0,640,620,630,10,78200,49105500,84,78.6,630,57200,625,19000,329560000,329560000,79489872,0,0,0,0,0
2023-07-17,PUDP,Pudjiadi Prestige Tbk.,--U-1130000000H111------------,640,0,640,620,620,-20,58500,36635000,109,77.3,625,100,620,114100,329560000,329560000,79489872,0,0,0,0,0
2023-07-14,PUDP,Pudjiadi Prestige Tbk.,--U-1130000000H111------------,630,0,640,610,640,10,92500,57726000,84,79.8,640,12000,630,100,329560000,329560000,79489872,0,0,0,0,0
2023-07-13,PUDP,Pudjiadi Prestige Tbk.,--U-1130000000H111------------,635,0,645,625,630,-5,60200,38164000,59,78.6,630,900,625,14200,329560000,329560000,79489872,0,0,0,0,0
2023-07-12,PUDP,Pudjiadi Prestige Tbk.,--U-1130000000H111------------,635,0,655,625,635,0,132500,83055500,95,79.2,635,5700,625,600,329560000,329560000,79489872,0,0,0,0,0
2023-07-11,PUDP,Pudjiadi Prestige Tbk.,--U-1130000000H111------------,655,0,660,635,635,-20,23700,15216000,87,79.2,640,5400,635,3700,329560000,329560000,79489872,0,0,0,0,0
2023-07-10,PUDP,Pudjiadi Prestige Tbk.,--U-1130000000H111------------,625,0,670,620,655,30,237200,150777500,250,81.7,655,89700,630,17700,329560000,329560000,79489872,8000,22900,0,0,0
2023-07-07,PUDP,Pudjiadi Prestige Tbk.,--U-1130000000H111------------,620,0,645,610,625,5,56200,34890000,82,78.0,630,23500,625,5500,329560000,329560000,79489872,0,0,0,0,0
2023-07-06,PUDP,Pudjiadi Prestige Tbk.,--U-1130000000H111------------,625,0,645,615,620,-5,109900,68788000,133,77.3,625,800,615,2900,329560000,329560000,79489872,17800,8100,0,0,0
2023-07-05,PUDP,Pudjiadi Prestige Tbk.,--U-1130000000H111------------,615,0,635,610,625,10,87800,54241500,147,78.0,630,10100,625,14200,329560000,329560000,79489872,0,0,0,0,0
2023-07-04,PUDP,Pudjiadi Prestige Tbk.,--U-1130000000H111------------,610,0,695,590,615,5,529600,337662000,676,76.7,615,60300,610,4900,329560000,329560000,79489872,0,28900,0,0,0
2023-07-03,PUDP,Pudjiadi Prestige Tbk.,XDU-1130000000H111------------,610,0,620,600,610,0,131300,80640500,142,76.1,615,2000,610,10100,329560000,329560000,79489872,0,8700,0,0,0
2023-06-27,PUDP,Pudjiadi Prestige Tbk.,XDU-1130000000H111------------,630,0,630,600,610,-20,92000,56170000,155,76.1,610,6300,605,1300,329560000,329560000,79489872,700,0,0,0,0
2023-06-26,PUDP,Pudjiadi Prestige Tbk.,XDU-1130000000H111------------,655,0,655,620,630,-25,60100,37968500,153,78.6,630,5500,620,300,329560000,329560000,79489872,0,0,0,0,0
2023-06-23,PUDP,Pudjiadi Prestige Tbk.,XDU-1130000000H111------------,625,0,670,600,655,30,357800,226469500,415,81.7,655,8400,640,300,329560000,329560000,79489872,22900,9600,0,0,0
2023-06-22,PUDP,Pudjiadi Prestige Tbk.,XDU-1130000000H111------------,660,0,680,600,625,-35,213500,135524000,428,78.0,645,300,625,3300,329560000,329560000,79489872,0,24600,0,0,0
2023-06-21,PUDP,Pudjiadi Prestige Tbk.,XDU-1130000000H111------------,690,0,710,640,660,-30,391500,262151000,453,82.3,660,34900,655,200,329560000,329560000,79489872,30000,5200,0,0,0
2023-06-20,PUDP,Pudjiadi Prestige Tbk.,XDU-1130000000H111------------,660,0,750,660,690,30,1482500,1052132500,1244,86.1,695,8300,690,5300,329560000,329560000,79489872,91800,121800,0,0,0
2023-06-19,PUDP,Pudjiadi Prestige Tbk.,XDU-1130000000H111------------,580,0,705,555,660,80,1624100,1065731000,1361,82.3,665,1500,660,7600,329560000,329560000,79489872,52000,32400,0,0,0
2023-06-16,PUDP,Pudjiadi Prestige Tbk.,XDU-1130000000H111------------,680,0,680,580,580,-100,1327500,810680500,1204,72.3,585,200,580,346600,329560000,329560000,79489872,19500,36400,0,0,0
2023-06-15,PUDP,Pudjiadi Prestige Tbk.,XDU-1130000000H111------------,795,0,795,680,680,-115,294200,201452500,195,84.8,680,319800,0,0,329560000,329560000,79489872,12000,0,0,0,0
2023-06-14,PUDP,Pudjiadi Prestige Tbk.,--U-1130000000H111------------,930,0,880,795,795,-135,171700,136951000,180,99.2,795,615900,0,0,329560000,329560000,79489872,0,1500,0,0,0
2023-06-13,PUDP,Pudjiadi Prestige Tbk.,--U-1130000000H111------------,1090,0,1025,930,930,-160,298500,277763000,218,116.0,930,814700,0,0,329560000,329560000,79489872,0,0,0,0,0
2023-06-12,PUDP,Pudjiadi Prestige Tbk.,CDU-1130000000H111------------,960,0,1095,960,1090,130,2563900,2682634500,1838,136.0,1095,1900,1090,100,329560000,329560000,79489872,20100,8600,0,0,0
2023-06-09,PUDP,Pudjiadi Prestige Tbk.,CDU-1130000000H111------------,1045,0,1080,920,960,-85,1689100,1621403500,1353,119.7,965,8600,960,21200,329560000,329560000,79489872,0,14300,0,0,0
2023-06-08,PUDP,Pudjiadi Prestige Tbk.,CDU-1130000000H111------------,1110,0,1110,1000,1045,-65,752900,794267500,874,130.3,1050,300,1045,4700,329560000,329560000,79489872,13400,13400,0,0,0
2023-06-07,PUDP,Pudjiadi Prestige Tbk.,--U-1130000000H111------------,1110,0,1295,1080,1110,0,2074000,2428565500,1918,138.4,1110,48000,1105,3000,329560000,329560000,79489872,16400,14600,0,0,0
2023-06-06,PUDP,Pudjiadi Prestige Tbk.,--U-1130000000H111------------,925,0,1155,790,1110,185,4023200,4149630500,2462,138.4,1110,32500,1105,7000,329560000,329560000,79489872,70000,26000,0,0,0
2023-06-05,PUDP,Pudjiadi Prestige Tbk.,--U-1130000000H111------------,740,0,925,770,925,185,3325200,2973954500,1653,115.4,0,0,925,1391800,329560000,329560000,79489872,30800,44000,0,0,0
2023-05-31,PUDP,Pudjiadi Prestige Tbk.,--U-1130000000H111------------,595,0,740,575,740,145,876000,626823500,337,92.3,0,0,740,371600,329560000,329560000,79489872,0,0,0,0,0
2023-05-30,PUDP,Pudjiadi Prestige Tbk.,--U-1130000000H111------------,525,0,610,515,595,70,175600,96409500,101,74.2,595,700,560,1000,329560000,329560000,79489872,8600,8500,0,0,0
2023-05-29,PUDP,Pudjiadi Prestige Tbk.,--U-1130000000H111------------,555,0,585,520,525,-30,59600,31323500,47,65.5,520,6400,0,0,329560000,329560000,79489872,1000,1100,0,0,0
2023-05-26,PUDP,Pudjiadi Prestige Tbk.,--U-1130000000H111------------,595,0,645,555,555,-40,391100,225325000,156,69.2,585,16400,555,500,329560000,329560000,79489872,178700,800,0,0,0
2023-05-25,PUDP,Pudjiadi Prestige Tbk.,--U-1130000000H111------------,590,0,600,565,595,5,23300,13612000,22,74.2,595,6700,585,100,329560000,329560000,79489872,0,900,0,0,0
2023-05-24,PUDP,Pudjiadi Prestige Tbk.,--U-1130000000H111------------,575,0,590,575,590,15,22900,13208000,24,73.6,590,22800,580,6000,329560000,329560000,79489872,2100,0,0,0,0
2023-05-23,PUDP,Pudjiadi Prestige Tbk.,--U-1130000000H111------------,570,0,575,565,575,5,1400,800000,13,71.7,575,2600,570,24900,329560000,329560000,79489872,0,0,0,0,0
2023-05-22,PUDP,Pudjiadi Prestige Tbk.,--U-1130000000H111------------,550,0,570,550,570,20,211300,119355000,40,71.1,570,27400,565,51000,329560000,329560000,79489872,0,189000,0,0,0
2023-05-19,PUDP,Pudjiadi Prestige Tbk.,--U-1130000000H111------------,545,0,560,540,550,5,7200,3968000,15,68.6,565,1800,550,5300,329560000,329560000,79489872,0,500,0,0,0
2023-05-17,PUDP,Pudjiadi Prestige Tbk.,--U-1130000000H111------------,570,0,570,540,545,-25,5900,3215000,11,68.0,550,100,545,2700,329560000,329560000,79489872,3200,0,0,0,0
2023-05-16,PUDP,Pudjiadi Prestige Tbk.,--U-1130000000H111------------,570,0,570,545,570,0,10800,5987500,16,71.1,565,1000,555,100,329560000,329560000,79489872,800,1600,0,0,0
2023-05-15,PUDP,Pudjiadi Prestige Tbk.,--U-1130000000H111------------,565,0,575,540,570,5,198600,113820000,29,71.1,570,1000,550,100,329560000,329560000,79489872,183900,800,0,0,0
2023-05-12,PUDP,Pudjiadi Prestige Tbk.,--U-1130000000H111------------,565,0,570,545,565,0,21100,11920000,11,70.5,575,1000,560,1700,329560000,329560000,79489872,0,0,0,0,0
2023-05-11,PUDP,Pudjiadi Prestige Tbk.,--U-1130000000H111------------,550,0,580,545,565,15,28300,16061500,34,70.5,575,500,555,100,329560000,329560000,79489872,4600,200,0,0,0
2023-05-10,PUDP,Pudjiadi Prestige Tbk.,--U-1130000000H111------------,575,0,590,535,550,-25,51800,28824000,48,68.6,565,500,550,100,329560000,329560000,79489872,0,15700,0,0,0
2023-05-09,PUDP,Pudjiadi Prestige Tbk.,--U-1130000000H111------------,555,0,585,520,575,20,248300,141042500,84,71.7,575,16200,560,900,329560000,329560000,79489872,11300,173800,0,0,0
2023-05-08,PUDP,Pudjiadi Prestige Tbk.,--U-1130000000H111------------,570,0,575,550,555,-15,48000,26982000,42,69.2,575,3000,555,800,329560000,329560000,79489872,1500,0,0,0,0
2023-05-05,PUDP,Pudjiadi Prestige Tbk.,--U-1130000000H111------------,580,0,580,555,570,-10,26000,14647500,57,71.1,570,1900,555,10000,329560000,329560000,79489872,300,1800,0,0,0
2023-05-04,PUDP,Pudjiadi Prestige Tbk.,--U-1130000000H111------------,590,0,645,555,580,-10,251100,155969000,136,72.3,580,7500,570,1500,329560000,329560000,79489872,134300,400,0,0,0
2023-05-03,PUDP,Pudjiadi Prestige Tbk.,--U-1130000000H111------------,555,0,590,520,590,35,82400,44693500,100,73.6,590,4800,550,1600,329560000,329560000,79489872,2200,0,0,0,0
2023-05-02,PUDP,Pudjiadi Prestige Tbk.,--U-1130000000H111------------,595,0,595,555,555,-40,85800,47845000,94,69.2,555,25700,0,0,329560000,329560000,79489872,600,2600,0,0,0
2023-04-28,PUDP,Pudjiadi Prestige Tbk.,--U-1130000000H111------------,515,0,640,525,595,80,1054200,624223000,872,74.2,600,14800,595,26600,329560000,329560000,79489872,9800,190400,0,0,0
2023-04-27,PUDP,Pudjiadi Prestige Tbk.,--U-1130000000H111------------,545,0,545,510,515,-30,289500,150082000,147,64.2,525,92600,515,62400,329560000,329560000,79489872,0,2200,0,0,0
2023-04-26,PUDP,Pudjiadi Prestige Tbk.,--U-1130000000H111------------,585,0,545,545,545,-40,233100,127039500,66,68.0,545,82000,0,0,329560000,329560000,79489872,0,0,0,0,0
2023-04-18,PUDP,Pudjiadi Prestige Tbk.,--U-1130000000H111------------,625,0,625,585,585,-40,307300,180557000,114,73.0,585,719300,0,0,329560000,329560000,79489872,0,0,0,0,0
2023-04-17,PUDP,Pudjiadi Prestige Tbk.,--U-1130000000H111------------,670,0,675,625,625,-45,471000,297906000,203,78.0,625,168100,0,0,329560000,329560000,79489872,101800,1500,0,0,0
2023-04-14,PUDP,Pudjiadi Prestige Tbk.,--U-1130000000H111------------,700,0,725,655,670,-30,759700,503682500,480,83.6,675,7500,670,100,329560000,329560000,79489872,3300,2700,0,0,0
2023-04-13,PUDP,Pudjiadi Prestige Tbk.,--U-1130000000H111------------,750,0,740,700,700,-50,145400,102583000,108,87.3,700,328300,0,0,329560000,329560000,79489872,2600,39500,0,0,0
2023-04-12,PUDP,Pudjiadi Prestige Tbk.,--U-1130000000H111------------,805,0,870,750,750,-55,731900,564641500,487,93.5,750,379300,0,0,329560000,329560000,79489872,5300,5700,0,0,0
2023-04-11,PUDP,Pudjiadi Prestige Tbk.,--U-1130000000H111------------,760,0,950,765,805,45,3025400,2749511500,2052,100.4,825,700,805,12200,329560000,329560000,79489872,18300,95000,0,0,0
2023-04-10,PUDP,Pudjiadi Prestige Tbk.,--U-1130000000H111------------,610,0,760,660,760,150,1154500,842215000,551,94.8,0,0,760,331800,329560000,329560000,79489872,7400,7400,0,0,0
2023-04-06,PUDP,Pudjiadi Prestige Tbk.,--U-1130000000H111------------,490,0,610,550,610,120,1416100,851984000,473,76.1,0,0,610,437600,329560000,329560000,79489872,0,0,0,0,0
2023-04-05,PUDP,Pudjiadi Prestige Tbk.,--U-1130000000H111------------,472,0,580,444,490,18,262700,130867200,287,61.1,490,18700,482,5000,329560000,329560000,79489872,0,0,0,0,0
2023-04-04,PUDP,Pudjiadi Prestige Tbk.,--U-1130000000H111------------,420,0,525,450,472,52,365900,175389900,278,58.9,478,100,474,200,329560000,329560000,79489872,0,0,0,0,0
2023-04-03,PUDP,Pudjiadi Prestige Tbk.,--U-1130000000H111------------,412,0,420,412,420,8,16500,6855200,10,52.4,436,3000,422,2500,329560000,329560000,79489872,0,0,0,0,0
2023-03-31,PUDP,Pudjiadi Prestige Tbk.,--U-1130000000H111------------,390,0,412,390,412,22,46600,19101600,19,51.4,420,1000,366,3000,329560000,329560000,75238548,0,0,0,0,0
2023-03-30,PUDP,Pudjiadi Prestige Tbk.,--U-1130000000H111------------,390,0,0,0,390,0,0,0,0,48.6,398,100,366,3000,329560000,329560000,75238548,0,0,0,0,0
2023-03-29,PUDP,Pudjiadi Prestige Tbk.,--U-1130000000H111------------,390,0,390,390,390,0,1500,585000,1,48.6,398,100,366,3000,329560000,329560000,75238548,0,0,0,0,0
2023-03-28,PUDP,Pudjiadi Prestige Tbk.,--U-1130000000H111------------,390,0,0,0,390,0,0,0,0,48.6,398,100,372,100,329560000,329560000,75238548,0,0,0,0,0
2023-03-27,PUDP,Pudjiadi Prestige Tbk.,--U-1130000000H111------------,390,0,390,390,390,0,5000,1950000,1,48.6,398,100,366,100,329560000,329560000,75238548,0,0,0,0,0
2023-03-24,PUDP,Pudjiadi Prestige Tbk.,--U-1130000000H111------------,390,0,0,0,390,0,0,0,0,48.6,398,100,370,100,329560000,329560000,75238548,0,0,0,0,0
2023-03-21,PUDP,Pudjiadi Prestige Tbk.,--U-1130000000H111------------,390,0,0,0,390,0,0,0,0,48.6,398,100,368,200,329560000,329560000,75238548,0,0,0,0,0
2023-03-20,PUDP,Pudjiadi Prestige Tbk.,--U-1130000000H111------------,390,0,0,0,390,0,0,0,0,48.6,398,100,372,100,329560000,329560000,75238548,0,0,0,0,0
2023-03-17,PUDP,Pudjiadi Prestige Tbk.,--U-1130000000H111------------,390,0,0,0,390,0,0,0,0,48.6,398,100,376,200,329560000,329560000,75238548,0,0,0,0,0
2023-03-16,PUDP,Pudjiadi Prestige Tbk.,--U-1130000000H111------------,390,0,390,390,390,0,10500,4095000,2,48.6,394,2500,374,5000,329560000,329560000,75238548,0,0,0,0,0
2023-03-15,PUDP,Pudjiadi Prestige Tbk.,--U-1130000000H111------------,394,0,394,370,390,-4,54700,21331400,9,48.6,392,10000,376,5000,329560000,329560000,75238548,0,0,0,0,0
2023-03-14,PUDP,Pudjiadi Prestige Tbk.,--U-1130000000H111------------,388,0,394,388,394,6,5200,2047600,4,49.1,394,5000,368,100,329560000,329560000,75238548,0,0,0,0,0
2023-03-13,PUDP,Pudjiadi Prestige Tbk.,--U-1130000000H111------------,394,0,394,388,388,-6,5500,2166400,6,48.4,396,3000,388,1800,329560000,329560000,75238548,0,0,0,0,0
2023-03-10,PUDP,Pudjiadi Prestige Tbk.,--U-1130000000H111------------,394,0,394,394,394,0,9100,3585400,5,49.1,400,2100,374,100,329560000,329560000,75238548,0,0,0,0,0
2023-03-09,PUDP,Pudjiadi Prestige Tbk.,--U-1130000000H111------------,388,0,394,388,394,6,6000,2362600,9,49.1,400,3600,372,100,329560000,329560000,75238548,0,0,0,0,0
2023-03-08,PUDP,Pudjiadi Prestige Tbk.,--U-1130000000H111------------,388,0,388,372,388,0,1200,453000,9,48.4,394,2100,382,100,329560000,329560000,75238548,0,0,0,0,0
2023-03-07,PUDP,Pudjiadi Prestige Tbk.,--U-1130000000H111------------,388,0,388,388,388,0,100,38800,1,48.4,390,100,388,200,329560000,329560000,75238548,0,0,0,0,0
2023-03-06,PUDP,Pudjiadi Prestige Tbk.,--U-1130000000H111------------,388,0,388,386,388,0,400,155000,3,48.4,390,100,364,100,329560000,329560000,75238548,0,0,0,0,0
2023-03-03,PUDP,Pudjiadi Prestige Tbk.,--U-1130000000H111------------,372,0,388,372,388,16,200,76000,2,48.4,388,100,366,700,329560000,329560000,75238548,0,0,0,0,0
2023-03-02,PUDP,Pudjiadi Prestige Tbk.,--U-1130000000H111------------,372,0,372,372,372,0,500,186000,3,46.4,390,2100,372,400,329560000,329560000,75238548,0,0,0,0,0
2023-03-01,PUDP,Pudjiadi Prestige Tbk.,--U-1130000000H111------------,372,0,372,372,372,0,100,37200,1,46.4,388,400,374,200,329560000,329560000,75238548,0,0,0,0,0
2023-02-28,PUDP,Pudjiadi Prestige Tbk.,--U-1130000000H111------------,376,0,376,372,372,-4,500,186400,2,46.4,394,200,372,800,329560000,329560000,75238548,0,0,0,0,0
2023-02-27,PUDP,Pudjiadi Prestige Tbk.,--U-1130000000H111------------,376,0,376,376,376,0,300,112800,2,46.9,396,2000,370,2000,329560000,329560000,75238548,0,0,0,0,0
2023-02-24,PUDP,Pudjiadi Prestige Tbk.,--U-1130000000H111------------,376,0,376,376,376,0,100,37600,1,46.9,392,100,372,3000,329560000,329560000,75238548,0,0,0,0,0
2023-02-23,PUDP,Pudjiadi Prestige Tbk.,--U-1130000000H111------------,394,0,376,376,376,-18,100,37600,1,46.9,394,2600,376,30000,329560000,329560000,75238548,0,0,0,0,0
2023-02-22,PUDP,Pudjiadi Prestige Tbk.,--U-1130000000H111------------,396,0,394,394,394,-2,2000,788000,1,49.1,394,1000,376,100,329560000,329560000,75238548,0,0,0,0,0
2023-02-21,PUDP,Pudjiadi Prestige Tbk.,--U-1130000000H111------------,396,0,396,396,396,0,800,316800,2,49.4,396,500,380,100,329560000,329560000,75238548,0,0,0,0,0
2023-02-20,PUDP,Pudjiadi Prestige Tbk.,--U-1130000000H111------------,400,0,400,378,396,-4,23700,9324400,6,49.4,398,10100,380,9200,329560000,329560000,75238548,0,100,0,0,0
2023-02-17,PUDP,Pudjiadi Prestige Tbk.,--U-1130000000H111------------,400,0,400,400,400,0,24600,9840000,7,49.9,400,100,378,3200,329560000,329560000,75238548,0,0,0,0,0
2023-02-16,PUDP,Pudjiadi Prestige Tbk.,--U-1130000000H111------------,400,0,400,400,400,0,1500,600000,1,49.9,402,400,378,3200,329560000,329560000,75238548,0,0,0,0,0
2023-02-15,PUDP,Pudjiadi Prestige Tbk.,--U-1130000000H111------------,400,0,400,400,400,0,600,240000,2,49.9,402,400,380,100,329560000,329560000,75238548,0,0,0,0,0
2023-02-14,PUDP,Pudjiadi Prestige Tbk.,--U-1130000000H111------------,400,0,0,0,400,0,0,0,0,49.9,400,600,380,200,329560000,329560000,75238548,0,0,0,0,0
2023-02-13,PUDP,Pudjiadi Prestige Tbk.,--U-1130000000H111------------,400,0,400,400,400,0,5800,2320000,4,49.9,402,400,378,3200,329560000,329560000,75238548,0,0,0,0,0
2023-02-10,PUDP,Pudjiadi Prestige Tbk.,--U-1130000000H111------------,376,0,400,388,400,24,24600,9834400,9,49.9,402,1400,378,100,329560000,329560000,75238548,0,0,0,0,0
2023-02-09,PUDP,Pudjiadi Prestige Tbk.,--U-1130000000H111------------,380,0,380,376,376,-4,3200,1208000,4,46.9,392,1500,376,500,329560000,329560000,75238548,0,0,0,0,0
2023-02-08,PUDP,Pudjiadi Prestige Tbk.,--U-1130000000H111------------,380,0,0,0,380,0,0,0,0,47.4,390,2000,376,800,329560000,329560000,75238548,0,0,0,0,0
2023-02-07,PUDP,Pudjiadi Prestige Tbk.,--U-1130000000H111------------,394,0,380,380,380,-14,3900,1482000,4,47.4,394,2500,380,6400,329560000,329560000,75238548,0,0,0,0,0
2023-02-03,PUDP,Pudjiadi Prestige Tbk.,--U-1130000000H111------------,394,0,394,394,394,0,1900,748600,2,49.1,394,1800,380,1000,329560000,329560000,75238548,0,0,0,0,0
2023-02-02,PUDP,Pudjiadi Prestige Tbk.,--U-1130000000H111------------,394,0,394,394,394,0,5000,1970000,8,49.1,396,1000,374,1000,329560000,329560000,75238548,0,0,0,0,0
2023-02-01,PUDP,Pudjiadi Prestige Tbk.,--U-1130000000H111------------,378,0,394,370,394,16,3500,1368200,8,49.1,396,500,372,800,329560000,329560000,75238548,0,0,0,0,0
2023-01-31,PUDP,Pudjiadi Prestige Tbk.,--U-1130000000H111------------,378,0,0,0,378,0,0,0,0,47.1,390,400,370,30700,329560000,329560000,75238548,0,0,0,0,0
2023-01-30,PUDP,Pudjiadi Prestige Tbk.,--U-1130000000H111------------,378,0,378,378,378,0,1300,491400,5,47.1,394,900,376,900,329560000,329560000,75238548,0,0,0,0,0
2023-01-27,PUDP,Pudjiadi Prestige Tbk.,--U-1130000000H111------------,390,0,398,374,378,-12,11900,4591000,102,47.1,386,100,378,20000,329560000,329560000,75238548,0,0,0,0,0
2023-01-26,PUDP,Pudjiadi Prestige Tbk.,--U-1130000000H111------------,390,0,394,370,390,0,4600,1755200,27,48.6,390,2100,380,100,329560000,329560000,75238548,0,0,0,0,0
2023-01-25,PUDP,Pudjiadi Prestige Tbk.,--U-1130000000H111------------,376,0,396,364,390,14,3700,1437800,9,48.6,394,1200,376,20100,329560000,329560000,75238548,0,0,0,0,0
2023-01-24,PUDP,Pudjiadi Prestige Tbk.,--U-1130000000H111------------,394,0,400,372,376,-18,3400,1318800,34,46.9,394,3000,378,900,329560000,329560000,75238548,0,0,0,0,0
2023-01-20,PUDP,Pudjiadi Prestige Tbk.,--U-1130000000H111------------,394,0,396,372,394,0,29600,11638000,32,49.1,394,1000,384,100,329560000,329560000,75238548,0,0,0,0,0
2023-01-19,PUDP,Pudjiadi Prestige Tbk.,--U-1130000000H111------------,394,0,400,370,394,0,6400,2491200,45,49.1,398,1900,374,1400,329560000,329560000,75238548,0,0,0,0,0
2023-01-18,PUDP,Pudjiadi Prestige Tbk.,--U-1130000000H111------------,394,0,394,394,394,0,3100,1221400,4,49.1,398,600,376,200,329560000,329560000,75238548,0,0,0,0,0
2023-01-17,PUDP,Pudjiadi Prestige Tbk.,--U-1130000000H111------------,394,0,394,376,394,0,21200,8351000,17,49.1,396,2500,376,200,329560000,329560000,75238548,0,0,0,0,0
2023-01-16,PUDP,Pudjiadi Prestige Tbk.,--U-1130000000H111------------,370,0,394,352,394,24,15800,6192000,28,49.1,396,200,370,2400,329560000,329560000,75238548,0,0,0,0,0
2023-01-13,PUDP,Pudjiadi Prestige Tbk.,--U-1130000000H111------------,374,0,370,360,370,-4,6100,2256000,8,46.1,390,2000,370,47000,329560000,329560000,75238548,0,0,0,0,0
2023-01-12,PUDP,Pudjiadi Prestige Tbk.,--U-1130000000H111------------,394,0,394,374,374,-20,38200,15043600,7,46.6,392,200,376,1400,329560000,329560000,75238548,0,0,0,0,0
2023-01-11,PUDP,Pudjiadi Prestige Tbk.,--U-1130000000H111------------,376,0,404,360,394,18,13100,5172600,20,49.1,396,2400,370,100,329560000,329560000,75238548,0,0,0,0,0
2023-01-10,PUDP,Pudjiadi Prestige Tbk.,--U-1130000000H111------------,400,0,402,372,376,-24,154700,58122400,26,46.9,394,2300,376,5000,329560000,329560000,75238548,0,0,0,0,0
2023-01-09,PUDP,Pudjiadi Prestige Tbk.,--U-1130000000H111------------,352,0,400,370,400,48,137900,54928800,36,49.9,402,1500,372,100,329560000,329560000,75238548,0,0,0,0,0
2023-01-06,PUDP,Pudjiadi Prestige Tbk.,--U-1130000000H111------------,352,0,0,0,352,0,0,0,0,43.9,380,100,352,500,329560000,329560000,75238548,0,0,0,0,0
2023-01-05,PUDP,Pudjiadi Prestige Tbk.,--U-1130000000H111------------,352,0,0,0,352,0,0,0,0,43.9,382,10000,352,300,329560000,329560000,75238548,0,0,0,0,0
2023-01-04,PUDP,Pudjiadi Prestige Tbk.,--U-1130000000H111------------,352,0,0,0,352,0,0,0,0,43.9,382,10000,356,1900,329560000,329560000,75238548,0,0,0,0,0
2023-01-03,PUDP,Pudjiadi Prestige Tbk.,--U-1130000000H111------------,352,0,0,0,352,0,0,0,0,43.9,382,10000,356,100,329560000,329560000,75238548,0,0,0,0,0
2023-01-02,PUDP,Pudjiadi Prestige Tbk.,--U-1130000000H111------------,352,0,0,0,352,0,0,0,0,43.9,386,100,354,2000,329560000,329560000,75238548,0,0,0,0,0
2022-12-30,PUDP,Pudjiadi Prestige Tbk.,--U-1130000000H111------------,352,0,352,352,352,0,1100,387200,1,43.9,370,2000,354,500,329560000,329560000,72173640,0,0,0,0,0
2022-12-29,PUDP,Pudjiadi Prestige Tbk.,--U-1130000000H111------------,352,0,356,352,352,0,55400,19504000,9,43.9,370,1000,352,500,329560000,329560000,72173640,0,0,0,0,0
2022-12-28,PUDP,Pudjiadi Prestige Tbk.,--U-1130000000H111------------,370,0,360,352,352,-18,400,141600,2,43.9,380,1300,356,100,329560000,329560000,72173640,0,0,0,0,0
2022-12-27,PUDP,Pudjiadi Prestige Tbk.,--U-1130000000H111------------,380,0,380,366,370,-10,3000,1127000,6,46.1,380,1700,358,200,329560000,329560000,72173640,0,0,0,0,0
2022-12-26,PUDP,Pudjiadi Prestige Tbk.,--U-1130000000H111------------,380,0,0,0,380,0,0,0,0,47.4,378,100,374,200,329560000,329560000,72173640,0,0,0,0,0
2022-12-23,PUDP,Pudjiadi Prestige Tbk.,--U-1130000000H111------------,400,0,380,372,380,-20,92500,34426600,16,47.4,384,10000,372,700,329560000,329560000,72173640,0,0,0,0,0
2022-12-22,PUDP,Pudjiadi Prestige Tbk.,--U-1130000000H111------------,396,0,400,400,400,4,2000,800000,3,49.9,400,1100,374,900,329560000,329560000,72173640,0,0,0,0,0
2022-12-21,PUDP,Pudjiadi Prestige Tbk.,--U-1130000000H111------------,374,0,400,394,396,22,10800,4314200,9,49.4,396,5000,372,100,329560000,329560000,72173640,0,0,31,10850,1
2022-12-20,PUDP,Pudjiadi Prestige Tbk.,--U-1130000000H111------------,374,0,0,0,374,0,0,0,0,46.6,374,100,368,3500,329560000,329560000,72173640,0,0,0,0,0
2022-12-19,PUDP,Pudjiadi Prestige Tbk.,--U-1130000000H111------------,396,0,378,374,374,-22,3500,1309600,3,46.6,388,100,376,8000,329560000,329560000,72173640,0,0,0,0,0
2022-12-16,PUDP,Pudjiadi Prestige Tbk.,--U-1130000000H111------------,396,0,0,0,396,0,0,0,0,49.4,398,100,376,1900,329560000,329560000,72173640,0,0,0,0,0
2022-12-15,PUDP,Pudjiadi Prestige Tbk.,--U-1130000000H111------------,400,0,396,396,396,-4,300,118800,3,49.4,402,400,390,100,329560000,329560000,72173640,0,0,0,0,0
2022-12-14,PUDP,Pudjiadi Prestige Tbk.,--U-1130000000H111------------,384,0,400,372,400,16,60200,24052000,17,49.9,396,100,372,3000,329560000,329560000,72173640,0,0,0,0,0
2022-12-13,PUDP,Pudjiadi Prestige Tbk.,--U-1130000000H111------------,400,0,400,384,384,-16,4600,1836800,5,47.9,396,100,384,1000,329560000,329560000,72173640,0,0,0,0,0
2022-12-12,PUDP,Pudjiadi Prestige Tbk.,--U-1130000000H111------------,386,0,400,386,400,14,8000,3174000,13,49.9,402,400,388,300,329560000,329560000,72173640,0,0,0,0,0
2022-12-09,PUDP,Pudjiadi Prestige Tbk.,--U-1130000000H111------------,368,0,390,384,386,18,21900,8480000,25,48.1,394,1800,386,9400,329560000,329560000,72173640,0,0,0,0,0
2022-12-08,PUDP,Pudjiadi Prestige Tbk.,--U-1130000000H111------------,364,0,370,368,368,4,7300,2696400,5,45.9,386,3000,368,6700,329560000,329560000,72173640,0,0,0,0,0
2022-12-07,PUDP,Pudjiadi Prestige Tbk.,--U-1130000000H111------------,358,0,364,364,364,6,1300,473200,4,45.4,392,200,364,3700,329560000,329560000,72173640,0,0,0,0,0
2022-12-06,PUDP,Pudjiadi Prestige Tbk.,--U-1130000000H111------------,362,0,360,358,358,-4,12400,4441000,3,44.7,396,100,366,500,329560000,329560000,72173640,0,0,0,0,0
2022-12-05,PUDP,Pudjiadi Prestige Tbk.,--U-1130000000H111------------,382,0,382,360,362,-20,10300,3727200,8,45.2,402,100,362,9000,329560000,329560000,72173640,0,0,0,0,0
2022-12-02,PUDP,Pudjiadi Prestige Tbk.,--U-1130000000H111------------,366,0,382,352,382,16,47200,18022000,12,47.6,384,100,362,2500,329560000,329560000,72173640,0,0,0,0,0
2022-12-01,PUDP,Pudjiadi Prestige Tbk.,--U-1130000000H111------------,356,0,380,354,366,10,36300,13178200,23,45.7,382,100,366,9600,329560000,329560000,72173640,0,0,0,0,0
2022-11-30,PUDP,Pudjiadi Prestige Tbk.,--U-1130000000H111------------,370,0,384,348,356,-14,8400,2945200,10,44.4,378,100,356,50000,329560000,329560000,72173640,0,0,0,0,0
2022-11-29,PUDP,Pudjiadi Prestige Tbk.,--U-1130000000H111------------,368,0,396,358,370,2,900,335200,9,46.1,378,100,370,1800,329560000,329560000,72173640,0,0,0,0,0
2022-11-28,PUDP,Pudjiadi Prestige Tbk.,--U-1130000000H111------------,384,0,390,368,368,-16,10800,3981000,10,45.9,386,100,368,4200,329560000,329560000,72173640,0,0,0,0,0
2022-11-25,PUDP,Pudjiadi Prestige Tbk.,--U-1130000000H111------------,364,0,412,364,384,20,73100,29110600,74,47.9,384,6400,382,100,329560000,329560000,72173640,0,0,0,0,0
2022-11-24,PUDP,Pudjiadi Prestige Tbk.,--U-1130000000H111------------,358,0,400,358,364,6,92600,36705000,29,45.4,388,100,368,600,329560000,329560000,72173640,0,0,0,0,0
2022-11-23,PUDP,Pudjiadi Prestige Tbk.,--U-1130000000H111------------,358,0,398,358,358,0,1800,673800,13,44.7,388,100,360,100,329560000,329560000,72173640,0,0,0,0,0
2022-11-22,PUDP,Pudjiadi Prestige Tbk.,--U-1130000000H111------------,350,0,362,358,358,8,200,72000,2,44.7,396,100,358,5700,329560000,329560000,72173640,0,0,0,0,0
2022-11-21,PUDP,Pudjiadi Prestige Tbk.,--U-1130000000H111------------,376,0,404,350,350,-26,157200,55593000,17,43.7,388,2000,356,1400,329560000,329560000,72173640,0,0,0,0,0
2022-11-18,PUDP,Pudjiadi Prestige Tbk.,--U-1130000000H111------------,376,0,376,376,376,0,10700,4023200,9,46.9,398,100,372,2200,329560000,329560000,72173640,0,0,0,0,0
2022-11-17,PUDP,Pudjiadi Prestige Tbk.,--U-1130000000H111------------,396,0,406,372,376,-20,3900,1474200,9,46.9,398,200,376,2800,329560000,329560000,72173640,0,0,0,0,0
2022-11-16,PUDP,Pudjiadi Prestige Tbk.,--U-1130000000H111------------,370,0,418,390,396,26,24000,9527400,42,49.4,406,100,396,122000,329560000,329560000,72173640,0,0,0,0,0
2022-11-15,PUDP,Pudjiadi Prestige Tbk.,--U-1130000000H111------------,392,0,370,370,370,-22,100,37000,1,46.1,386,100,370,800,329560000,329560000,72173640,0,0,0,0,0
2022-11-14,PUDP,Pudjiadi Prestige Tbk.,--U-1130000000H111------------,392,0,0,0,392,0,0,0,0,48.9,392,100,372,100,329560000,329560000,72173640,0,0,0,0,0
2022-11-11,PUDP,Pudjiadi Prestige Tbk.,--U-1130000000H111------------,378,0,406,378,392,14,1100,429200,11,48.9,392,100,358,200,329560000,329560000,72173640,0,0,0,0,0
2022-11-10,PUDP,Pudjiadi Prestige Tbk.,--U-1130000000H111------------,378,0,0,0,378,0,0,0,0,47.1,394,100,366,800,329560000,329560000,72173640,0,0,0,0,0
2022-11-09,PUDP,Pudjiadi Prestige Tbk.,--U-1130000000H111------------,376,0,378,378,378,2,100,37800,1,47.1,398,100,378,6700,329560000,329560000,72173640,0,0,0,0,0
2022-11-08,PUDP,Pudjiadi Prestige Tbk.,--U-1130000000H111------------,382,0,428,368,376,-6,4700,1857000,39,46.9,410,20000,376,700,329560000,329560000,72173640,0,100,0,0,0
2022-11-07,PUDP,Pudjiadi Prestige Tbk.,--U-1130000000H111------------,392,0,406,382,382,-10,200,78800,2,47.6,418,1000,384,200,329560000,329560000,72173640,0,0,0,0,0
2022-11-04,PUDP,Pudjiadi Prestige Tbk.,--U-1130000000H111------------,392,0,392,392,392,0,300,117600,2,48.9,402,100,372,2000,329560000,329560000,72173640,0,0,0,0,0
2022-11-03,PUDP,Pudjiadi Prestige Tbk.,--U-1130000000H111------------,390,0,392,390,392,2,300,117200,3,48.9,394,100,380,100,329560000,329560000,72173640,0,0,0,0,0
2022-11-02,PUDP,Pudjiadi Prestige Tbk.,--U-1130000000H111------------,390,0,390,390,390,0,65100,25389000,3,48.6,392,100,382,100,329560000,329560000,72173640,0,0,0,0,0
2022-11-01,PUDP,Pudjiadi Prestige Tbk.,--U-1130000000H111------------,376,0,402,376,390,14,82800,32108200,24,48.6,392,100,366,1200,329560000,329560000,72173640,0,10300,0,0,0
2022-10-31,PUDP,Pudjiadi Prestige Tbk.,--U-1130000000H111------------,376,0,384,364,376,0,5800,2185600,25,46.9,382,100,368,5000,329560000,329560000,72173640,0,0,0,0,0
2022-10-28,PUDP,Pudjiadi Prestige Tbk.,--U-1130000000H111------------,376,0,0,0,376,0,0,0,0,46.9,374,100,368,1500,329560000,329560000,72173640,0,0,0,0,0
2022-10-27,PUDP,Pudjiadi Prestige Tbk.,--U-1130000000H111------------,364,0,376,376,376,12,1300,488800,1,46.9,374,100,362,700,329560000,329560000,72173640,0,0,0,0,0
2022-10-26,PUDP,Pudjiadi Prestige Tbk.,--U-1130000000H111------------,376,0,384,362,364,-12,1600,597000,16,45.4,376,100,362,600,329560000,329560000,72173640,0,0,0,0,0
2022-10-25,PUDP,Pudjiadi Prestige Tbk.,--U-1130000000H111------------,352,0,384,362,376,24,600,225200,6,46.9,380,200,362,100,329560000,329560000,72173640,0,0,0,0,0
2022-10-24,PUDP,Pudjiadi Prestige Tbk.,--U-1130000000H111------------,352,0,0,0,352,0,0,0,0,43.9,388,100,360,2000,329560000,329560000,72173640,0,0,0,0,0
2022-10-21,PUDP,Pudjiadi Prestige Tbk.,--U-1130000000H111------------,352,0,0,0,352,0,0,0,0,43.9,392,100,360,700,329560000,329560000,72173640,0,0,0,0,0
2022-10-20,PUDP,Pudjiadi Prestige Tbk.,--U-1130000000H111------------,368,0,360,352,352,-16,1200,428800,2,43.9,378,100,358,800,329560000,329560000,72173640,0,0,0,0,0
2022-10-19,PUDP,Pudjiadi Prestige Tbk.,--U-1130000000H111------------,380,0,368,368,368,-12,200,73600,1,45.9,388,100,368,800,329560000,329560000,72173640,0,0,0,0,0
2022-10-18,PUDP,Pudjiadi Prestige Tbk.,--U-1130000000H111------------,380,0,0,0,380,0,0,0,0,47.4,378,100,362,900,329560000,329560000,72173640,0,0,0,0,0
2022-10-17,PUDP,Pudjiadi Prestige Tbk.,--U-1130000000H111------------,384,0,406,364,380,-4,10300,3767200,12,47.4,378,100,364,3900,329560000,329560000,72173640,0,0,0,0,0
2022-10-14,PUDP,Pudjiadi Prestige Tbk.,--U-1130000000H111------------,386,0,384,368,384,-2,2200,816200,4,47.9,386,500,366,800,329560000,329560000,72173640,0,0,0,0,0
2022-10-13,PUDP,Pudjiadi Prestige Tbk.,--U-1130000000H111------------,386,0,386,364,386,0,37100,14134000,55,48.1,390,700,374,200,329560000,329560000,72173640,7600,0,10,1000,1
2022-10-12,PUDP,Pudjiadi Prestige Tbk.,--U-1130000000H111------------,386,0,386,386,386,0,16000,6176000,1,48.1,388,100,376,2000,329560000,329560000,72173640,0,0,0,0,0
2022-10-11,PUDP,Pudjiadi Prestige Tbk.,--U-1130000000H111------------,360,0,420,370,386,26,12300,4764600,23,48.1,386,10100,380,900,329560000,329560000,72173640,0,0,0,0,0
2022-10-10,PUDP,Pudjiadi Prestige Tbk.,--U-1130000000H111------------,364,0,360,360,360,-4,200,72000,1,44.9,396,100,360,4800,329560000,329560000,72173640,0,0,0,0,0
2022-10-07,PUDP,Pudjiadi Prestige Tbk.,--U-1130000000H111------------,358,0,390,346,364,6,5300,1986800,39,45.4,388,500,364,5000,329560000,329560000,72173640,0,0,0,0,0
2022-10-06,PUDP,Pudjiadi Prestige Tbk.,--U-1130000000H111------------,356,0,358,358,358,2,1000,358000,1,44.7,394,1300,358,800,329560000,329560000,72173640,0,0,0,0,0
2022-10-05,PUDP,Pudjiadi Prestige Tbk.,--U-1130000000H111------------,350,0,356,354,356,6,17800,6330800,4,44.4,376,100,358,9700,329560000,329560000,72173640,0,0,0,0,0
2022-10-04,PUDP,Pudjiadi Prestige Tbk.,--U-1130000000H111------------,350,0,350,350,350,0,100,35000,1,43.7,376,100,350,1400,329560000,329560000,72173640,0,0,0,0,0
2022-10-03,PUDP,Pudjiadi Prestige Tbk.,--U-1130000000H111------------,354,0,350,334,350,-4,800,272800,3,43.7,362,100,346,2500,329560000,329560000,72173640,0,0,0,0,0
2022-09-30,PUDP,Pudjiadi Prestige Tbk.,--U-1130000000H111------------,354,0,388,354,354,0,3800,1427200,9,44.2,386,200,354,5100,329560000,329560000,72173640,0,0,0,0,0
2022-09-29,PUDP,Pudjiadi Prestige Tbk.,--U-1130000000H111------------,350,0,386,330,354,4,500,175400,4,44.2,380,16200,352,2600,329560000,329560000,72173640,0,0,0,0,0
2022-09-28,PUDP,Pudjiadi Prestige Tbk.,--U-1130000000H111------------,360,0,350,340,350,-10,900,314000,2,43.7,392,100,356,20000,329560000,329560000,72173640,0,0,0,0,0
2022-09-27,PUDP,Pudjiadi Prestige Tbk.,--U-1130000000H111------------,378,0,400,356,360,-18,17100,6230600,23,44.9,396,100,362,8300,329560000,329560000,72173640,0,0,0,0,0
2022-09-26,PUDP,Pudjiadi Prestige Tbk.,--U-1130000000H111------------,402,0,378,378,378,-24,300,113400,2,47.1,396,200,376,2000,329560000,329560000,72173640,0,0,0,0,0
2022-09-23,PUDP,Pudjiadi Prestige Tbk.,--U-1130000000H111------------,406,0,404,386,402,-4,7100,2846000,18,50.1,402,1600,378,20200,329560000,329560000,72173640,0,0,0,0,0
2022-09-22,PUDP,Pudjiadi Prestige Tbk.,--U-1130000000H111------------,408,0,408,384,406,-2,600,240000,6,50.6,408,100,388,100,329560000,329560000,72173640,0,0,0,0,0
2022-09-21,PUDP,Pudjiadi Prestige Tbk.,--U-1130000000H111------------,416,0,416,388,408,-8,10000,3890800,10,50.9,408,200,394,200,329560000,329560000,72173640,0,0,0,0,0
2022-09-20,PUDP,Pudjiadi Prestige Tbk.,--U-1130000000H111------------,366,0,416,372,416,50,12000,4744000,43,51.9,416,1200,378,100,329560000,329560000,72173640,0,0,0,0,0
2022-09-19,PUDP,Pudjiadi Prestige Tbk.,--U-1130000000H111------------,376,0,394,366,366,-10,400,152000,3,45.7,392,100,364,200,329560000,329560000,72173640,0,0,0,0,0
2022-09-16,PUDP,Pudjiadi Prestige Tbk.,--U-1130000000H111------------,404,0,404,376,376,-28,13200,5129200,8,46.9,396,300,380,100,329560000,329560000,72173640,0,0,0,0,0
2022-09-15,PUDP,Pudjiadi Prestige Tbk.,--U-1130000000H111------------,400,0,404,400,404,4,12400,5008800,8,50.4,404,16000,372,71000,329560000,329560000,72173640,0,0,0,0,0
2022-09-14,PUDP,Pudjiadi Prestige Tbk.,--U-1130000000H111------------,396,0,400,396,400,4,4400,1758800,7,49.9,402,500,382,500,329560000,329560000,72173640,0,0,0,0,0
2022-09-13,PUDP,Pudjiadi Prestige Tbk.,--U-1130000000H111------------,372,0,396,372,396,24,21100,8353200,6,49.4,398,200,372,9000,329560000,329560000,72173640,0,0,0,0,0
2022-09-12,PUDP,Pudjiadi Prestige Tbk.,--U-1130000000H111------------,372,0,384,346,372,0,57100,20297600,29,46.4,398,100,372,4300,329560000,329560000,72173640,0,0,0,0,0
2022-09-09,PUDP,Pudjiadi Prestige Tbk.,--U-1130000000H111------------,368,0,388,368,372,4,6400,2359800,6,46.4,408,800,372,4600,329560000,329560000,72173640,0,0,0,0,0
2022-09-08,PUDP,Pudjiadi Prestige Tbk.,--U-1130000000H111------------,382,0,382,364,368,-14,34900,13324000,6,45.9,412,100,368,105000,329560000,329560000,72173640,0,0,0,0,0
2022-09-07,PUDP,Pudjiadi Prestige Tbk.,--U-1130000000H111------------,400,0,416,382,382,-18,3300,1331800,8,47.6,414,400,380,18000,329560000,329560000,72173640,0,0,0,0,0
2022-09-06,PUDP,Pudjiadi Prestige Tbk.,--U-1130000000H111------------,400,0,400,400,400,0,5400,2160000,1,49.9,402,200,382,100,329560000,329560000,72173640,0,0,0,0,0
2022-09-05,PUDP,Pudjiadi Prestige Tbk.,--U-1130000000H111------------,386,0,400,390,400,14,8400,3353200,14,49.9,402,1500,374,100,329560000,329560000,72173640,0,0,0,0,0
2022-09-02,PUDP,Pudjiadi Prestige Tbk.,--U-1130000000H111------------,384,0,386,384,386,2,10100,3878600,3,48.1,400,100,390,200,329560000,329560000,72173640,0,0,0,0,0
2022-09-01,PUDP,Pudjiadi Prestige Tbk.,--U-1130000000H111------------,380,0,406,384,384,4,5100,2012800,15,47.9,400,500,384,20000,329560000,329560000,72173640,0,0,0,0,0
2022-08-31,PUDP,Pudjiadi Prestige Tbk.,--U-1130000000H111------------,400,0,400,378,380,-20,94800,37723000,16,47.4,400,20600,380,19000,329560000,329560000,72173640,0,0,0,0,0
2022-08-30,PUDP,Pudjiadi Prestige Tbk.,--U-1130000000H111------------,398,0,400,382,400,2,2200,844200,5,49.9,400,10000,390,100,329560000,329560000,72173640,0,0,0,0,0
2022-08-29,PUDP,Pudjiadi Prestige Tbk.,--U-1130000000H111------------,426,0,398,398,398,-28,199400,79361200,18,49.6,398,188900,0,0,329560000,329560000,72173640,0,0,0,0,0
2022-08-26,PUDP,Pudjiadi Prestige Tbk.,--U-1130000000H111------------,410,0,426,426,426,16,200,85200,1,53.1,414,200,394,200,329560000,329560000,72173640,0,0,0,0,0
2022-08-25,PUDP,Pudjiadi Prestige Tbk.,--U-1130000000H111------------,408,0,422,392,410,2,900,369200,7,51.1,410,300,388,200,329560000,329560000,72173640,0,0,0,0,0
2022-08-24,PUDP,Pudjiadi Prestige Tbk.,--U-1130000000H111------------,406,0,424,390,408,2,158200,61985400,21,50.9,408,300,386,100,329560000,329560000,72173640,0,0,0,0,0
2022-08-23,PUDP,Pudjiadi Prestige Tbk.,--U-1130000000H111------------,412,0,430,396,406,-6,58300,23149600,25,50.6,406,2300,400,100,329560000,329560000,72173640,0,0,0,0,0
2022-08-22,PUDP,Pudjiadi Prestige Tbk.,--U-1130000000H111------------,412,0,420,392,412,0,122300,49022000,47,51.4,412,300,410,500,329560000,329560000,72173640,0,0,0,0,0
2022-08-19,PUDP,Pudjiadi Prestige Tbk.,--U-1130000000H111------------,412,0,420,392,412,0,20800,8454400,22,51.4,412,5600,392,9900,329560000,329560000,72173640,0,0,0,0,0
2022-08-18,PUDP,Pudjiadi Prestige Tbk.,--U-1130000000H111------------,400,0,420,382,412,12,44200,17900800,39,51.4,412,18800,400,200,329560000,329560000,72173640,0,0,0,0,0
2022-08-16,PUDP,Pudjiadi Prestige Tbk.,--U-1130000000H111------------,408,0,410,384,400,-8,47800,18996600,20,49.9,400,15000,384,6000,329560000,329560000,72173640,0,0,0,0,0
2022-08-15,PUDP,Pudjiadi Prestige Tbk.,--U-1130000000H111------------,398,0,420,388,408,10,18300,7274600,16,50.9,408,1200,404,200,329560000,329560000,72173640,0,0,0,0,0
2022-08-12,PUDP,Pudjiadi Prestige Tbk.,--U-1130000000H111------------,384,0,420,374,398,14,31600,12797200,42,49.6,398,5000,396,1000,329560000,329560000,72173640,0,0,0,0,0
2022-08-11,PUDP,Pudjiadi Prestige Tbk.,--U-1130000000H111------------,376,0,420,362,384,8,96800,37296000,138,47.9,396,5000,384,58500,329560000,329560000,72173640,0,0,0,0,0
2022-08-10,PUDP,Pudjiadi Prestige Tbk.,--U-1130000000H111------------,358,0,376,354,376,18,84200,31018800,36,46.9,378,19300,376,63000,329560000,329560000,72173640,0,0,0,0,0
2022-08-09,PUDP,Pudjiadi Prestige Tbk.,--U-1130000000H111------------,368,0,366,350,358,-10,2000,713800,11,44.7,358,200,352,29700,329560000,329560000,72173640,0,300,0,0,0
2022-08-08,PUDP,Pudjiadi Prestige Tbk.,--U-1130000000H111------------,360,0,368,340,368,8,25500,9050400,17,45.9,368,900,352,100,329560000,329560000,72173640,0,0,0,0,0
2022-08-05,PUDP,Pudjiadi Prestige Tbk.,--U-1130000000H111------------,354,0,372,348,360,6,87900,31988800,17,44.9,356,100,350,800,329560000,329560000,72173640,0,0,0,0,0
2022-08-04,PUDP,Pudjiadi Prestige Tbk.,--U-1130000000H111------------,350,0,356,340,354,4,8300,2833200,10,44.2,354,8100,344,52900,329560000,329560000,72173640,0,7300,0,0,0
2022-08-03,PUDP,Pudjiadi Prestige Tbk.,--U-1130000000H111------------,350,0,368,342,350,0,22500,7722600,19,43.7,354,24200,342,6000,329560000,329560000,72173640,0,0,0,0,0
2022-08-02,PUDP,Pudjiadi Prestige Tbk.,--U-1130000000H111------------,336,0,356,350,350,14,300,106200,3,43.7,348,300,340,5000,329560000,329560000,72173640,0,0,0,0,0
2022-08-01,PUDP,Pudjiadi Prestige Tbk.,--U-1130000000H111------------,350,0,350,336,336,-14,16200,5528600,7,41.9,350,18800,338,5200,329560000,329560000,72173640,0,0,0,0,0
2022-07-29,PUDP,Pudjiadi Prestige Tbk.,--U-1130000000H111------------,368,0,358,344,350,-18,38500,13445600,22,43.7,356,200,0,0,329560000,329560000,72173640,0,0,0,0,0
2022-07-28,PUDP,Pudjiadi Prestige Tbk.,--U-1130000000H111------------,366,0,378,368,368,2,2200,817600,3,45.9,366,36000,346,1000,329560000,329560000,72173640,0,0,0,0,0
2022-07-27,PUDP,Pudjiadi Prestige Tbk.,--U-1130000000H111------------,362,0,378,340,366,4,1400,510600,10,45.7,366,29800,364,300,329560000,329560000,72173640,0,0,0,0,0
2022-07-26,PUDP,Pudjiadi Prestige Tbk.,--U-1130000000H111------------,358,0,374,362,362,4,400,147200,2,45.2,362,30000,338,2500,329560000,329560000,72173640,0,0,0,0,0
2022-07-25,PUDP,Pudjiadi Prestige Tbk.,--U-1130000000H111------------,360,0,378,350,358,-2,12900,4524200,5,44.7,358,1000,342,100,329560000,329560000,72173640,0,0,0,0,0
2022-07-22,PUDP,Pudjiadi Prestige Tbk.,--U-1130000000H111------------,350,0,368,360,360,10,2300,829600,6,44.9,364,5000,360,11000,329560000,329560000,72173640,0,0,0,0,0
2022-07-21,PUDP,Pudjiadi Prestige Tbk.,--U-1130000000H111------------,350,0,368,332,350,0,68500,23260800,27,43.7,356,100,350,400,329560000,329560000,72173640,0,0,0,0,0
2022-07-20,PUDP,Pudjiadi Prestige Tbk.,--U-1130000000H111------------,350,0,350,332,350,0,10400,3638200,4,43.7,350,24900,334,30100,329560000,329560000,72173640,0,0,0,0,0
2022-07-19,PUDP,Pudjiadi Prestige Tbk.,--U-1130000000H111------------,354,0,370,332,350,-4,75700,25907600,27,43.7,350,29600,338,11900,329560000,329560000,72173640,0,0,0,0,0
2022-07-18,PUDP,Pudjiadi Prestige Tbk.,--U-1130000000H111------------,338,0,356,320,354,16,23800,8052000,8,44.2,350,3800,338,10000,329560000,329560000,72173640,0,0,0,0,0
2022-07-15,PUDP,Pudjiadi Prestige Tbk.,--U-1130000000H111------------,340,0,360,320,338,-2,26700,9089800,25,42.2,338,12500,330,10000,329560000,329560000,72173640,0,0,0,0,0
2022-07-14,PUDP,Pudjiadi Prestige Tbk.,--U-1130000000H111------------,330,0,342,322,340,10,2700,911200,13,42.4,340,10700,330,74900,329560000,329560000,72173640,0,0,0,0,0
2022-07-13,PUDP,Pudjiadi Prestige Tbk.,--U-1130000000H111------------,340,0,336,320,330,-10,18400,6042800,6,41.2,330,4200,328,200,329560000,329560000,72173640,0,0,0,0,0
2022-07-12,PUDP,Pudjiadi Prestige Tbk.,--U-1130000000H111------------,338,0,340,318,340,2,1900,640400,8,42.4,340,15200,322,5000,329560000,329560000,72173640,0,0,0,0,0
2022-07-11,PUDP,Pudjiadi Prestige Tbk.,--U-1130000000H111------------,326,0,340,320,338,12,1500,505200,5,42.2,338,5900,326,100,329560000,329560000,72173640,0,0,0,0,0
2022-07-08,PUDP,Pudjiadi Prestige Tbk.,--U-1130000000H111------------,342,0,332,326,326,-16,63100,20655400,21,40.7,340,200,326,4300,329560000,329560000,72173640,0,0,0,0,0
2022-07-07,PUDP,Pudjiadi Prestige Tbk.,--U-1130000000H111------------,336,0,354,326,342,6,1500,507200,7,42.7,342,2800,330,2300,329560000,329560000,72173640,0,0,0,0,0
2022-07-06,PUDP,Pudjiadi Prestige Tbk.,--U-1130000000H111------------,334,0,336,312,336,2,18200,6101800,9,41.9,348,1100,336,2600,329560000,329560000,72173640,0,0,0,0,0
2022-07-05,PUDP,Pudjiadi Prestige Tbk.,--U-1130000000H111------------,340,0,338,334,334,-6,110100,36984800,9,41.7,334,20000,324,100,329560000,329560000,72173640,0,0,0,0,0
2022-07-04,PUDP,Pudjiadi Prestige Tbk.,--U-1130000000H111------------,342,0,340,320,340,-2,1400,456000,3,42.4,340,71900,0,0,329560000,329560000,72173640,0,0,0,0,0
2022-07-01,PUDP,Pudjiadi Prestige Tbk.,--U-1130000000H111------------,344,0,344,322,342,-2,57300,18979800,11,42.7,342,41700,320,2000,329560000,329560000,72173640,0,0,0,0,0
2022-06-30,PUDP,Pudjiadi Prestige Tbk.,--U-1100000000H111------------,344,0,364,344,344,0,29600,10243200,3,42.9,336,100,326,9000,329560000,329560000,72173640,0,0,0,0,0
2022-06-29,PUDP,Pudjiadi Prestige Tbk.,--U-1100000000H111------------,330,0,348,322,344,14,138500,45665200,68,42.9,344,100,342,1000,329560000,329560000,72173640,0,0,0,0,0
2022-06-28,PUDP,Pudjiadi Prestige Tbk.,--U-1100000000H111------------,326,0,340,316,330,4,600,200000,4,41.2,332,700,330,400,329560000,329560000,72173640,0,0,0,0,0
2022-06-27,PUDP,Pudjiadi Prestige Tbk.,--U-1100000000H111------------,318,0,328,308,326,8,13000,4035400,10,40.7,326,4200,310,25500,329560000,329560000,72173640,0,0,0,0,0
2022-06-24,PUDP,Pudjiadi Prestige Tbk.,--U-1100000000H111------------,318,0,318,312,318,0,43700,13891000,11,39.7,318,9400,312,9100,329560000,329560000,72173640,0,0,0,0,0
2022-06-23,PUDP,Pudjiadi Prestige Tbk.,--U-1100000000H111------------,296,0,318,298,318,22,103500,31292800,38,39.7,318,10000,300,38100,329560000,329560000,72173640,0,0,0,0,0
2022-06-22,PUDP,Pudjiadi Prestige Tbk.,--U-1100000000H111------------,298,0,298,292,296,-2,98000,29017600,26,36.9,296,10500,294,500,329560000,329560000,72173640,0,0,0,0,0
2022-06-21,PUDP,Pudjiadi Prestige Tbk.,--U-1100000000H111------------,280,0,298,278,298,18,5600,1576400,10,37.2,298,100,280,2600,329560000,329560000,72173640,0,0,0,0,0
2022-06-20,PUDP,Pudjiadi Prestige Tbk.,--U-1100000000H111------------,294,0,290,280,280,-14,500,142000,5,34.9,290,600,280,1400,329560000,329560000,72173640,0,0,0,0,0
2022-06-17,PUDP,Pudjiadi Prestige Tbk.,--U-1100000000H111------------,296,0,294,278,294,-2,700,204200,3,36.7,290,400,280,100,329560000,329560000,72173640,0,0,0,0,0
2022-06-16,PUDP,Pudjiadi Prestige Tbk.,--U-1100000000H111------------,298,0,296,296,296,-2,100,29600,1,36.9,292,100,280,1800,329560000,329560000,72173640,0,0,0,0,0
2022-06-15,PUDP,Pudjiadi Prestige Tbk.,--U-1100000000H111------------,280,0,298,280,298,18,300,85800,3,37.2,296,100,276,2700,329560000,329560000,72173640,0,0,0,0,0
2022-06-14,PUDP,Pudjiadi Prestige Tbk.,--U-1100000000H111------------,290,0,296,278,280,-10,81700,22919600,16,34.9,286,1000,280,98800,329560000,329560000,72173640,0,0,0,0,0
2022-06-13,PUDP,Pudjiadi Prestige Tbk.,--U-1100000000H111------------,310,0,308,290,290,-20,23200,6735600,10,36.2,290,2000,0,0,329560000,329560000,72173640,0,0,0,0,0
2022-06-10,PUDP,Pudjiadi Prestige Tbk.,--U-1100000000H111------------,330,0,310,310,310,-20,700,217000,4,38.7,310,20500,0,0,329560000,329560000,72173640,0,0,0,0,0
2022-06-09,PUDP,Pudjiadi Prestige Tbk.,--U-1100000000H111------------,290,0,330,290,330,40,1900,599000,12,41.2,330,100,282,1600,329560000,329560000,72173640,0,0,0,0,0
2022-06-08,PUDP,Pudjiadi Prestige Tbk.,--U-1100000000H111------------,296,0,326,290,290,-6,1300,413800,10,36.2,322,300,284,2000,329560000,329560000,72173640,0,0,0,0,0
2022-06-07,PUDP,Pudjiadi Prestige Tbk.,--U-1100000000H111------------,298,0,340,296,296,-2,8900,2928400,15,36.9,296,200,290,100,329560000,329560000,72173640,0,0,0,0,0
2022-06-06,PUDP,Pudjiadi Prestige Tbk.,--U-1100000000H111------------,300,0,300,280,298,-2,42600,12038400,11,37.2,298,2100,288,100,329560000,329560000,72173640,0,0,0,0,0
2022-06-03,PUDP,Pudjiadi Prestige Tbk.,--U-1100000000H111------------,300,0,0,0,300,0,0,0,0,37.4,300,100,286,3200,329560000,329560000,72173640,0,0,0,0,0
2022-06-02,PUDP,Pudjiadi Prestige Tbk.,--U-1100000000H111------------,300,0,300,300,300,0,1600,480000,3,37.4,300,100,292,1500,329560000,329560000,72173640,0,0,0,0,0
2022-05-31,PUDP,Pudjiadi Prestige Tbk.,--U-1100000000H111------------,300,0,300,300,300,0,2100,630000,3,37.4,340,39100,300,10300,329560000,329560000,72173640,0,0,0,0,0
2022-05-30,PUDP,Pudjiadi Prestige Tbk.,--U-1100000000H111------------,314,0,300,300,300,-14,15000,4500000,4,37.4,314,300,300,1600,329560000,329560000,72173640,0,0,0,0,0
2022-05-27,PUDP,Pudjiadi Prestige Tbk.,--U-1100000000H111------------,314,0,314,306,314,0,10800,3388000,5,39.2,314,4300,306,9600,329560000,329560000,72173640,0,0,0,0,0
2022-05-25,PUDP,Pudjiadi Prestige Tbk.,--U-1100000000H111------------,306,0,314,298,314,8,13400,4156000,10,39.2,314,500,302,100,329560000,329560000,72173640,0,0,0,0,0
2022-05-24,PUDP,Pudjiadi Prestige Tbk.,--U-1100000000H111------------,304,0,320,292,306,2,44800,14225800,15,38.2,318,4400,306,100,329560000,329560000,72173640,0,0,0,0,0
2022-05-23,PUDP,Pudjiadi Prestige Tbk.,--U-1100000000H111------------,302,0,306,302,304,2,11200,3396600,10,37.9,308,300,304,1000,329560000,329560000,72173640,0,0,0,0,0
2022-05-20,PUDP,Pudjiadi Prestige Tbk.,--U-1100000000H111------------,282,0,302,288,302,20,83600,25031000,17,37.7,302,6900,290,200,329560000,329560000,72173640,0,0,0,0,0
2022-05-19,PUDP,Pudjiadi Prestige Tbk.,--U-1100000000H111------------,302,0,286,282,282,-20,44500,12552400,18,35.2,282,1400,0,0,329560000,329560000,72173640,0,0,0,0,0
2022-05-18,PUDP,Pudjiadi Prestige Tbk.,--U-1100000000H111------------,286,0,302,274,302,16,1400,413600,7,37.7,302,13000,272,600,329560000,329560000,72173640,0,0,0,0,0
2022-05-17,PUDP,Pudjiadi Prestige Tbk.,--U-1100000000H111------------,286,0,286,286,286,0,15300,4375800,6,35.7,286,4500,276,100,329560000,329560000,72173640,0,0,0,0,0
2022-05-13,PUDP,Pudjiadi Prestige Tbk.,--U-1100000000H111------------,306,0,306,286,286,-20,7200,2143000,7,35.7,306,4100,286,32800,329560000,329560000,72173640,0,0,0,0,0
2022-05-12,PUDP,Pudjiadi Prestige Tbk.,--U-1100000000H111------------,304,0,306,284,306,2,1000,286200,3,38.2,302,2600,300,100,329560000,329560000,72173640,0,0,0,0,0
2022-05-11,PUDP,Pudjiadi Prestige Tbk.,--U-1100000000H111------------,306,0,304,286,304,-2,4500,1298800,7,37.9,304,1500,286,44600,329560000,329560000,72173640,0,0,0,0,0
2022-05-10,PUDP,Pudjiadi Prestige Tbk.,--U-1100000000H111------------,294,0,306,274,306,12,2500,707800,8,38.2,304,100,280,100,329560000,329560000,72173640,0,0,0,0,0
2022-05-09,PUDP,Pudjiadi Prestige Tbk.,--U-1100000000H111------------,284,0,350,284,294,10,8000,2403600,20,36.7,294,800,284,6500,329560000,329560000,72173640,0,0,0,0,0
2022-04-28,PUDP,Pudjiadi Prestige Tbk.,--U-1100000000H111------------,300,0,300,280,284,-16,27900,7953400,22,35.4,300,2100,288,10000,329560000,329560000,72173640,0,0,0,0,0
2022-04-27,PUDP,Pudjiadi Prestige Tbk.,--U-1100000000H111------------,300,0,300,300,300,0,200,60000,2,37.4,316,100,292,100,329560000,329560000,72173640,0,0,0,0,0
2022-04-26,PUDP,Pudjiadi Prestige Tbk.,--U-1100000000H111------------,300,0,0,0,300,0,0,0,0,37.4,300,3000,298,700,329560000,329560000,72173640,0,0,0,0,0
2022-04-25,PUDP,Pudjiadi Prestige Tbk.,--U-1100000000H111------------,300,0,300,300,300,0,700,210000,1,37.4,320,17200,298,1400,329560000,329560000,72173640,0,0,0,0,0
2022-04-22,PUDP,Pudjiadi Prestige Tbk.,--U-1100000000H111------------,300,0,300,300,300,0,5100,1530000,4,37.4,320,7200,294,100,329560000,329560000,72173640,0,0,0,0,0
2022-04-21,PUDP,Pudjiadi Prestige Tbk.,--U-1100000000H111------------,320,0,350,298,300,-20,82900,25002800,59,37.4,308,1000,300,7300,329560000,329560000,72173640,0,0,0,0,0
2022-04-20,PUDP,Pudjiadi Prestige Tbk.,--U-1100000000H111------------,328,0,360,306,320,-8,95600,29932000,55,39.9,320,19400,0,0,329560000,329560000,72173640,0,0,0,0,0
2022-04-19,PUDP,Pudjiadi Prestige Tbk.,--U-1100000000H111------------,320,0,348,320,328,8,78500,25772000,91,40.9,330,5000,328,200,329560000,329560000,72173640,0,0,0,0,0
2022-04-18,PUDP,Pudjiadi Prestige Tbk.,--U-1100000000H111------------,338,0,336,316,320,-18,48200,15368200,56,39.9,320,5400,318,500,329560000,329560000,72173640,0,0,0,0,0
2022-04-14,PUDP,Pudjiadi Prestige Tbk.,--U-1100000000H111------------,330,0,340,308,338,8,59600,19086400,123,42.2,338,15700,336,200,329560000,329560000,72173640,0,0,0,0,0
2022-04-13,PUDP,Pudjiadi Prestige Tbk.,--U-1100000000H111------------,306,0,344,310,330,24,45400,14880400,112,41.2,334,10100,328,200,329560000,329560000,72173640,0,0,0,0,0
2022-04-12,PUDP,Pudjiadi Prestige Tbk.,--U-1100000000H111------------,308,0,312,304,306,-2,2600,799800,16,38.2,306,6600,304,500,329560000,329560000,72173640,0,0,0,0,0
2022-04-11,PUDP,Pudjiadi Prestige Tbk.,--U-1100000000H111------------,310,0,310,298,308,-2,54300,16311600,78,38.4,308,8900,306,100,329560000,329560000,72173640,0,0,0,0,0
2022-04-08,PUDP,Pudjiadi Prestige Tbk.,--U-1100000000H111------------,320,0,320,298,310,-10,106500,31958600,35,38.7,310,12900,308,300,329560000,329560000,72173640,0,0,0,0,0
2022-04-07,PUDP,Pudjiadi Prestige Tbk.,--U-1100000000H111------------,318,0,320,318,320,2,11400,3647600,11,39.9,320,13900,318,700,329560000,329560000,72173640,0,0,0,0,0
2022-04-06,PUDP,Pudjiadi Prestige Tbk.,--U-1100000000H111------------,320,0,320,316,318,-2,4200,1334000,25,39.7,318,30500,316,800,329560000,329560000,72173640,0,0,0,0,0
2022-04-05,PUDP,Pudjiadi Prestige Tbk.,--U-1100000000H111------------,330,0,344,308,320,-10,186700,57832800,34,39.9,320,18600,318,500,329560000,329560000,72173640,0,0,0,0,0
2022-04-04,PUDP,Pudjiadi Prestige Tbk.,--U-1100000000H111------------,330,0,340,308,330,0,104400,32724600,78,41.2,330,10700,326,200,329560000,329560000,72173640,0,0,0,0,0
2022-04-01,PUDP,Pudjiadi Prestige Tbk.,--U-1100000000H111------------,326,0,340,324,330,4,31500,10472600,98,41.2,330,11300,328,1200,329560000,329560000,72173640,0,0,0,0,0
2022-03-31,PUDP,Pudjiadi Prestige Tbk.,--U-1100000000H111------------,322,0,326,322,326,4,4400,1434000,21,40.7,326,14400,324,400,329560000,329560000,175128184,0,0,0,0,0
2022-03-30,PUDP,Pudjiadi Prestige Tbk.,--U-1100000000H111------------,318,0,326,318,322,4,3700,1196600,29,40.2,322,5000,320,200,329560000,329560000,175128184,0,0,0,0,0
2022-03-29,PUDP,Pudjiadi Prestige Tbk.,--U-1100000000H111------------,340,0,340,318,318,-22,52000,16628200,48,39.7,330,14800,318,1100,329560000,329560000,175128184,0,0,0,0,0
2022-03-28,PUDP,Pudjiadi Prestige Tbk.,--U-1100000000H111------------,344,0,348,330,340,-4,6900,2300600,18,42.4,340,4800,338,100,329560000,329560000,175128184,0,0,0,0,0
2022-03-25,PUDP,Pudjiadi Prestige Tbk.,--U-1100000000H111------------,346,0,346,330,344,-2,9400,3209000,25,42.9,344,16900,342,100,329560000,329560000,175128184,0,0,0,0,0
2022-03-24,PUDP,Pudjiadi Prestige Tbk.,--U-1100000000H111------------,340,0,348,334,346,6,4900,1669400,40,43.2,346,20100,344,100,329560000,329560000,175128184,0,0,0,0,0
2022-03-23,PUDP,Pudjiadi Prestige Tbk.,--U-1100000000H111------------,342,0,350,340,340,-2,6300,2158000,25,42.4,340,2900,338,100,329560000,329560000,175128184,0,0,0,0,0
2022-03-22,PUDP,Pudjiadi Prestige Tbk.,--U-1100000000H111------------,338,0,348,326,342,4,7600,2589600,56,42.7,342,18300,338,200,329560000,329560000,175128184,0,0,0,0,0
2022-03-21,PUDP,Pudjiadi Prestige Tbk.,--U-1100000000H111------------,334,0,350,316,338,4,5300,1793200,32,42.2,338,33800,336,200,329560000,329560000,175128184,0,0,0,0,0
2022-03-18,PUDP,Pudjiadi Prestige Tbk.,--U-1100000000H111------------,330,0,350,316,334,4,6700,2246000,52,41.7,334,3800,332,200,329560000,329560000,175128184,0,0,0,0,0
2022-03-17,PUDP,Pudjiadi Prestige Tbk.,--U-1100000000H111------------,334,0,334,316,330,-4,15300,4970600,63,41.2,330,12000,328,500,329560000,329560000,175128184,0,0,0,0,0
2022-03-16,PUDP,Pudjiadi Prestige Tbk.,--U-1100000000H111------------,334,0,334,322,334,0,8100,2664600,38,41.7,334,11300,332,200,329560000,329560000,175128184,0,0,0,0,0
2022-03-15,PUDP,Pudjiadi Prestige Tbk.,--U-1100000000H111------------,324,0,350,316,334,10,11000,3683000,53,41.7,334,4100,332,300,329560000,329560000,175128184,0,0,0,0,0
2022-03-14,PUDP,Pudjiadi Prestige Tbk.,--U-1100000000H111------------,338,0,340,316,324,-14,128400,42088400,150,40.4,326,5700,324,500,329560000,329560000,175128184,0,0,0,0,0
2022-03-11,PUDP,Pudjiadi Prestige Tbk.,--U-1100000000H111------------,334,0,348,312,338,4,14400,4693200,85,42.2,338,3000,336,100,329560000,329560000,175128184,0,0,0,0,0
2022-03-10,PUDP,Pudjiadi Prestige Tbk.,--U-1100000000H111------------,324,0,344,304,334,10,117600,38470000,70,41.7,334,8900,332,300,329560000,329560000,175128184,0,0,0,0,0
2022-03-09,PUDP,Pudjiadi Prestige Tbk.,--U-1100000000H111------------,318,0,326,302,324,6,32400,10394400,46,40.4,324,3900,322,100,329560000,329560000,175128184,0,0,0,0,0
2022-03-08,PUDP,Pudjiadi Prestige Tbk.,--U-1100000000H111------------,320,0,330,306,318,-2,8700,2715200,34,39.7,318,3400,310,900,329560000,329560000,175128184,0,0,0,0,0
2022-03-07,PUDP,Pudjiadi Prestige Tbk.,--U-1100000000H111------------,324,0,350,318,320,-4,3300,1070000,24,39.9,322,5300,318,200,329560000,329560000,175128184,0,0,0,0,0
2022-03-04,PUDP,Pudjiadi Prestige Tbk.,--U-1100000000H111------------,322,0,330,308,324,2,4900,1563200,24,40.4,322,9400,320,100,329560000,329560000,175128184,0,0,0,0,0
2022-03-02,PUDP,Pudjiadi Prestige Tbk.,--U-1100000000H111------------,330,0,330,322,322,-8,1800,590800,10,40.2,322,5800,320,100,329560000,329560000,175128184,0,0,0,0,0
2022-03-01,PUDP,Pudjiadi Prestige Tbk.,--U-1100000000H111------------,330,0,0,0,330,0,0,0,0,41.2,326,11100,324,100,329560000,329560000,175128184,0,0,0,0,0
2022-02-25,PUDP,Pudjiadi Prestige Tbk.,--U-1100000000H111------------,316,0,336,316,330,14,3200,1029000,15,41.2,326,5700,322,100,329560000,329560000,175128184,0,0,0,0,0
2022-02-24,PUDP,Pudjiadi Prestige Tbk.,--U-1100000000H111------------,324,0,324,310,316,-8,5000,1582600,24,39.4,316,9200,314,1100,329560000,329560000,175128184,0,0,0,0,0
2022-02-23,PUDP,Pudjiadi Prestige Tbk.,--U-1100000000H111------------,322,0,350,312,324,2,42500,13637600,45,40.4,324,4900,322,100,329560000,329560000,175128184,0,0,0,0,0
2022-02-22,PUDP,Pudjiadi Prestige Tbk.,--U-1100000000H111------------,324,0,332,318,322,-2,3300,1056200,14,40.2,322,11900,320,100,329560000,329560000,175128184,0,0,0,0,0
2022-02-21,PUDP,Pudjiadi Prestige Tbk.,--U-1100000000H111------------,316,0,348,312,324,8,15400,4985400,35,40.4,330,1700,322,100,329560000,329560000,175128184,0,0,0,0,0
2022-02-18,PUDP,Pudjiadi Prestige Tbk.,--U-1100000000H111------------,320,0,320,316,316,-4,2100,665000,4,39.4,318,6000,316,100,329560000,329560000,175128184,0,0,0,0,0
2022-02-17,PUDP,Pudjiadi Prestige Tbk.,--U-1100000000H111------------,328,0,326,320,320,-8,4400,1411800,10,39.9,320,3800,318,200,329560000,329560000,175128184,0,0,0,0,0
2022-02-16,PUDP,Pudjiadi Prestige Tbk.,--U-1100000000H111------------,330,0,350,320,328,-2,33500,11173400,26,40.9,326,800,320,2100,329560000,329560000,175128184,0,0,0,0,0
2022-02-15,PUDP,Pudjiadi Prestige Tbk.,--U-1100000000H111------------,326,0,350,330,330,4,2600,896000,11,41.2,330,1300,326,1100,329560000,329560000,175128184,0,0,0,0,0
2022-02-14,PUDP,Pudjiadi Prestige Tbk.,--U-1100000000H111------------,326,0,344,324,326,0,39100,12825000,29,40.7,326,3300,324,300,329560000,329560000,175128184,0,0,0,0,0
2022-02-11,PUDP,Pudjiadi Prestige Tbk.,--U-1100000000H111------------,324,0,352,308,326,2,19000,6430400,44,40.7,326,11300,324,200,329560000,329560000,175128184,0,0,0,0,0
2022-02-10,PUDP,Pudjiadi Prestige Tbk.,--U-1100000000H111------------,328,0,340,320,324,-4,2500,816200,18,40.4,324,900,322,100,329560000,329560000,175128184,0,0,0,0,0
2022-02-09,PUDP,Pudjiadi Prestige Tbk.,--U-1100000000H111------------,324,0,350,318,328,4,34700,11162400,35,40.9,328,22600,326,200,329560000,329560000,175128184,0,0,0,0,0
2022-02-08,PUDP,Pudjiadi Prestige Tbk.,--U-1100000000H111------------,322,0,356,312,324,2,2200,719400,21,40.4,324,18200,322,300,329560000,329560000,175128184,0,0,0,0,0
2022-02-07,PUDP,Pudjiadi Prestige Tbk.,--U-1100000000H111------------,326,0,326,312,322,-4,20900,6528600,9,40.2,324,18100,322,400,329560000,329560000,175128184,0,0,0,0,0
2022-02-04,PUDP,Pudjiadi Prestige Tbk.,--U-1100000000H111------------,310,0,354,320,326,16,20300,6875400,55,40.7,330,2900,320,200,329560000,329560000,175128184,0,0,0,0,0
2022-02-03,PUDP,Pudjiadi Prestige Tbk.,--U-1100000000H111------------,330,0,352,310,310,-20,4300,1364200,17,38.7,330,26800,310,7400,329560000,329560000,175128184,0,0,0,0,0
2022-02-02,PUDP,Pudjiadi Prestige Tbk.,--U-1100000000H111------------,330,0,340,308,330,0,28600,8937800,35,41.2,330,300,320,100,329560000,329560000,175128184,0,0,0,0,0
2022-01-31,PUDP,Pudjiadi Prestige Tbk.,--U-1100000000H111------------,312,0,342,302,330,18,13600,4349200,30,41.2,328,1000,320,100,329560000,329560000,175128184,0,0,0,0,0
2022-01-28,PUDP,Pudjiadi Prestige Tbk.,--U-1100000000H111------------,334,0,330,312,312,-22,8400,2622800,10,38.9,326,300,312,25400,329560000,329560000,175128184,0,0,0,0,0
2022-01-27,PUDP,Pudjiadi Prestige Tbk.,--U-1100000000H111------------,334,0,334,334,334,0,300,100200,2,41.7,330,300,314,100,329560000,329560000,175128184,0,0,0,0,0
2022-01-26,PUDP,Pudjiadi Prestige Tbk.,--U-1100000000H111------------,320,0,372,304,334,14,55100,19203800,133,41.7,334,6000,332,100,329560000,329560000,175128184,0,0,85,25500,1
2022-01-25,PUDP,Pudjiadi Prestige Tbk.,--U-1100000000H111------------,310,0,320,308,320,10,3500,1105400,22,39.9,320,14900,318,200,329560000,329560000,175128184,0,0,0,0,0
2022-01-24,PUDP,Pudjiadi Prestige Tbk.,--U-1100000000H111------------,316,0,320,310,310,-6,9800,3105200,43,38.7,320,19100,310,700,329560000,329560000,175128184,0,0,0,0,0
2022-01-21,PUDP,Pudjiadi Prestige Tbk.,--U-1100000000H111------------,320,0,320,300,316,-4,18300,5559200,19,39.4,316,200,314,200,329560000,329560000,175128184,0,0,0,0,0
2022-01-20,PUDP,Pudjiadi Prestige Tbk.,--U-1100000000H111------------,322,0,322,320,320,-2,5100,1641600,7,39.9,320,1000,318,200,329560000,329560000,175128184,0,0,0,0,0
2022-01-19,PUDP,Pudjiadi Prestige Tbk.,--U-1100000000H111------------,320,0,352,318,322,2,108000,35940200,141,40.2,322,600,320,1000,329560000,329560000,175128184,0,0,0,0,0
2022-01-18,PUDP,Pudjiadi Prestige Tbk.,--U-1100000000H111------------,338,0,342,318,320,-18,7200,2329600,20,39.9,332,100,320,6800,329560000,329560000,175128184,0,0,0,0,0
2022-01-17,PUDP,Pudjiadi Prestige Tbk.,--U-1100000000H111------------,342,0,346,320,338,-4,111900,36428600,54,42.2,338,5500,334,100,329560000,329560000,175128184,0,0,0,0,0
2022-01-14,PUDP,Pudjiadi Prestige Tbk.,--U-1100000000H111------------,320,0,342,320,342,22,79500,27157400,39,42.7,342,2700,338,23800,329560000,329560000,175128184,0,0,0,0,0
2022-01-13,PUDP,Pudjiadi Prestige Tbk.,--U-1100000000H111------------,334,0,330,320,320,-14,1200,387000,6,39.9,330,3800,320,900,329560000,329560000,175128184,0,0,0,0,0
2022-01-12,PUDP,Pudjiadi Prestige Tbk.,--U-1100000000H111------------,326,0,342,328,334,8,5900,1983400,16,41.7,334,4200,332,100,329560000,329560000,175128184,0,0,0,0,0
2022-01-11,PUDP,Pudjiadi Prestige Tbk.,--U-1100000000H111------------,350,0,344,326,326,-24,20500,6722200,19,40.7,344,3500,326,11500,329560000,329560000,175128184,0,0,0,0,0
2022-01-10,PUDP,Pudjiadi Prestige Tbk.,--U-1100000000H111------------,324,0,350,320,350,26,13400,4527200,55,43.7,350,66800,330,1000,329560000,329560000,175128184,0,0,0,0,0
2022-01-07,PUDP,Pudjiadi Prestige Tbk.,--U-1100000000H111------------,342,0,366,322,324,-18,44600,14708000,29,40.4,338,100,324,2500,329560000,329560000,175128184,0,0,0,0,0
2022-01-06,PUDP,Pudjiadi Prestige Tbk.,--U-1100000000H111------------,344,0,344,342,342,-2,1200,412600,3,42.7,340,100,338,100,329560000,329560000,175128184,0,0,0,0,0
2022-01-05,PUDP,Pudjiadi Prestige Tbk.,--U-1100000000H111------------,346,0,350,340,344,-2,2000,693800,15,42.9,344,5800,342,100,329560000,329560000,175128184,0,0,0,0,0
2022-01-04,PUDP,Pudjiadi Prestige Tbk.,--U-1100000000H111------------,348,0,354,326,346,-2,54200,18517400,67,43.2,346,1700,344,300,329560000,329560000,175128184,0,0,0,0,0
2022-01-03,PUDP,Pudjiadi Prestige Tbk.,--U-1100000000H111------------,338,0,354,316,348,10,38900,12468800,41,43.4,348,19600,346,200,329560000,329560000,175128184,0,0,0,0,0
2021-12-30,PUDP,Pudjiadi Prestige Tbk.,--U-1100000000H111------------,340,0,340,320,338,-2,23600,7654800,46,42.2,338,700,336,100,329560000,329560000,252344092,0,0,0,0,0
2021-12-29,PUDP,Pudjiadi Prestige Tbk.,--U-1100000000H111------------,326,0,350,324,340,14,11300,3774600,55,42.4,340,23800,338,100,329560000,329560000,252344092,0,0,0,0,0
2021-12-28,PUDP,Pudjiadi Prestige Tbk.,--U-1100000000H111------------,346,0,350,326,326,-20,115600,37777600,52,40.7,336,500,326,42000,329560000,329560000,252344092,0,0,0,0,0
2021-12-27,PUDP,Pudjiadi Prestige Tbk.,--U-1100000000H111------------,346,0,354,344,346,0,2000,695600,15,43.2,348,7600,340,100,329560000,329560000,252344092,0,0,0,0,0
2021-12-24,PUDP,Pudjiadi Prestige Tbk.,--U-1100000000H111------------,340,0,350,340,346,6,18700,6512200,11,43.2,348,3000,344,100,329560000,329560000,252344092,0,0,0,0,0
2021-12-23,PUDP,Pudjiadi Prestige Tbk.,--U-1100000000H111------------,342,0,358,330,340,-2,1000,348200,10,42.4,340,13500,332,100,329560000,329560000,252344092,0,0,0,0,0
2021-12-22,PUDP,Pudjiadi Prestige Tbk.,--U-1100000000H111------------,344,0,350,342,342,-2,9700,3343200,33,42.7,342,1800,340,100,329560000,329560000,252344092,0,0,0,0,0
2021-12-21,PUDP,Pudjiadi Prestige Tbk.,--U-1100000000H111------------,346,0,350,330,344,-2,10700,3634000,20,42.9,344,3600,342,200,329560000,329560000,252344092,0,0,0,0,0
2021-12-20,PUDP,Pudjiadi Prestige Tbk.,--U-1100000000H111------------,344,0,370,344,346,2,10000,3531600,46,43.2,346,73000,344,100,329560000,329560000,252344092,0,0,0,0,0
2021-12-17,PUDP,Pudjiadi Prestige Tbk.,--U-1100000000H111------------,330,0,348,310,344,14,10300,3315600,25,42.9,344,78000,338,100,329560000,329560000,252344092,0,0,0,0,0
2021-12-16,PUDP,Pudjiadi Prestige Tbk.,--U-1100000000H111------------,338,0,340,330,330,-8,900,298800,7,41.2,338,77100,330,100,329560000,329560000,252344092,0,0,0,0,0
2021-12-15,PUDP,Pudjiadi Prestige Tbk.,--U-1100000000H111------------,336,0,342,330,338,2,4400,1476600,37,42.2,336,1600,328,100,329560000,329560000,252344092,0,0,0,0,0
2021-12-14,PUDP,Pudjiadi Prestige Tbk.,--U-1100000000H111------------,330,0,342,314,336,6,8100,2708200,33,41.9,340,74400,336,200,329560000,329560000,252344092,0,0,0,0,0
2021-12-13,PUDP,Pudjiadi Prestige Tbk.,--U-1100000000H111------------,340,0,342,330,330,-10,3000,1016200,17,41.2,340,3000,326,100,329560000,329560000,252344092,0,0,0,0,0
2021-12-10,PUDP,Pudjiadi Prestige Tbk.,--U-1100000000H111------------,322,0,344,330,340,18,5700,1934200,35,42.4,340,76200,338,300,329560000,329560000,252344092,0,0,0,0,0
2021-12-09,PUDP,Pudjiadi Prestige Tbk.,--U-1100000000H111------------,336,0,336,320,322,-14,2100,689800,7,40.2,336,200,322,31800,329560000,329560000,252344092,0,0,0,0,0
2021-12-08,PUDP,Pudjiadi Prestige Tbk.,--U-1100000000H111------------,338,0,340,320,336,-2,3800,1224600,7,41.9,336,5000,320,11500,329560000,329560000,252344092,0,0,0,0,0
2021-12-07,PUDP,Pudjiadi Prestige Tbk.,--U-1100000000H111------------,350,0,348,326,338,-12,38100,12501200,20,42.2,338,900,334,300,329560000,329560000,252344092,0,0,0,0,0
2021-12-06,PUDP,Pudjiadi Prestige Tbk.,--U-1100000000H111------------,350,0,358,342,350,0,4500,1569800,13,43.7,348,300,330,1600,329560000,329560000,252344092,0,0,0,0,0
2021-12-03,PUDP,Pudjiadi Prestige Tbk.,--U-1100000000H111------------,330,0,368,334,350,20,45000,15884800,53,43.7,350,106400,334,3400,329560000,329560000,252344092,0,0,0,0,0
2021-12-02,PUDP,Pudjiadi Prestige Tbk.,--U-1100000000H111------------,330,0,344,310,330,0,24900,8097000,72,41.2,330,1900,328,200,329560000,329560000,252344092,0,0,0,0,0
2021-12-01,PUDP,Pudjiadi Prestige Tbk.,--U-1100000000H111------------,306,0,356,300,330,24,121200,41348400,114,41.2,332,200,330,200,329560000,329560000,252344092,0,0,0,0,0
2021-11-30,PUDP,Pudjiadi Prestige Tbk.,--U-1130000000H111------------,318,0,338,306,306,-12,3000,969200,16,38.2,336,300,306,31000,329560000,329560000,252344092,0,0,0,0,0
2021-11-29,PUDP,Pudjiadi Prestige Tbk.,--U-1130000000H111------------,324,0,324,312,318,-6,29900,9453400,19,39.7,336,100,318,5200,329560000,329560000,252344092,0,0,0,0,0
2021-11-26,PUDP,Pudjiadi Prestige Tbk.,--U-1130000000H111------------,346,0,346,324,324,-22,28600,9627200,24,40.4,324,900,322,90100,329560000,329560000,252344092,0,0,0,0,0
2021-11-25,PUDP,Pudjiadi Prestige Tbk.,--U-1130000000H111------------,346,0,352,340,346,0,2100,725000,12,43.2,346,8000,344,100,329560000,329560000,252344092,0,0,0,0,0
2021-11-24,PUDP,Pudjiadi Prestige Tbk.,--U-1130000000H111------------,350,0,354,334,346,-4,20700,7049200,44,43.2,352,900,334,500,329560000,329560000,252344092,0,0,0,0,0
2021-11-23,PUDP,Pudjiadi Prestige Tbk.,--U-1130000000H111------------,342,0,358,334,350,8,10400,3585600,40,43.7,350,500,340,1600,329560000,329560000,252344092,0,0,0,0,0
2021-11-22,PUDP,Pudjiadi Prestige Tbk.,--U-1130000000H111------------,344,0,362,338,342,-2,5900,2038400,44,42.7,346,1700,342,100,329560000,329560000,252344092,0,0,0,0,0
2021-11-19,PUDP,Pudjiadi Prestige Tbk.,--U-1130000000H111------------,344,0,356,322,344,0,32200,10600800,22,42.9,344,500,342,100,329560000,329560000,252344092,0,0,0,0,0
2021-11-18,PUDP,Pudjiadi Prestige Tbk.,--U-1130000000H111------------,346,0,346,344,344,-2,15400,5302200,18,42.9,356,1100,344,11100,329560000,329560000,252344092,0,0,0,0,0
2021-11-17,PUDP,Pudjiadi Prestige Tbk.,--U-1130000000H111------------,352,0,352,332,346,-6,23100,7914800,24,43.2,350,400,338,600,329560000,329560000,252344092,0,0,0,0,0
2021-11-16,PUDP,Pudjiadi Prestige Tbk.,--U-1130000000H111------------,352,0,370,346,352,0,9800,3497800,28,43.9,352,600,350,300,329560000,329560000,252344092,0,0,0,0,0
2021-11-15,PUDP,Pudjiadi Prestige Tbk.,--U-1130000000H111------------,352,0,354,340,352,0,8600,3012200,24,43.9,352,800,348,100,329560000,329560000,252344092,0,0,0,0,0
2021-11-12,PUDP,Pudjiadi Prestige Tbk.,--U-1130000000H111------------,350,0,370,344,352,2,33500,11728000,49,43.9,352,8700,350,100,329560000,329560000,252344092,0,0,0,0,0
2021-11-11,PUDP,Pudjiadi Prestige Tbk.,--U-1130000000H111------------,348,0,358,348,350,2,35800,12593600,33,43.7,350,1400,348,300,329560000,329560000,252344092,0,0,0,0,0
2021-11-10,PUDP,Pudjiadi Prestige Tbk.,--U-1130000000H111------------,352,0,360,336,348,-4,29800,10165600,54,43.4,352,29900,348,20100,329560000,329560000,252344092,0,0,0,0,0
2021-11-09,PUDP,Pudjiadi Prestige Tbk.,--U-1130000000H111------------,352,0,360,344,352,0,110800,38899800,82,43.9,356,2600,350,100,329560000,329560000,252344092,0,0,0,0,0
2021-11-08,PUDP,Pudjiadi Prestige Tbk.,--U-1130000000H111------------,354,0,356,338,352,-2,89300,30990600,58,43.9,352,20100,346,800,329560000,329560000,252344092,0,0,0,0,0
2021-11-05,PUDP,Pudjiadi Prestige Tbk.,--U-1130000000H111------------,362,0,364,350,354,-8,44400,15643800,21,44.2,358,1500,354,6400,329560000,329560000,252344092,0,0,0,0,0
2021-11-04,PUDP,Pudjiadi Prestige Tbk.,--U-1130000000H111------------,364,0,372,354,362,-2,11900,4293400,38,45.2,364,2900,360,200,329560000,329560000,252344092,0,0,0,0,0
2021-11-03,PUDP,Pudjiadi Prestige Tbk.,--U-1130000000H111------------,356,0,378,354,364,8,65300,23364600,91,45.4,364,2200,362,500,329560000,329560000,252344092,0,0,0,0,0
2021-11-02,PUDP,Pudjiadi Prestige Tbk.,--U-1130000000H111------------,360,0,378,356,356,-4,111300,40445000,247,44.4,366,3300,356,900,329560000,329560000,252344092,0,0,0,0,0
2021-11-01,PUDP,Pudjiadi Prestige Tbk.,--U-1130000000H111------------,384,0,400,358,360,-24,847300,306590000,317,44.9,364,13400,360,500,329560000,329560000,252344092,0,0,0,0,0
2021-10-29,PUDP,Pudjiadi Prestige Tbk.,--U-1130000000H111------------,386,0,400,360,384,-2,110300,42038400,132,47.9,384,144400,382,100,329560000,329560000,252344092,0,0,0,0,0
2021-10-28,PUDP,Pudjiadi Prestige Tbk.,--U-1130000000H111------------,388,0,410,380,386,-2,127900,49553200,182,48.1,386,19200,384,800,329560000,329560000,252344092,0,0,0,0,0
2021-10-27,PUDP,Pudjiadi Prestige Tbk.,--U-1130000000H111------------,412,0,430,384,388,-24,45900,18425200,111,48.4,388,7800,386,1000,329560000,329560000,252344092,0,0,0,0,0
2021-10-26,PUDP,Pudjiadi Prestige Tbk.,--U-1130000000H111------------,408,0,420,380,412,4,113500,45734000,274,51.4,410,9500,406,100,329560000,329560000,252344092,0,0,0,0,0
2021-10-25,PUDP,Pudjiadi Prestige Tbk.,--U-1130000000H111------------,416,0,422,388,408,-8,325500,128731400,299,50.9,408,15700,392,1700,329560000,329560000,252344092,0,0,0,0,0
2021-10-22,PUDP,Pudjiadi Prestige Tbk.,--U-1130000000H111------------,446,0,440,416,416,-30,2584600,1117647200,3065,51.9,416,293700,0,0,329560000,329560000,252344092,0,0,0,0,0
2021-10-21,PUDP,Pudjiadi Prestige Tbk.,--U-1130000000H111------------,430,0,458,430,446,16,3314500,1475604800,1249,55.6,446,583400,444,301500,329560000,329560000,252344092,0,0,0,0,0
2021-10-19,PUDP,Pudjiadi Prestige Tbk.,--U-1130000000H111------------,420,0,470,424,430,10,145100,62395800,56,53.6,436,10300,430,89100,329560000,329560000,252344092,0,0,0,0,0
2021-10-18,PUDP,Pudjiadi Prestige Tbk.,--U-1130000000H111------------,404,0,458,400,420,16,243200,106597600,356,52.4,420,11100,416,5300,329560000,329560000,252344092,0,0,0,0,0
2021-10-15,PUDP,Pudjiadi Prestige Tbk.,--U-1130000000H111------------,434,0,434,404,404,-30,168100,68354200,122,50.4,404,9300,0,0,329560000,329560000,252344092,0,0,0,0,0
2021-10-14,PUDP,Pudjiadi Prestige Tbk.,--U-1130000000H111------------,450,0,460,434,434,-16,27900,12203600,58,54.1,434,14000,424,3700,329560000,329560000,252344092,0,0,0,0,0
2021-10-13,PUDP,Pudjiadi Prestige Tbk.,--U-1130000000H111------------,452,0,466,436,450,-2,88500,39740400,185,56.1,450,29000,448,200,329560000,329560000,252344092,0,0,0,0,0
2021-10-12,PUDP,Pudjiadi Prestige Tbk.,--U-1130000000H111------------,452,0,466,434,452,0,160800,72276600,231,56.4,452,70700,450,600,329560000,329560000,252344092,0,0,0,0,0
2021-10-08,PUDP,Pudjiadi Prestige Tbk.,--U-1130000000H111------------,456,0,468,428,466,10,445200,201230000,638,58.1,466,83400,464,4300,329560000,329560000,252344092,0,0,0,0,0
2021-10-07,PUDP,Pudjiadi Prestige Tbk.,--U-1130000000H111------------,464,0,474,442,456,-8,465700,213667400,549,56.9,456,24100,444,200,329560000,329560000,252344092,0,0,0,0,0
2021-10-06,PUDP,Pudjiadi Prestige Tbk.,--U-1130000000H111------------,470,0,585,462,464,-6,23063700,12368633800,6580,57.9,466,25000,464,24600,329560000,329560000,252344092,0,0,0,0,0
2021-10-05,PUDP,Pudjiadi Prestige Tbk.,--U-1130000000H111------------,394,0,476,370,470,76,5866700,2614728400,1922,58.6,480,12000,470,1182800,329560000,329560000,252344092,0,0,0,0,0
2021-10-04,PUDP,Pudjiadi Prestige Tbk.,--U-1130000000H111------------,410,0,505,388,394,-16,23277400,11133064800,6142,49.1,394,70600,390,1900,329560000,329560000,252344092,0,0,0,0,0
2021-10-01,PUDP,Pudjiadi Prestige Tbk.,--U-1130000000H111------------,356,0,416,332,410,54,1924900,727354800,857,51.1,412,377900,410,744000,329560000,329560000,252344092,0,0,0,0,0
2021-09-30,PUDP,Pudjiadi Prestige Tbk.,--U-1130000000H111------------,376,0,466,354,356,-20,31273800,13574814200,8414,44.4,356,31800,354,7100,329560000,329560000,329560000,0,0,0,0,0
2021-09-29,PUDP,Pudjiadi Prestige Tbk.,--U-1130000000H111------------,360,0,446,336,376,16,22218800,9057603000,12474,46.9,376,98300,374,827500,329560000,329560000,329560000,444100,0,0,0,0
2021-09-28,PUDP,Pudjiadi Prestige Tbk.,--U-1130000000H111------------,320,0,360,320,360,40,350800,124306800,424,44.9,370,3500,360,588600,329560000,329560000,329560000,15100,0,0,0,0
2021-09-27,PUDP,Pudjiadi Prestige Tbk.,--U-1130000000H111------------,322,0,322,320,320,-2,73200,23505600,24,39.9,322,20000,320,268600,329560000,329560000,329560000,0,0,0,0,0
2021-09-24,PUDP,Pudjiadi Prestige Tbk.,--U-1130000000H111------------,318,0,340,320,322,4,611700,197515600,118,40.2,322,84000,318,6400,329560000,329560000,329560000,0,0,85,27200,1
2021-09-23,PUDP,Pudjiadi Prestige Tbk.,--U-1130000000H111------------,292,0,336,292,318,26,1065200,324504800,491,39.7,324,1900,318,325900,329560000,329560000,329560000,0,0,0,0,0
2021-09-22,PUDP,Pudjiadi Prestige Tbk.,--U-1130000000H111------------,290,0,294,290,292,2,19900,5815800,12,36.4,294,17900,292,10800,329560000,329560000,329560000,0,0,0,0,0
2021-09-21,PUDP,Pudjiadi Prestige Tbk.,--U-1130000000H111------------,290,0,294,290,290,0,38800,11255200,14,36.2,292,1500,290,266100,329560000,329560000,329560000,0,0,0,0,0
2021-09-20,PUDP,Pudjiadi Prestige Tbk.,--U-1130000000H111------------,290,0,294,290,290,0,18300,5313200,13,36.2,294,24900,290,285500,329560000,329560000,329560000,0,0,0,0,0
2021-09-17,PUDP,Pudjiadi Prestige Tbk.,--U-1130000000H111------------,294,0,302,290,290,-4,78400,22943200,17,36.2,294,10000,290,278300,329560000,329560000,329560000,0,0,0,0,0
2021-09-16,PUDP,Pudjiadi Prestige Tbk.,--U-1130000000H111------------,290,0,318,290,294,4,142900,41909000,44,36.7,294,109800,290,256000,329560000,329560000,329560000,0,0,0,0,0
2021-09-15,PUDP,Pudjiadi Prestige Tbk.,--U-1130000000H111------------,292,0,302,290,290,-2,42200,12408400,12,36.2,294,50400,290,499600,329560000,329560000,329560000,0,0,0,0,0
2021-09-14,PUDP,Pudjiadi Prestige Tbk.,--U-1130000000H111------------,294,0,310,292,292,-2,167900,49401800,36,36.4,294,28900,292,453700,329560000,329560000,329560000,0,0,0,0,0
2021-09-13,PUDP,Pudjiadi Prestige Tbk.,--U-1130000000H111------------,294,0,296,274,294,0,623500,179900600,58,36.7,294,31400,292,384100,329560000,329560000,329560000,288800,0,0,0,0
2021-09-10,PUDP,Pudjiadi Prestige Tbk.,--U-1130000000H111------------,284,0,300,284,294,10,57700,16868800,50,36.7,294,30200,288,6000,329560000,329560000,329560000,0,100,0,0,0
2021-09-09,PUDP,Pudjiadi Prestige Tbk.,--U-1130000000H111------------,276,0,318,276,284,8,430600,123634600,96,35.4,290,500,284,38700,329560000,329560000,329560000,0,76000,0,0,0
2021-09-08,PUDP,Pudjiadi Prestige Tbk.,--U-1130000000H111------------,274,0,278,268,276,2,5400,1480000,9,34.4,276,4300,270,400,329560000,329560000,329560000,0,0,0,0,0
2021-09-07,PUDP,Pudjiadi Prestige Tbk.,--U-1130000000H111------------,272,0,276,274,274,2,1500,411200,6,34.2,274,1300,272,1000,329560000,329560000,329560000,0,0,0,0,0
2021-09-06,PUDP,Pudjiadi Prestige Tbk.,--U-1130000000H111------------,272,0,276,272,272,0,22700,6177200,19,33.9,276,2000,270,21600,329560000,329560000,329560000,0,0,0,0,0
2021-09-03,PUDP,Pudjiadi Prestige Tbk.,--U-1130000000H111------------,280,0,318,270,272,-8,1156700,339888800,343,33.9,274,7500,272,53500,329560000,329560000,329560000,0,0,0,0,0
2021-09-02,PUDP,Pudjiadi Prestige Tbk.,--U-1130000000H111------------,276,0,280,274,280,4,11600,3240000,16,34.9,280,800,276,1000,329560000,329560000,329560000,0,0,0,0,0
2021-09-01,PUDP,Pudjiadi Prestige Tbk.,--U-1130000000H111------------,276,0,290,274,276,0,13800,3937200,12,34.4,278,2800,276,3100,329560000,329560000,329560000,0,10000,0,0,0
2021-08-31,PUDP,Pudjiadi Prestige Tbk.,--U-1130000000H111------------,280,0,280,270,276,-4,116400,31711800,61,34.4,278,4900,272,13500,329560000,329560000,329560000,0,0,0,0,0
2021-08-30,PUDP,Pudjiadi Prestige Tbk.,--U-1130000000H111------------,300,0,330,280,280,-20,2238700,694223400,1390,34.9,282,7800,0,0,329560000,329560000,329560000,0,15000,0,0,0
2021-08-27,PUDP,Pudjiadi Prestige Tbk.,--U-1130000000H111------------,292,0,300,284,300,8,121800,35481600,30,37.4,302,20000,300,274100,329560000,329560000,329560000,50000,0,0,0,0
2021-08-26,PUDP,Pudjiadi Prestige Tbk.,--U-1130000000H111------------,282,0,298,280,292,10,55000,15859800,25,36.4,292,1600,286,1800,329560000,329560000,329560000,0,1000,0,0,0
2021-08-25,PUDP,Pudjiadi Prestige Tbk.,--U-1130000000H111------------,286,0,288,280,282,-4,51400,14497800,18,35.2,288,23100,280,14900,329560000,329560000,329560000,0,1000,0,0,0
2021-08-24,PUDP,Pudjiadi Prestige Tbk.,--U-1130000000H111------------,284,0,290,276,286,2,20000,5616000,18,35.7,286,1500,280,40000,329560000,329560000,329560000,0,0,0,0,0
2021-08-23,PUDP,Pudjiadi Prestige Tbk.,--U-1130000000H111------------,274,0,290,276,284,10,14300,4109000,7,35.4,282,200,278,500,329560000,329560000,329560000,0,0,0,0,0
2021-08-20,PUDP,Pudjiadi Prestige Tbk.,--U-1130000000H111------------,268,0,288,268,274,6,39900,10755600,26,34.2,282,11900,274,14500,329560000,329560000,329560000,0,0,0,0,0
2021-08-19,PUDP,Pudjiadi Prestige Tbk.,--U-1130000000H111------------,286,0,350,266,268,-18,892500,271843000,461,33.4,270,3100,268,87800,329560000,329560000,329560000,0,0,0,0,0
2021-08-18,PUDP,Pudjiadi Prestige Tbk.,--U-1130000000H111------------,280,0,294,270,286,6,44200,12361600,59,35.7,286,37200,276,1700,329560000,329560000,329560000,0,0,0,0,0
2021-08-16,PUDP,Pudjiadi Prestige Tbk.,--U-1130000000H111------------,284,0,284,268,280,-4,38600,10513200,37,34.9,282,24600,280,5400,329560000,329560000,329560000,0,0,0,0,0
2021-08-13,PUDP,Pudjiadi Prestige Tbk.,--U-1130000000H111------------,286,0,286,270,284,-2,4500,1245800,15,35.4,280,100,270,1000,329560000,329560000,329560000,0,0,0,0,0
2021-08-12,PUDP,Pudjiadi Prestige Tbk.,--U-1130000000H111------------,280,0,300,262,286,6,276300,73683800,43,35.7,288,400,286,600,329560000,329560000,329560000,0,0,0,0,0
2021-08-10,PUDP,Pudjiadi Prestige Tbk.,--U-1130000000H111------------,282,0,300,280,280,-2,55200,15918600,35,34.9,290,23000,280,21500,329560000,329560000,329560000,0,0,0,0,0
2021-08-09,PUDP,Pudjiadi Prestige Tbk.,--U-1130000000H111------------,300,0,322,282,282,-18,3525100,1087634200,4417,35.2,288,9800,282,47800,329560000,329560000,329560000,0,20000,0,0,0
2021-08-06,PUDP,Pudjiadi Prestige Tbk.,--U-1130000000H111------------,270,0,300,270,300,30,581700,162809800,159,37.4,306,1000,300,160400,329560000,329560000,329560000,310000,0,0,0,0
2021-08-05,PUDP,Pudjiadi Prestige Tbk.,--U-1130000000H111------------,270,0,270,260,270,0,122400,32770000,47,33.7,272,100,270,158100,329560000,329560000,329560000,0,1000,0,0,0
2021-08-04,PUDP,Pudjiadi Prestige Tbk.,--U-1130000000H111------------,270,0,272,270,270,0,21300,5751200,24,33.7,278,100,256,100,329560000,329560000,329560000,0,0,0,0,0
2021-08-03,PUDP,Pudjiadi Prestige Tbk.,--U-1130000000H111------------,270,0,284,268,270,0,72100,19479600,37,33.7,278,9100,270,4800,329560000,329560000,329560000,0,0,0,0,0
2021-08-02,PUDP,Pudjiadi Prestige Tbk.,--U-1130000000H111------------,280,0,336,268,270,-10,3566200,1111078800,2029,33.7,276,1900,270,35100,329560000,329560000,329560000,0,0,0,0,0
2021-07-30,PUDP,Pudjiadi Prestige Tbk.,--U-1130000000H111------------,286,0,288,272,280,-6,2700,759600,18,34.9,282,1000,280,200,329560000,329560000,329560000,0,0,0,0,0
2021-07-29,PUDP,Pudjiadi Prestige Tbk.,--U-1130000000H111------------,286,0,286,268,286,0,6000,1651800,28,35.7,280,200,270,7600,329560000,329560000,329560000,0,0,0,0,0
2021-07-28,PUDP,Pudjiadi Prestige Tbk.,--U-1130000000H111------------,288,0,288,272,286,-2,4300,1219200,22,35.7,286,400,282,200,329560000,329560000,329560000,0,0,0,0,0
2021-07-27,PUDP,Pudjiadi Prestige Tbk.,--U-1130000000H111------------,288,0,290,272,288,0,7900,2164600,19,35.9,290,4900,274,1000,329560000,329560000,329560000,0,100,0,0,0
2021-07-26,PUDP,Pudjiadi Prestige Tbk.,--U-1130000000H111------------,292,0,290,272,288,-4,27700,7597000,28,35.9,286,1500,276,1600,329560000,329560000,329560000,0,0,0,0,0
2021-07-23,PUDP,Pudjiadi Prestige Tbk.,--U-1130000000H111------------,280,0,308,268,292,12,26800,7968600,44,36.4,292,2000,286,13500,329560000,329560000,329560000,0,0,0,0,0
2021-07-22,PUDP,Pudjiadi Prestige Tbk.,--U-1130000000H111------------,282,0,290,268,280,-2,29000,8185000,35,34.9,280,700,270,10000,329560000,329560000,329560000,0,0,0,0,0
2021-07-21,PUDP,Pudjiadi Prestige Tbk.,--U-1130000000H111------------,282,0,292,266,282,0,8600,2362200,15,35.2,284,100,282,700,329560000,329560000,329560000,0,0,0,0,0
2021-07-19,PUDP,Pudjiadi Prestige Tbk.,--U-1130000000H111------------,280,0,298,278,282,2,43800,12339400,24,35.2,278,1200,268,1000,329560000,329560000,329560000,0,0,0,0,0
2021-07-16,PUDP,Pudjiadi Prestige Tbk.,--U-1130000000H111------------,284,0,292,272,280,-4,21600,5973200,27,34.9,292,7200,280,1000,329560000,329560000,329560000,0,0,0,0,0
2021-07-15,PUDP,Pudjiadi Prestige Tbk.,--U-1130000000H111------------,286,0,298,284,284,-2,21900,6270200,29,35.4,284,1000,272,1000,329560000,329560000,329560000,0,0,0,0,0
2021-07-14,PUDP,Pudjiadi Prestige Tbk.,--U-1130000000H111------------,286,0,292,268,286,0,50500,14063200,127,35.7,286,6800,284,1000,329560000,329560000,329560000,0,300,0,0,0
2021-07-13,PUDP,Pudjiadi Prestige Tbk.,--U-1130000000H111------------,288,0,312,268,286,-2,616500,180448600,497,35.7,284,2000,272,13400,329560000,329560000,329560000,0,0,0,0,0
2021-07-12,PUDP,Pudjiadi Prestige Tbk.,--U-1130000000H111------------,300,0,302,288,288,-12,15700,4595800,20,35.9,296,500,288,100,329560000,329560000,329560000,0,0,0,0,0
2021-07-09,PUDP,Pudjiadi Prestige Tbk.,--U-1130000000H111------------,316,0,316,294,300,-16,42900,13030600,47,37.4,302,9900,298,200,329560000,329560000,329560000,0,0,0,0,0
2021-07-08,PUDP,Pudjiadi Prestige Tbk.,--U-1130000000H111------------,338,0,352,316,316,-22,275400,91997600,103,39.4,316,153000,0,0,329560000,329560000,329560000,70200,3500,0,0,0
2021-07-07,PUDP,Pudjiadi Prestige Tbk.,--U-1130000000H111------------,312,0,360,312,338,26,1329300,441852400,475,42.2,338,155700,336,8400,329560000,329560000,329560000,143600,192500,0,0,0
2021-07-06,PUDP,Pudjiadi Prestige Tbk.,--U-1130000000H111------------,250,0,312,250,312,62,796500,240532000,409,38.9,0,0,312,366000,329560000,329560000,329560000,60000,76600,0,0,0
2021-07-05,PUDP,Pudjiadi Prestige Tbk.,--U-1130000000H111------------,268,0,272,250,250,-18,142600,35785000,72,31.2,250,1600,0,0,329560000,329560000,329560000,30000,0,0,0,0
2021-07-02,PUDP,Pudjiadi Prestige Tbk.,--U-1130000000H111------------,272,0,298,256,268,-4,33700,9233800,38,33.4,268,1000,262,1800,329560000,329560000,329560000,0,400,0,0,0
2021-07-01,PUDP,Pudjiadi Prestige Tbk.,--U-1130000000H111------------,266,0,298,266,272,6,39500,10913600,31,33.9,272,8600,266,3200,329560000,329560000,329560000,0,800,0,0,0
2021-06-30,PUDP,Pudjiadi Prestige Tbk.,--U-1130000000H111------------,260,0,314,242,266,6,186000,53062000,145,33.2,280,2500,266,4700,329560000,329560000,329560000,0,64000,0,0,0
2021-06-29,PUDP,Pudjiadi Prestige Tbk.,--U-1130000000H111------------,278,0,272,260,260,-18,155100,40834000,124,32.4,270,1000,0,0,329560000,329560000,329560000,0,61200,0,0,0
2021-06-28,PUDP,Pudjiadi Prestige Tbk.,--U-1130000000H111------------,298,0,298,278,278,-20,106200,29641200,50,34.7,278,63100,0,0,329560000,329560000,329560000,0,0,0,0,0
2021-06-25,PUDP,Pudjiadi Prestige Tbk.,--U-1130000000H111------------,320,0,320,298,298,-22,277700,82980800,83,37.2,298,96300,0,0,329560000,329560000,329560000,0,0,0,0,0
2021-06-24,PUDP,Pudjiadi Prestige Tbk.,--U-1130000000H111------------,326,0,380,310,320,-6,3219000,1147517200,1915,39.9,318,11200,316,1800,329560000,329560000,329560000,227700,31000,0,0,0
2021-06-23,PUDP,Pudjiadi Prestige Tbk.,--U-1130000000H111------------,328,0,334,306,326,-2,91500,29358000,21,40.7,328,1000,326,92600,329560000,329560000,329560000,0,0,0,0,0
2021-06-22,PUDP,Pudjiadi Prestige Tbk.,--U-1130000000H111------------,316,0,330,328,328,12,10000,3281000,6,40.9,316,100,300,500,329560000,329560000,329560000,0,0,0,0,0
2021-06-21,PUDP,Pudjiadi Prestige Tbk.,--U-1130000000H111------------,304,0,320,288,316,12,33800,10445600,22,39.4,316,12600,310,1500,329560000,329560000,329560000,0,22000,0,0,0
2021-06-18,PUDP,Pudjiadi Prestige Tbk.,--U-1130000000H111------------,324,0,324,304,304,-20,57500,17848600,39,37.9,324,37100,318,100,329560000,329560000,329560000,0,9000,0,0,0
2021-06-17,PUDP,Pudjiadi Prestige Tbk.,--U-1130000000H111------------,322,0,350,324,324,2,465000,156023600,65,40.4,324,33700,322,1000,329560000,329560000,329560000,0,0,0,0,0
2021-06-16,PUDP,Pudjiadi Prestige Tbk.,--U-1130000000H111------------,340,0,340,318,322,-18,48500,15633000,26,40.2,334,900,322,45400,329560000,329560000,329560000,0,4000,0,0,0
2021-06-15,PUDP,Pudjiadi Prestige Tbk.,--U-1130000000H111------------,324,0,370,324,340,16,191100,63524000,70,42.4,340,23000,332,1500,329560000,329560000,329560000,0,22100,0,0,0
2021-06-14,PUDP,Pudjiadi Prestige Tbk.,--U-1130000000H111------------,326,0,350,304,324,-2,224200,71241200,126,40.4,326,400,324,272100,329560000,329560000,329560000,0,82500,0,0,0
2021-06-11,PUDP,Pudjiadi Prestige Tbk.,--U-1130000000H111------------,350,0,350,326,326,-24,105200,34586600,80,40.7,326,80000,0,0,329560000,329560000,329560000,0,0,0,0,0
2021-06-10,PUDP,Pudjiadi Prestige Tbk.,--U-1130000000H111------------,350,0,430,326,350,0,4689300,1891418200,1828,43.7,350,81700,340,500000,329560000,329560000,329560000,298200,255000,0,0,0
2021-06-09,PUDP,Pudjiadi Prestige Tbk.,--U-1130000000H111------------,280,0,350,282,350,70,5318500,1716732200,2523,43.7,0,0,350,765000,329560000,329560000,329560000,0,0,0,0,0
2021-06-08,PUDP,Pudjiadi Prestige Tbk.,--U-1130000000H111------------,224,0,280,220,280,56,467400,126694400,71,34.9,0,0,280,522800,329560000,329560000,329560000,20800,0,0,0,0
2021-06-07,PUDP,Pudjiadi Prestige Tbk.,--U-1130000000H111------------,226,0,224,224,224,-2,10300,2307200,19,27.9,224,1000,222,5000,329560000,329560000,329560000,0,0,0,0,0
2021-06-04,PUDP,Pudjiadi Prestige Tbk.,--U-1130000000H111------------,228,0,228,226,226,-2,2200,497400,9,28.2,226,1000,222,100,329560000,329560000,329560000,0,0,0,0,0
2021-06-03,PUDP,Pudjiadi Prestige Tbk.,--U-1130000000H111------------,222,0,234,214,228,6,31700,6957400,16,28.4,226,900,222,3300,329560000,329560000,329560000,0,0,0,0,0
2021-06-02,PUDP,Pudjiadi Prestige Tbk.,--U-1130000000H111------------,220,0,242,222,222,2,34400,7954200,36,27.7,236,6200,224,100,329560000,329560000,329560000,0,0,0,0,0
2021-05-31,PUDP,Pudjiadi Prestige Tbk.,--U-1130000000H111------------,216,0,232,218,220,4,6700,1538000,8,27.4,228,1900,220,2000,329560000,329560000,329560000,0,0,0,0,0
2021-05-28,PUDP,Pudjiadi Prestige Tbk.,--U-1130000000H111------------,220,0,232,216,216,-4,600,134600,5,26.9,230,200,216,5000,329560000,329560000,329560000,0,0,0,0,0
2021-05-27,PUDP,Pudjiadi Prestige Tbk.,--U-1130000000H111------------,220,0,224,220,220,0,8700,1914800,5,27.4,224,900,220,14200,329560000,329560000,329560000,0,0,0,0,0
2021-05-25,PUDP,Pudjiadi Prestige Tbk.,--U-1130000000H111------------,220,0,252,216,220,0,3400,740000,5,27.4,232,100,222,100,329560000,329560000,329560000,0,0,0,0,0
2021-05-24,PUDP,Pudjiadi Prestige Tbk.,--U-1130000000H111------------,224,0,264,212,220,-4,111600,24604800,68,27.4,220,2600,216,1900,329560000,329560000,329560000,0,0,0,0,0
2021-05-22,PUDP,Pudjiadi Prestige Tbk.,--U-1130000000H111------------,224,0,0,0,224,0,0,0,0,27.9,0,0,0,0,329560000,329560000,329560000,0,0,0,0,0
2021-05-21,PUDP,Pudjiadi Prestige Tbk.,--U-1130000000H111------------,226,0,230,218,224,-2,24500,5451400,11,27.9,224,13500,222,200,329560000,329560000,329560000,0,0,0,0,0
2021-05-20,PUDP,Pudjiadi Prestige Tbk.,--U-1130000000H111------------,238,0,234,226,226,-12,800,184800,6,28.2,232,600,228,100,329560000,329560000,329560000,0,0,0,0,0
2021-05-19,PUDP,Pudjiadi Prestige Tbk.,--U-1130000000H111------------,238,0,238,226,238,0,63400,14631400,19,29.7,238,2000,226,1100,329560000,329560000,329560000,0,20800,0,0,0
2021-05-18,PUDP,Pudjiadi Prestige Tbk.,--U-1130000000H111------------,228,0,248,228,238,10,2500,589000,11,29.7,238,9000,220,2100,329560000,329560000,329560000,0,0,0,0,0
2021-05-17,PUDP,Pudjiadi Prestige Tbk.,--U-1130000000H111------------,226,0,266,222,228,2,10400,2464000,38,28.4,242,200,228,4400,329560000,329560000,329560000,0,0,0,0,0
2021-05-11,PUDP,Pudjiadi Prestige Tbk.,--U-1130000000H111------------,240,0,244,226,226,-14,5000,1211200,9,28.2,244,1500,230,5000,329560000,329560000,329560000,0,0,0,0,0
2021-05-10,PUDP,Pudjiadi Prestige Tbk.,--U-1130000000H111------------,240,0,240,240,240,0,5800,1392000,4,29.9,240,37300,228,5300,329560000,329560000,329560000,0,0,0,0,0
2021-05-07,PUDP,Pudjiadi Prestige Tbk.,--U-1130000000H111------------,248,0,248,234,240,-8,10100,2463400,9,29.9,264,23000,240,500,329560000,329560000,329560000,0,0,0,0,0
2021-05-06,PUDP,Pudjiadi Prestige Tbk.,--U-1130000000H111------------,252,0,250,248,248,-4,13600,3377200,9,30.9,248,63200,242,300,329560000,329560000,329560000,0,0,0,0,0
2021-05-05,PUDP,Pudjiadi Prestige Tbk.,--U-1130000000H111------------,252,0,266,252,252,0,5800,1524600,21,31.4,266,40000,252,1200,329560000,329560000,329560000,0,0,0,0,0
2021-05-04,PUDP,Pudjiadi Prestige Tbk.,--U-1130000000H111------------,248,0,264,246,252,4,13800,3464800,20,31.4,252,24500,248,900,329560000,329560000,329560000,0,0,0,0,0
2021-05-03,PUDP,Pudjiadi Prestige Tbk.,--U-1130000000H111------------,242,0,264,246,248,6,17200,4272600,15,30.9,258,5000,248,2200,329560000,329560000,329560000,0,0,0,0,0
2021-04-30,PUDP,Pudjiadi Prestige Tbk.,--U-1130000000H111------------,244,0,262,242,242,-2,2100,519800,14,30.2,264,15700,242,4700,329560000,329560000,329560000,0,0,0,0,0
2021-04-29,PUDP,Pudjiadi Prestige Tbk.,--U-1130000000H111------------,252,0,256,244,244,-8,7000,1710400,8,30.4,244,7200,240,100,329560000,329560000,329560000,0,0,0,0,0
2021-04-28,PUDP,Pudjiadi Prestige Tbk.,--U-1130000000H111------------,266,0,266,250,252,-14,7600,1937000,17,31.4,264,1000,252,3000,329560000,329560000,329560000,0,0,0,0,0
2021-04-27,PUDP,Pudjiadi Prestige Tbk.,--U-1130000000H111------------,286,0,286,266,266,-20,63600,17006800,23,33.2,266,30100,0,0,329560000,329560000,329560000,0,0,0,0,0
2021-04-26,PUDP,Pudjiadi Prestige Tbk.,--U-1130000000H111------------,258,0,322,252,286,28,107900,31107400,107,35.7,286,3400,262,10300,329560000,329560000,329560000,0,0,0,0,0
2021-04-23,PUDP,Pudjiadi Prestige Tbk.,--U-1130000000H111------------,242,0,258,242,258,16,1200,299600,11,32.2,258,2400,240,1000,329560000,329560000,329560000,0,0,0,0,0
2021-04-22,PUDP,Pudjiadi Prestige Tbk.,--U-1130000000H111------------,250,0,252,240,242,-8,23000,5784200,17,30.2,258,8300,242,4100,329560000,329560000,329560000,0,0,0,0,0
2021-04-21,PUDP,Pudjiadi Prestige Tbk.,--U-1130000000H111------------,252,0,250,244,250,-2,400,99400,4,31.2,250,500,242,100,329560000,329560000,329560000,0,0,0,0,0
2021-04-20,PUDP,Pudjiadi Prestige Tbk.,--U-1130000000H111------------,264,0,278,246,252,-12,153800,38248000,37,31.4,252,5800,248,3500,329560000,329560000,329560000,0,0,0,0,0
2021-04-19,PUDP,Pudjiadi Prestige Tbk.,--U-1130000000H111------------,264,0,282,258,264,0,7100,1891000,33,32.9,274,200,264,8700,329560000,329560000,329560000,0,0,0,0,0
2021-04-16,PUDP,Pudjiadi Prestige Tbk.,--U-1130000000H111------------,276,0,286,260,264,-12,26600,7197600,71,32.9,276,500,264,200,329560000,329560000,329560000,0,0,0,0,0
2021-04-15,PUDP,Pudjiadi Prestige Tbk.,--U-1130000000H111------------,258,0,286,252,276,18,14300,3828400,46,34.4,276,1500,254,8800,329560000,329560000,329560000,0,0,0,0,0
2021-04-14,PUDP,Pudjiadi Prestige Tbk.,--U-1130000000H111------------,268,0,270,252,258,-10,22300,5789600,37,32.2,270,2100,258,600,329560000,329560000,329560000,0,0,0,0,0
2021-04-13,PUDP,Pudjiadi Prestige Tbk.,--U-1130000000H111------------,268,0,288,268,268,0,2300,627400,13,33.4,270,4100,268,1200,329560000,329560000,329560000,0,0,0,0,0
2021-04-12,PUDP,Pudjiadi Prestige Tbk.,--U-1130000000H111------------,286,0,316,268,268,-18,11300,3188600,27,33.4,294,12200,268,100,329560000,329560000,329560000,0,0,0,0,0
2021-04-09,PUDP,Pudjiadi Prestige Tbk.,--U-1130000000H111------------,294,0,308,280,286,-8,3200,934200,23,35.7,290,200,286,700,329560000,329560000,329560000,0,0,0,0,0
2021-04-08,PUDP,Pudjiadi Prestige Tbk.,--U-1130000000H111------------,282,0,312,266,294,12,7700,2286400,37,36.7,294,600,280,100,329560000,329560000,329560000,0,0,0,0,0
2021-04-07,PUDP,Pudjiadi Prestige Tbk.,--U-1130000000H111------------,276,0,316,272,282,6,2600,773800,17,35.2,282,4400,276,8200,329560000,329560000,329560000,0,0,0,0,0
2021-04-06,PUDP,Pudjiadi Prestige Tbk.,--U-1130000000H111------------,290,0,300,276,276,-14,8100,2357200,24,34.4,296,200,276,3200,329560000,329560000,329560000,0,0,0,0,0
2021-04-05,PUDP,Pudjiadi Prestige Tbk.,--U-1130000000H111------------,274,0,292,274,290,16,4700,1299600,10,36.2,288,100,276,100,329560000,329560000,329560000,0,0,0,0,0
2021-04-01,PUDP,Pudjiadi Prestige Tbk.,--U-1130000000H111------------,270,0,300,258,274,4,12800,3602800,40,34.2,292,4000,274,23500,329560000,329560000,329560000,0,0,0,0,0
2021-03-31,PUDP,Pudjiadi Prestige Tbk.,--U-1130000000H111------------,270,0,314,260,270,0,51100,13616000,30,33.7,292,900,270,22000,329560000,329560000,329560000,0,0,0,0,0
2021-03-30,PUDP,Pudjiadi Prestige Tbk.,--U-1130000000H111------------,266,0,300,252,270,4,5600,1553800,34,33.7,294,100,270,9900,329560000,329560000,329560000,0,0,0,0,0
2021-03-29,PUDP,Pudjiadi Prestige Tbk.,--U-1130000000H111------------,268,0,324,258,266,-2,55000,17356000,55,33.2,298,2000,266,48900,329560000,329560000,329560000,0,0,0,0,0
2021-03-26,PUDP,Pudjiadi Prestige Tbk.,--U-1130000000H111------------,262,0,288,246,268,6,14300,3789800,19,33.4,280,1500,258,100,329560000,329560000,329560000,0,0,0,0,0
2021-03-25,PUDP,Pudjiadi Prestige Tbk.,--U-1130000000H111------------,278,0,278,262,262,-16,8000,2145000,12,32.7,290,700,262,17000,329560000,329560000,329560000,0,0,0,0,0
2021-03-24,PUDP,Pudjiadi Prestige Tbk.,--U-1130000000H111------------,278,0,290,278,278,0,4100,1178800,13,34.7,278,38900,276,1300,329560000,329560000,329560000,0,0,0,0,0
2021-03-23,PUDP,Pudjiadi Prestige Tbk.,--U-1130000000H111------------,294,0,294,278,278,-16,22500,6276200,17,34.7,288,300,278,62500,329560000,329560000,329560000,0,0,0,0,0
2021-03-22,PUDP,Pudjiadi Prestige Tbk.,--U-1130000000H111------------,280,0,300,280,294,14,12100,3413200,9,36.7,290,2200,280,1000,329560000,329560000,329560000,0,0,0,0,0
2021-03-19,PUDP,Pudjiadi Prestige Tbk.,--U-1130000000H111------------,282,0,280,276,280,-2,600,166400,4,34.9,298,15800,280,29800,329560000,329560000,329560000,0,0,0,0,0
2021-03-18,PUDP,Pudjiadi Prestige Tbk.,--U-1130000000H111------------,298,0,282,280,282,-16,3700,1036200,5,35.2,298,1700,282,30100,329560000,329560000,329560000,0,0,0,0,0
2021-03-17,PUDP,Pudjiadi Prestige Tbk.,--U-1130000000H111------------,320,0,320,298,298,-22,58300,17430800,29,37.2,320,3900,298,9900,329560000,329560000,329560000,0,0,0,0,0
2021-03-16,PUDP,Pudjiadi Prestige Tbk.,--U-1130000000H111------------,336,0,420,314,320,-16,518000,190342400,287,39.9,338,10000,322,16600,329560000,329560000,329560000,700,0,0,0,0
2021-03-15,PUDP,Pudjiadi Prestige Tbk.,--U-1130000000H111------------,270,0,336,252,336,66,131400,43426400,99,41.9,0,0,336,27600,329560000,329560000,329560000,10000,0,0,0,0
2021-03-12,PUDP,Pudjiadi Prestige Tbk.,--U-1130000000H111------------,270,0,270,266,270,0,38700,10371800,8,33.7,314,400,268,6800,329560000,329560000,329560000,0,0,0,0,0
2021-03-10,PUDP,Pudjiadi Prestige Tbk.,--U-1130000000H111------------,276,0,272,258,270,-6,41800,10787000,10,33.7,270,14900,0,0,329560000,329560000,329560000,0,0,0,0,0
2021-03-09,PUDP,Pudjiadi Prestige Tbk.,--U-1130000000H111------------,268,0,276,250,276,8,2900,781800,5,34.4,276,6000,252,100,329560000,329560000,329560000,0,0,0,0,0
2021-03-08,PUDP,Pudjiadi Prestige Tbk.,--U-1130000000H111------------,268,0,0,0,268,0,0,0,0,33.4,272,100,268,100,329560000,329560000,329560000,0,0,0,0,0
2021-03-05,PUDP,Pudjiadi Prestige Tbk.,--U-1130000000H111------------,266,0,268,250,268,2,9300,2372800,11,33.4,268,3400,250,30500,329560000,329560000,329560000,0,0,0,0,0
2021-03-04,PUDP,Pudjiadi Prestige Tbk.,--U-1130000000H111------------,266,0,266,260,266,0,7700,2002600,10,33.2,266,2500,256,100,329560000,329560000,329560000,0,0,0,0,0
2021-03-03,PUDP,Pudjiadi Prestige Tbk.,--U-1130000000H111------------,272,0,266,256,266,-6,7500,1987800,17,33.2,272,7000,262,500,329560000,329560000,329560000,0,0,0,0,0
2021-03-02,PUDP,Pudjiadi Prestige Tbk.,--U-1130000000H111------------,286,0,286,268,272,-14,22400,6085200,24,33.9,282,3700,272,2200,329560000,329560000,329560000,0,0,0,0,0
2021-03-01,PUDP,Pudjiadi Prestige Tbk.,--U-1130000000H111------------,304,0,300,284,286,-18,62900,18085800,47,35.7,286,400,284,500,329560000,329560000,329560000,0,0,0,0,0
2021-02-26,PUDP,Pudjiadi Prestige Tbk.,--U-1130000000H111------------,292,0,320,292,304,12,7600,2255800,18,37.9,304,1700,274,5100,329560000,329560000,329560000,0,0,0,0,0
2021-02-25,PUDP,Pudjiadi Prestige Tbk.,--U-1130000000H111------------,310,0,314,290,292,-18,82400,24571400,52,36.4,306,2200,292,23900,329560000,329560000,329560000,0,0,0,0,0
2021-02-24,PUDP,Pudjiadi Prestige Tbk.,--U-1130000000H111------------,330,0,370,310,310,-20,136900,46460600,76,38.7,350,3900,308,111400,329560000,329560000,329560000,0,0,0,0,0
2021-02-23,PUDP,Pudjiadi Prestige Tbk.,--U-1130000000H111------------,306,0,348,304,330,24,110900,35307000,77,41.2,330,21300,308,800,329560000,329560000,329560000,0,10000,0,0,0
2021-02-22,PUDP,Pudjiadi Prestige Tbk.,--U-1130000000H111------------,302,0,376,282,306,4,223600,73810800,141,38.2,326,7000,306,8900,329560000,329560000,329560000,0,0,0,0,0
2021-02-19,PUDP,Pudjiadi Prestige Tbk.,--U-1130000000H111------------,324,0,402,302,302,-22,468500,168407200,392,37.7,330,2500,302,1000,329560000,329560000,329560000,5700,0,0,0,0
2021-02-18,PUDP,Pudjiadi Prestige Tbk.,--U-1130000000H111------------,260,0,324,274,324,64,153700,49476400,140,40.4,0,0,324,78500,329560000,329560000,329560000,0,0,0,0,0
2021-02-17,PUDP,Pudjiadi Prestige Tbk.,--U-1130000000H111------------,208,0,260,212,260,52,107600,27840200,59,32.4,0,0,260,200,329560000,329560000,329560000,0,0,0,0,0
2021-02-16,PUDP,Pudjiadi Prestige Tbk.,--U-1130000000H111------------,218,0,208,208,208,-10,100,20800,1,25.9,256,400,220,100,329560000,329560000,329560000,0,0,0,0,0
2021-02-15,PUDP,Pudjiadi Prestige Tbk.,--U-1130000000H111------------,212,0,218,216,218,6,400,87000,2,27.2,252,200,218,3000,329560000,329560000,329560000,0,0,0,0,0
2021-02-11,PUDP,Pudjiadi Prestige Tbk.,--U-1130000000H111------------,224,0,212,212,212,-12,100,21200,1,26.4,230,300,216,1000,329560000,329560000,329560000,0,0,0,0,0
2021-02-10,PUDP,Pudjiadi Prestige Tbk.,--U-1130000000H111------------,240,0,244,224,224,-16,1500,342400,5,27.9,238,200,224,1600,329560000,329560000,329560000,0,0,0,0,0
2021-02-09,PUDP,Pudjiadi Prestige Tbk.,--U-1130000000H111------------,240,0,0,0,240,0,0,0,0,29.9,238,900,230,100,329560000,329560000,329560000,0,0,0,0,0
2021-02-08,PUDP,Pudjiadi Prestige Tbk.,--U-1130000000H111------------,234,0,244,226,240,6,1900,453800,5,29.9,240,300,224,100,329560000,329560000,329560000,0,0,0,0,0
2021-02-05,PUDP,Pudjiadi Prestige Tbk.,--U-1130000000H111------------,234,0,0,0,234,0,0,0,0,29.2,234,1000,224,1000,329560000,329560000,329560000,0,0,0,0,0
2021-02-04,PUDP,Pudjiadi Prestige Tbk.,--U-1130000000H111------------,234,0,234,222,234,0,1400,312000,2,29.2,234,2100,226,400,329560000,329560000,329560000,0,0,0,0,0
2021-02-03,PUDP,Pudjiadi Prestige Tbk.,--U-1130000000H111------------,234,0,0,0,234,0,0,0,0,29.2,234,1000,226,300,329560000,329560000,329560000,0,0,0,0,0
2021-02-02,PUDP,Pudjiadi Prestige Tbk.,--U-1130000000H111------------,234,0,0,0,234,0,0,0,0,29.2,234,1000,218,200,329560000,329560000,329560000,0,0,0,0,0
2021-02-01,PUDP,Pudjiadi Prestige Tbk.,--U-1130000000H111------------,236,0,234,234,234,-2,200,46800,2,29.2,234,800,222,3000,329560000,329560000,329560000,0,0,0,0,0
2021-01-29,PUDP,Pudjiadi Prestige Tbk.,--U-1130000000H111------------,236,0,0,0,236,0,0,0,0,29.4,234,900,222,4200,329560000,329560000,329560000,0,0,0,0,0
2021-01-28,PUDP,Pudjiadi Prestige Tbk.,--U-1130000000H111------------,236,0,236,236,236,0,200,47200,1,29.4,236,400,228,100,329560000,329560000,329560000,0,0,0,0,0
2021-01-27,PUDP,Pudjiadi Prestige Tbk.,--U-1130000000H111------------,222,0,238,212,236,14,1800,396600,8,29.4,236,1000,216,200,329560000,329560000,329560000,0,0,0,0,0
2021-01-26,PUDP,Pudjiadi Prestige Tbk.,--U-1130000000H111------------,222,0,0,0,222,0,0,0,0,27.7,238,400,218,3000,329560000,329560000,329560000,0,0,0,0,0
2021-01-25,PUDP,Pudjiadi Prestige Tbk.,--U-1130000000H111------------,234,0,272,222,222,-12,13300,3060800,27,27.7,240,100,226,100,329560000,329560000,329560000,0,0,0,0,0
2021-01-22,PUDP,Pudjiadi Prestige Tbk.,--U-113000000061--------------,220,0,234,226,234,14,7900,1841400,11,29.2,234,900,218,100,329560000,329560000,329560000,0,0,0,0,0
2021-01-21,PUDP,Pudjiadi Prestige Tbk.,--U-113000000061--------------,234,0,234,220,220,-14,200,45400,2,27.4,234,100,220,2200,329560000,329560000,329560000,0,0,0,0,0
2021-01-20,PUDP,Pudjiadi Prestige Tbk.,--U-113000000061--------------,234,0,0,0,234,0,0,0,0,29.2,234,900,220,2200,329560000,329560000,329560000,0,0,0,0,0
2021-01-19,PUDP,Pudjiadi Prestige Tbk.,--U-113000000061--------------,234,0,0,0,234,0,0,0,0,29.2,234,900,220,2300,329560000,329560000,329560000,0,0,0,0,0
2021-01-18,PUDP,Pudjiadi Prestige Tbk.,--U-113000000061--------------,234,0,234,234,234,0,2100,491400,1,29.2,234,900,218,200,329560000,329560000,329560000,0,0,0,0,0
2021-01-15,PUDP,Pudjiadi Prestige Tbk.,--U-113000000061--------------,238,0,234,224,234,-4,800,182200,4,29.2,234,1000,226,200,329560000,329560000,329560000,0,0,0,0,0
2021-01-14,PUDP,Pudjiadi Prestige Tbk.,--U-113000000061--------------,232,0,252,222,238,6,1700,382000,3,29.7,238,300,224,200,329560000,329560000,329560000,0,0,0,0,0
2021-01-13,PUDP,Pudjiadi Prestige Tbk.,--U-113000000061--------------,232,0,0,0,232,0,0,0,0,28.9,232,2100,224,100,329560000,329560000,329560000,0,0,0,0,0
2021-01-12,PUDP,Pudjiadi Prestige Tbk.,--U-113000000061--------------,232,0,232,232,232,0,100,23200,1,28.9,240,600,232,4900,329560000,329560000,329560000,0,0,0,0,0
2021-01-11,PUDP,Pudjiadi Prestige Tbk.,--U-113000000061--------------,242,0,242,228,232,-10,1900,441000,11,28.9,232,200,226,200,329560000,329560000,329560000,0,0,0,0,0
2021-01-08,PUDP,Pudjiadi Prestige Tbk.,--U-113000000061--------------,218,0,242,220,242,24,8300,1920600,7,30.2,238,400,220,200,329560000,329560000,329560000,0,0,0,0,0
2021-01-07,PUDP,Pudjiadi Prestige Tbk.,--U-113000000061--------------,218,0,0,0,218,0,0,0,0,27.2,244,200,218,100,329560000,329560000,329560000,0,0,0,0,0
2021-01-06,PUDP,Pudjiadi Prestige Tbk.,--U-113000000061--------------,220,0,218,218,218,-2,600,130800,2,27.2,228,400,218,1400,329560000,329560000,329560000,0,0,0,0,0
2021-01-05,PUDP,Pudjiadi Prestige Tbk.,--U-113000000061--------------,220,0,252,216,220,0,400,92400,4,27.4,240,100,220,2000,329560000,329560000,329560000,0,0,0,0,0
2021-01-04,PUDP,Pudjiadi Prestige Tbk.,--U-113000000061--------------,230,0,220,216,220,-10,200,43600,2,27.4,244,300,228,200,329560000,329560000,329560000,0,0,0,0,0
2020-12-30,PUDP,Pudjiadi Prestige Tbk.,--U-113000000061--------------,230,0,230,230,230,0,400,92000,2,28.7,250,1100,214,100,329560000,329560000,329560000,0,0,0,0,0
2020-12-29,PUDP,Pudjiadi Prestige Tbk.,--U-113000000061--------------,226,0,230,226,230,4,500,113400,2,28.7,244,100,212,1400,329560000,329560000,329560000,0,0,0,0,0
2020-12-28,PUDP,Pudjiadi Prestige Tbk.,--U-113000000061--------------,242,0,226,226,226,-16,600,135600,1,28.2,242,400,226,25600,329560000,329560000,329560000,0,0,0,0,0
2020-12-23,PUDP,Pudjiadi Prestige Tbk.,--U-113000000061--------------,246,0,246,232,242,-4,1100,257600,4,30.2,242,400,234,1200,329560000,329560000,329560000,0,0,0,0,0
2020-12-22,PUDP,Pudjiadi Prestige Tbk.,--U-113000000061--------------,264,0,264,246,246,-18,2900,734200,8,30.7,246,2000,0,0,329560000,329560000,329560000,0,0,0,0,0
2020-12-21,PUDP,Pudjiadi Prestige Tbk.,--U-113000000061--------------,246,0,264,244,264,18,2700,698800,14,32.9,264,1000,0,0,329560000,329560000,329560000,0,0,0,0,0
2020-12-18,PUDP,Pudjiadi Prestige Tbk.,--U-113000000061--------------,232,0,246,246,246,14,1100,270600,2,30.7,246,300,218,1000,329560000,329560000,329560000,0,0,0,0,0
2020-12-17,PUDP,Pudjiadi Prestige Tbk.,--U-113000000061--------------,232,0,0,0,232,0,0,0,0,28.9,244,200,222,1000,329560000,329560000,329560000,0,0,0,0,0
2020-12-16,PUDP,Pudjiadi Prestige Tbk.,--U-113000000061--------------,232,0,232,218,232,0,200,45000,2,28.9,230,400,222,6000,329560000,329560000,329560000,0,0,0,0,0
2020-12-15,PUDP,Pudjiadi Prestige Tbk.,--U-113000000061--------------,232,0,0,0,232,0,0,0,0,28.9,232,1000,220,5300,329560000,329560000,329560000,0,0,0,0,0
2020-12-14,PUDP,Pudjiadi Prestige Tbk.,--U-113000000061--------------,232,0,0,0,232,0,0,0,0,28.9,246,200,218,1300,329560000,329560000,329560000,0,0,0,0,0
2020-12-11,PUDP,Pudjiadi Prestige Tbk.,--U-113000000061--------------,232,0,232,232,232,0,100,23200,1,28.9,248,400,232,2900,329560000,329560000,329560000,0,0,0,0,0
2020-12-10,PUDP,Pudjiadi Prestige Tbk.,--U-113000000061--------------,232,0,0,0,232,0,0,0,0,28.9,248,300,232,5000,329560000,329560000,329560000,0,0,0,0,0
2020-12-08,PUDP,Pudjiadi Prestige Tbk.,--U-113000000061--------------,222,0,256,222,232,10,3100,712000,7,28.9,246,300,232,8100,329560000,329560000,329560000,0,0,0,0,0
2020-12-07,PUDP,Pudjiadi Prestige Tbk.,--U-113000000061--------------,220,0,222,220,222,2,1000,221200,6,27.7,240,200,220,600,329560000,329560000,329560000,0,0,0,0,0
2020-12-04,PUDP,Pudjiadi Prestige Tbk.,--U-113000000061--------------,220,0,220,208,220,0,900,188400,2,27.4,220,800,208,4300,329560000,329560000,329560000,0,0,0,0,0
2020-12-03,PUDP,Pudjiadi Prestige Tbk.,--U-113000000061--------------,218,0,222,206,220,2,3500,743000,6,27.4,220,200,210,300,329560000,329560000,329560000,0,0,0,0,0
2020-12-02,PUDP,Pudjiadi Prestige Tbk.,--U-113000000061--------------,220,0,218,218,218,-2,400,87200,4,27.2,218,4100,214,2000,329560000,329560000,329560000,0,0,0,0,0
2020-12-01,PUDP,Pudjiadi Prestige Tbk.,--U-113000000061--------------,220,0,220,220,220,0,400,88000,2,27.4,222,3300,220,700,329560000,329560000,329560000,0,0,0,0,0
2020-11-30,PUDP,Pudjiadi Prestige Tbk.,--U-113000000061--------------,228,0,222,220,220,-8,500,110400,3,27.4,222,3400,220,1700,329560000,329560000,329560000,0,0,0,0,0
2020-11-27,PUDP,Pudjiadi Prestige Tbk.,--U-113000000061--------------,232,0,232,220,228,-4,1800,403600,5,28.4,228,4000,220,2000,329560000,329560000,329560000,0,0,0,0,0
2020-11-26,PUDP,Pudjiadi Prestige Tbk.,--U-113000000061--------------,236,0,232,220,232,-4,2400,542400,11,28.9,232,300,0,0,329560000,329560000,329560000,0,0,0,0,0
2020-11-25,PUDP,Pudjiadi Prestige Tbk.,--U-113000000061--------------,228,0,240,216,236,8,1300,285200,3,29.4,228,1400,216,1100,329560000,329560000,329560000,0,0,0,0,0
2020-11-24,PUDP,Pudjiadi Prestige Tbk.,--U-113000000061--------------,226,0,230,226,228,2,52100,11891400,8,28.4,230,3600,228,6300,329560000,329560000,329560000,0,0,0,0,0
2020-11-23,PUDP,Pudjiadi Prestige Tbk.,--U-113000000061--------------,218,0,230,206,226,8,3800,855400,8,28.2,226,500,206,2600,329560000,329560000,329560000,0,0,0,0,0
2020-11-20,PUDP,Pudjiadi Prestige Tbk.,--U-113000000061--------------,228,0,228,218,218,-10,300,67200,3,27.2,226,200,214,1200,329560000,329560000,329560000,0,0,0,0,0
2020-11-19,PUDP,Pudjiadi Prestige Tbk.,--U-113000000061--------------,228,0,240,226,228,0,700,161400,7,28.4,226,200,224,100,329560000,329560000,329560000,0,0,0,0,0
2020-11-18,PUDP,Pudjiadi Prestige Tbk.,--U-113000000061--------------,230,0,230,214,228,-2,300,67200,3,28.4,226,900,216,900,329560000,329560000,329560000,0,0,0,0,0
2020-11-17,PUDP,Pudjiadi Prestige Tbk.,--U-113000000061--------------,210,0,230,210,230,20,555400,116636000,4,28.7,226,2100,210,100,329560000,329560000,329560000,0,0,0,0,0
2020-11-16,PUDP,Pudjiadi Prestige Tbk.,--U-113000000061--------------,208,0,210,210,210,2,100,21000,1,26.2,220,700,212,700,329560000,329560000,329560000,0,0,0,0,0
2020-11-13,PUDP,Pudjiadi Prestige Tbk.,--U-113000000061--------------,208,0,228,208,208,0,900,196600,5,25.9,230,100,210,1200,329560000,329560000,329560000,0,0,0,0,0
2020-11-12,PUDP,Pudjiadi Prestige Tbk.,--U-113000000061--------------,208,0,208,208,208,0,100100,20820800,2,25.9,208,555300,202,100000,329560000,329560000,329560000,0,0,0,0,0
2020-11-11,PUDP,Pudjiadi Prestige Tbk.,--U-113000000061--------------,208,0,210,208,208,0,1200,251800,3,25.9,208,655300,198,100,329560000,329560000,329560000,0,0,0,0,0
2020-11-10,PUDP,Pudjiadi Prestige Tbk.,--U-113000000061--------------,208,0,0,0,208,0,0,0,0,25.9,238,300,212,1100,329560000,329560000,329560000,0,0,0,0,0
2020-11-09,PUDP,Pudjiadi Prestige Tbk.,--U-113000000061--------------,208,0,0,0,208,0,0,0,0,25.9,238,300,210,100,329560000,329560000,329560000,0,0,0,0,0
2020-11-06,PUDP,Pudjiadi Prestige Tbk.,--U-113000000061--------------,208,0,0,0,208,0,0,0,0,25.9,238,300,212,100,329560000,329560000,329560000,0,0,0,0,0
2020-11-05,PUDP,Pudjiadi Prestige Tbk.,--U-113000000061--------------,208,0,0,0,208,0,0,0,0,25.9,234,300,214,1000,329560000,329560000,329560000,0,0,0,0,0
2020-11-04,PUDP,Pudjiadi Prestige Tbk.,--U-113000000061--------------,206,0,242,206,208,2,1100,243000,10,25.9,226,200,208,200,329560000,329560000,329560000,0,0,0,0,0
2020-11-03,PUDP,Pudjiadi Prestige Tbk.,--U-113000000061--------------,206,0,0,0,206,0,0,0,0,25.7,238,300,208,100,329560000,329560000,329560000,0,0,0,0,0
2020-11-02,PUDP,Pudjiadi Prestige Tbk.,--U-113000000061--------------,206,0,206,196,206,0,400,81400,3,25.7,238,300,208,100,329560000,329560000,329560000,0,0,0,0,0
2020-10-27,PUDP,Pudjiadi Prestige Tbk.,--U-113000000061--------------,206,0,206,206,206,0,100,20600,1,25.7,238,300,196,1100,329560000,329560000,329560000,0,0,0,0,0
2020-10-26,PUDP,Pudjiadi Prestige Tbk.,--U-113000000061--------------,206,0,0,0,206,0,0,0,0,25.7,238,300,198,1000,329560000,329560000,329560000,0,0,0,0,0
2020-10-23,PUDP,Pudjiadi Prestige Tbk.,--U-113000000061--------------,206,0,0,0,206,0,0,0,0,25.7,238,300,196,100,329560000,329560000,329560000,0,0,0,0,0
2020-10-22,PUDP,Pudjiadi Prestige Tbk.,--U-113000000061--------------,206,0,0,0,206,0,0,0,0,25.7,238,300,196,100,329560000,329560000,329560000,0,0,0,0,0
2020-10-21,PUDP,Pudjiadi Prestige Tbk.,--U-113000000061--------------,206,0,0,0,206,0,0,0,0,25.7,238,300,199,100,329560000,329560000,329560000,0,0,0,0,0
2020-10-20,PUDP,Pudjiadi Prestige Tbk.,--U-113000000061--------------,206,0,0,0,206,0,0,0,0,25.7,238,300,202,1000,329560000,329560000,329560000,0,0,0,0,0
2020-10-19,PUDP,Pudjiadi Prestige Tbk.,--U-113000000061--------------,206,0,0,0,206,0,0,0,0,25.7,238,300,200,100,329560000,329560000,329560000,0,0,0,0,0
2020-10-16,PUDP,Pudjiadi Prestige Tbk.,--U-113000000061--------------,199,0,206,206,206,7,100,20600,1,25.7,236,100,206,100,329560000,329560000,329560000,0,0,0,0,0
2020-10-15,PUDP,Pudjiadi Prestige Tbk.,--U-113000000061--------------,194,0,199,199,199,5,100,19900,1,24.8,236,200,199,1100,329560000,329560000,329560000,0,0,0,0,0
2020-10-14,PUDP,Pudjiadi Prestige Tbk.,--U-113000000061--------------,192,0,194,194,194,2,400,77600,2,24.2,234,300,196,1000,329560000,329560000,329560000,0,0,0,0,0
2020-10-13,PUDP,Pudjiadi Prestige Tbk.,--U-113000000061--------------,192,0,192,192,192,0,100,19200,1,23.9,220,100,197,100,329560000,329560000,329560000,0,0,0,0,0
2020-10-12,PUDP,Pudjiadi Prestige Tbk.,--U-113000000061--------------,192,0,0,0,192,0,0,0,0,23.9,228,100,202,1000,329560000,329560000,329560000,0,0,0,0,0
2020-10-09,PUDP,Pudjiadi Prestige Tbk.,--U-113000000061--------------,192,0,0,0,192,0,0,0,0,23.9,230,300,206,2000,329560000,329560000,329560000,0,0,0,0,0
2020-10-08,PUDP,Pudjiadi Prestige Tbk.,--U-113000000061--------------,206,0,192,192,192,-14,100,19200,1,23.9,234,300,202,2100,329560000,329560000,329560000,0,0,0,0,0
2020-10-07,PUDP,Pudjiadi Prestige Tbk.,--U-113000000061--------------,206,0,0,0,206,0,0,0,0,25.7,238,300,198,1000,329560000,329560000,329560000,0,0,0,0,0
2020-10-06,PUDP,Pudjiadi Prestige Tbk.,--U-113000000061--------------,206,0,0,0,206,0,0,0,0,25.7,234,300,206,1000,329560000,329560000,329560000,0,0,0,0,0
2020-10-05,PUDP,Pudjiadi Prestige Tbk.,--U-113000000061--------------,206,0,0,0,206,0,0,0,0,25.7,234,400,196,100,329560000,329560000,329560000,0,0,0,0,0
2020-10-02,PUDP,Pudjiadi Prestige Tbk.,--U-113000000061--------------,206,0,0,0,206,0,0,0,0,25.7,234,300,199,1000,329560000,329560000,329560000,0,0,0,0,0
2020-10-01,PUDP,Pudjiadi Prestige Tbk.,--U-113000000061--------------,206,0,0,0,206,0,0,0,0,25.7,234,300,206,1000,329560000,329560000,329560000,0,0,0,0,0
2020-09-30,PUDP,Pudjiadi Prestige Tbk.,--U-113000000061--------------,206,0,0,0,206,0,0,0,0,25.7,234,300,206,1000,329560000,329560000,329560000,0,0,0,0,0
2020-09-29,PUDP,Pudjiadi Prestige Tbk.,--U-113000000061--------------,206,0,206,204,206,0,400,82200,2,25.7,234,300,212,2000,329560000,329560000,329560000,0,0,129470,28483400,1
2020-09-28,PUDP,Pudjiadi Prestige Tbk.,--U-113000000061--------------,218,0,206,206,206,-12,100,20600,1,25.7,232,300,214,2000,329560000,329560000,329560000,0,0,0,0,0
2020-09-25,PUDP,Pudjiadi Prestige Tbk.,--U-113000000061--------------,218,0,0,0,218,0,0,0,0,27.2,234,200,210,2100,329560000,329560000,329560000,0,0,0,0,0
2020-09-24,PUDP,Pudjiadi Prestige Tbk.,--U-113000000061--------------,218,0,0,0,218,0,0,0,0,27.2,234,200,210,2000,329560000,329560000,329560000,0,0,0,0,0
2020-09-23,PUDP,Pudjiadi Prestige Tbk.,--U-113000000061--------------,218,0,218,210,218,0,800,170400,3,27.2,234,200,214,2200,329560000,329560000,329560000,0,0,0,0,0
2020-09-22,PUDP,Pudjiadi Prestige Tbk.,--U-113000000061--------------,218,0,0,0,218,0,0,0,0,27.2,234,200,210,2000,329560000,329560000,329560000,0,0,0,0,0
2020-09-21,PUDP,Pudjiadi Prestige Tbk.,--U-113000000061--------------,220,0,218,218,218,-2,100,21800,1,27.2,234,200,220,100,329560000,329560000,329560000,0,0,0,0,0
2020-09-18,PUDP,Pudjiadi Prestige Tbk.,--U-113000000061--------------,234,0,224,220,220,-14,200,44400,2,27.4,230,1900,224,200,329560000,329560000,329560000,0,0,0,0,0
2020-09-17,PUDP,Pudjiadi Prestige Tbk.,--U-113000000061--------------,234,0,0,0,234,0,0,0,0,29.2,232,300,220,3100,329560000,329560000,329560000,0,0,0,0,0
2020-09-16,PUDP,Pudjiadi Prestige Tbk.,--U-113000000061--------------,234,0,0,0,234,0,0,0,0,29.2,232,400,222,1000,329560000,329560000,329560000,0,0,0,0,0
2020-09-15,PUDP,Pudjiadi Prestige Tbk.,--U-113000000061--------------,234,0,0,0,234,0,0,0,0,29.2,232,300,220,5000,329560000,329560000,329560000,0,0,0,0,0
2020-09-14,PUDP,Pudjiadi Prestige Tbk.,--U-113000000061--------------,212,0,234,200,234,22,200,43400,2,29.2,234,1000,210,2000,329560000,329560000,329560000,0,0,0,0,0
2020-09-11,PUDP,Pudjiadi Prestige Tbk.,--U-113000000061--------------,212,0,0,0,212,0,0,0,0,26.4,244,400,214,1000,329560000,329560000,329560000,0,0,0,0,0
2020-09-10,PUDP,Pudjiadi Prestige Tbk.,--U-113000000061--------------,224,0,212,212,212,-12,200,42400,2,26.4,236,400,216,3000,329560000,329560000,329560000,0,0,0,0,0
2020-09-09,PUDP,Pudjiadi Prestige Tbk.,--U-113000000061--------------,240,0,238,224,224,-16,7000,1592000,7,27.9,234,400,226,200,329560000,329560000,329560000,0,0,0,0,0
2020-09-08,PUDP,Pudjiadi Prestige Tbk.,--U-113000000061--------------,240,0,0,0,240,0,0,0,0,29.9,238,300,226,2000,329560000,329560000,329560000,0,0,0,0,0
2020-09-07,PUDP,Pudjiadi Prestige Tbk.,--U-113000000061--------------,240,0,0,0,240,0,0,0,0,29.9,238,300,228,1100,329560000,329560000,329560000,0,0,0,0,0
2020-09-04,PUDP,Pudjiadi Prestige Tbk.,--U-113000000061--------------,240,0,0,0,240,0,0,0,0,29.9,238,300,228,100,329560000,329560000,329560000,0,0,0,0,0
2020-09-03,PUDP,Pudjiadi Prestige Tbk.,--U-113000000061--------------,240,0,0,0,240,0,0,0,0,29.9,238,300,232,100,329560000,329560000,329560000,0,0,0,0,0
2020-09-02,PUDP,Pudjiadi Prestige Tbk.,--U-113000000061--------------,220,0,240,208,240,20,200,44800,2,29.9,236,100,214,1200,329560000,329560000,329560000,0,0,0,0,0
2020-09-01,PUDP,Pudjiadi Prestige Tbk.,--U-113000000061--------------,220,0,0,0,220,0,0,0,0,27.4,236,300,212,1000,329560000,329560000,329560000,0,0,0,0,0
2020-08-31,PUDP,Pudjiadi Prestige Tbk.,--U-113000000061--------------,220,0,0,0,220,0,0,0,0,27.4,236,300,212,1000,329560000,329560000,329560000,0,0,0,0,0
2020-08-28,PUDP,Pudjiadi Prestige Tbk.,--U-113000000061--------------,220,0,0,0,220,0,0,0,0,27.4,240,300,212,2200,329560000,329560000,329560000,0,0,0,0,0
2020-08-27,PUDP,Pudjiadi Prestige Tbk.,--U-113000000061--------------,220,0,0,0,220,0,0,0,0,27.4,240,300,222,1000,329560000,329560000,329560000,0,0,0,0,0
2020-08-26,PUDP,Pudjiadi Prestige Tbk.,--U-113000000061--------------,220,0,0,0,220,0,0,0,0,27.4,236,300,212,1000,329560000,329560000,329560000,0,0,0,0,0
2020-08-25,PUDP,Pudjiadi Prestige Tbk.,--U-113000000061--------------,220,0,0,0,220,0,0,0,0,27.4,240,300,212,1000,329560000,329560000,329560000,0,0,0,0,0
2020-08-24,PUDP,Pudjiadi Prestige Tbk.,--U-113000000061--------------,220,0,0,0,220,0,0,0,0,27.4,236,300,212,1000,329560000,329560000,329560000,0,0,0,0,0
2020-08-19,PUDP,Pudjiadi Prestige Tbk.,--U-113000000061--------------,220,0,0,0,220,0,0,0,0,27.4,236,300,214,1000,329560000,329560000,329560000,0,0,0,0,0
2020-08-18,PUDP,Pudjiadi Prestige Tbk.,--U-113000000061--------------,220,0,0,0,220,0,0,0,0,27.4,236,300,216,1000,329560000,329560000,329560000,0,0,0,0,0
2020-08-14,PUDP,Pudjiadi Prestige Tbk.,XDU-113000000061--------------,220,0,0,0,220,0,0,0,0,27.4,236,300,216,1000,329560000,329560000,329560000,0,0,0,0,0
2020-08-13,PUDP,Pudjiadi Prestige Tbk.,XDU-113000000061--------------,220,0,0,0,220,0,0,0,0,27.4,244,400,222,1000,329560000,329560000,329560000,0,0,0,0,0
2020-08-12,PUDP,Pudjiadi Prestige Tbk.,XDU-113000000061--------------,220,0,220,220,220,0,100,22000,1,27.4,236,300,222,1000,329560000,329560000,329560000,0,0,0,0,0
2020-08-11,PUDP,Pudjiadi Prestige Tbk.,XDU-113000000061--------------,220,0,220,220,220,0,100,22000,1,27.4,240,300,230,100,329560000,329560000,329560000,0,0,0,0,0
2020-08-10,PUDP,Pudjiadi Prestige Tbk.,XDU-113000000061--------------,234,0,220,220,220,-14,800,176000,1,27.4,236,300,224,1200,329560000,329560000,329560000,0,0,0,0,0
2020-08-07,PUDP,Pudjiadi Prestige Tbk.,XDU-113000000061--------------,234,0,234,234,234,0,100,23400,1,29.2,240,300,220,3500,329560000,329560000,329560000,0,0,0,0,0
2020-08-06,PUDP,Pudjiadi Prestige Tbk.,XDU-113000000061--------------,234,0,0,0,234,0,0,0,0,29.2,234,100,230,100,329560000,329560000,329560000,0,0,0,0,0
2020-08-05,PUDP,Pudjiadi Prestige Tbk.,XDU-113000000061--------------,234,0,0,0,234,0,0,0,0,29.2,240,300,232,100,329560000,329560000,329560000,0,0,0,0,0
2020-08-04,PUDP,Pudjiadi Prestige Tbk.,XDU-113000000061--------------,234,0,0,0,234,0,0,0,0,29.2,242,400,224,1000,329560000,329560000,329560000,0,0,0,0,0
2020-08-03,PUDP,Pudjiadi Prestige Tbk.,XDU-113000000061--------------,234,0,0,0,234,0,0,0,0,29.2,240,300,220,4700,329560000,329560000,329560000,0,0,0,0,0
2020-07-30,PUDP,Pudjiadi Prestige Tbk.,XDU-113000000061--------------,234,0,0,0,234,0,0,0,0,29.2,234,200,226,1000,329560000,329560000,329560000,0,0,0,0,0
2020-07-29,PUDP,Pudjiadi Prestige Tbk.,XDU-113000000061--------------,234,0,0,0,234,0,0,0,0,29.2,234,300,228,100,329560000,329560000,329560000,0,0,0,0,0
2020-07-28,PUDP,Pudjiadi Prestige Tbk.,XDU-113000000061--------------,226,0,234,220,234,8,700,155400,3,29.2,234,400,220,1100,329560000,329560000,329560000,0,0,0,0,0
2020-07-27,PUDP,Pudjiadi Prestige Tbk.,XDU-113000000061--------------,226,0,226,226,226,0,2000,452000,2,28.2,238,300,222,200,329560000,329560000,329560000,0,0,0,0,0
2020-07-24,PUDP,Pudjiadi Prestige Tbk.,XDU-113000000061--------------,226,0,226,226,226,0,79200,17899200,4,28.2,238,200,216,300,329560000,329560000,329560000,0,0,0,0,0
2020-07-23,PUDP,Pudjiadi Prestige Tbk.,XDU-113000000061--------------,226,0,0,0,226,0,0,0,0,28.2,226,76100,220,100,329560000,329560000,329560000,0,0,0,0,0
2020-07-22,PUDP,Pudjiadi Prestige Tbk.,XDU-113000000061--------------,228,0,230,226,226,-2,3700,836800,4,28.2,226,75500,222,100,329560000,329560000,329560000,0,0,0,0,0
2020-07-21,PUDP,Pudjiadi Prestige Tbk.,--U-113000000061--------------,244,0,236,228,228,-16,8400,1940200,11,28.4,230,79200,228,9100,329560000,329560000,329560000,0,0,0,0,0
2020-07-20,PUDP,Pudjiadi Prestige Tbk.,--U-113000000061--------------,258,0,248,244,244,-14,300,73600,2,30.4,244,1000,240,1100,329560000,329560000,329560000,0,0,0,0,0
2020-07-17,PUDP,Pudjiadi Prestige Tbk.,CDU-113000000061--------------,252,0,262,252,258,6,4400,1115000,9,32.2,258,200,250,1100,329560000,329560000,329560000,0,0,0,0,0
2020-07-16,PUDP,Pudjiadi Prestige Tbk.,CDU-113000000061--------------,250,0,260,252,252,2,600,152000,4,31.4,254,1000,252,3100,329560000,329560000,329560000,0,0,0,0,0
2020-07-15,PUDP,Pudjiadi Prestige Tbk.,CDU-113000000061--------------,250,0,0,0,250,0,0,0,0,31.2,266,3100,250,200,329560000,329560000,329560000,0,0,0,0,0
2020-07-14,PUDP,Pudjiadi Prestige Tbk.,CDU-113000000061--------------,250,0,250,250,250,0,3300,825000,3,31.2,250,1300,238,100,329560000,329560000,329560000,0,0,0,0,0
2020-07-13,PUDP,Pudjiadi Prestige Tbk.,--U-113000000061--------------,266,0,286,250,250,-16,5600,1416400,9,31.2,262,1100,250,190400,329560000,329560000,329560000,0,0,0,0,0
2020-07-10,PUDP,Pudjiadi Prestige Tbk.,--U-113000000061--------------,250,0,266,266,266,16,200,53200,1,33.2,266,3600,242,400,329560000,329560000,329560000,0,0,0,0,0
2020-07-09,PUDP,Pudjiadi Prestige Tbk.,--U-113000000061--------------,242,0,250,246,250,8,7400,1848800,8,31.2,270,100,242,100,329560000,329560000,329560000,0,0,0,0,0
2020-07-08,PUDP,Pudjiadi Prestige Tbk.,--U-113000000061--------------,242,0,0,0,242,0,0,0,0,30.2,246,100,240,500,329560000,329560000,329560000,0,0,0,0,0
2020-07-07,PUDP,Pudjiadi Prestige Tbk.,--U-113000000061--------------,240,0,292,242,242,2,2200,557600,11,30.2,276,400,242,200,329560000,329560000,329560000,0,0,0,0,0
2020-07-06,PUDP,Pudjiadi Prestige Tbk.,--U-113000000061--------------,248,0,240,240,240,-8,100,24000,1,29.9,244,100,240,200,329560000,329560000,329560000,0,0,0,0,0
2020-07-03,PUDP,Pudjiadi Prestige Tbk.,--U6---1,248,0,0,0,248,0,0,0,0,30.9,246,900,238,200,329560000,329560000,329560000,0,0,0,0,0
2020-07-02,PUDP,Pudjiadi Prestige Tbk.,--U6---1,248,0,0,0,248,0,0,0,0,30.9,246,2000,242,100,329560000,329560000,329560000,0,0,0,0,0
2020-07-01,PUDP,Pudjiadi Prestige Tbk.,--U6---1,248,0,268,248,248,0,300,76800,3,30.9,248,800,244,900,329560000,329560000,329560000,0,0,0,0,0
2020-06-30,PUDP,Pudjiadi Prestige Tbk.,--U9---1,242,0,248,248,248,6,100,24800,1,30.9,246,2000,240,100,329560000,329560000,329560000,0,0,0,0,0
2020-06-29,PUDP,Pudjiadi Prestige Tbk.,--U9---1,242,0,0,0,242,0,0,0,0,30.2,246,200,240,200,329560000,329560000,329560000,0,0,0,0,0
2020-06-26,PUDP,Pudjiadi Prestige Tbk.,--U9---1,242,0,0,0,242,0,0,0,0,30.2,256,400,244,200,329560000,329560000,329560000,0,0,0,0,0
2020-06-25,PUDP,Pudjiadi Prestige Tbk.,--U9---1,260,0,318,242,242,-18,6900,1758600,21,30.2,250,1100,0,0,329560000,329560000,329560000,0,0,0,0,0
2020-06-24,PUDP,Pudjiadi Prestige Tbk.,--U9---1,260,0,0,0,260,0,0,0,0,32.4,250,200,242,200,329560000,329560000,329560000,0,0,0,0,0
2020-06-23,PUDP,Pudjiadi Prestige Tbk.,--U9---1,244,0,260,260,260,16,100,26000,1,32.4,260,13000,244,100,329560000,329560000,329560000,0,0,0,0,0
2020-06-22,PUDP,Pudjiadi Prestige Tbk.,--U9---1,262,0,246,244,244,-18,500,122200,3,30.4,248,200,0,0,329560000,329560000,329560000,0,0,0,0,0
2020-06-19,PUDP,Pudjiadi Prestige Tbk.,--U9---1,250,0,306,244,262,12,1000,269200,7,32.7,262,1000,246,100,329560000,329560000,329560000,0,0,0,0,0
2020-06-18,PUDP,Pudjiadi Prestige Tbk.,--U9---1,260,0,280,250,250,-10,4000,1010600,7,31.2,254,100,250,1700,329560000,329560000,329560000,0,0,0,0,0
2020-06-17,PUDP,Pudjiadi Prestige Tbk.,--U9---1,278,0,280,260,260,-18,2500,652000,5,32.4,260,1300,0,0,329560000,329560000,329560000,0,0,0,0,0
2020-06-16,PUDP,Pudjiadi Prestige Tbk.,--U9---1,252,0,290,240,278,26,1400,351800,9,34.7,278,4700,240,200,329560000,329560000,329560000,0,0,0,0,0
2020-06-15,PUDP,Pudjiadi Prestige Tbk.,--U9---1,246,0,266,230,252,6,600,144400,5,31.4,252,3000,230,2000,329560000,329560000,329560000,0,0,0,0,0
2020-06-12,PUDP,Pudjiadi Prestige Tbk.,--U9---1,258,0,314,246,246,-12,1400,378600,14,30.7,246,4700,0,0,329560000,329560000,329560000,0,0,0,0,0
2020-06-11,PUDP,Pudjiadi Prestige Tbk.,--U9---1,224,0,266,228,258,34,3600,836200,9,32.2,250,100,248,200,329560000,329560000,329560000,0,0,0,0,0
2020-06-10,PUDP,Pudjiadi Prestige Tbk.,--U9---1,218,0,266,224,224,6,25200,5683400,19,27.9,250,1100,224,2000,329560000,329560000,329560000,0,0,0,0,0
2020-06-09,PUDP,Pudjiadi Prestige Tbk.,--U9---1,220,0,232,218,218,-2,8600,1904800,10,27.2,222,22700,210,200,329560000,329560000,329560000,0,0,0,0,0
2020-06-08,PUDP,Pudjiadi Prestige Tbk.,--U9---1,220,0,0,0,220,0,0,0,0,27.4,268,400,232,100,329560000,329560000,329560000,0,0,0,0,0
2020-06-05,PUDP,Pudjiadi Prestige Tbk.,--U9---1,220,0,0,0,220,0,0,0,0,27.4,268,400,232,2000,329560000,329560000,329560000,0,0,0,0,0
2020-06-04,PUDP,Pudjiadi Prestige Tbk.,--U9---1,220,0,0,0,220,0,0,0,0,27.4,268,400,224,1300,329560000,329560000,329560000,0,0,0,0,0
2020-06-03,PUDP,Pudjiadi Prestige Tbk.,--U9---1,220,0,0,0,220,0,0,0,0,27.4,268,400,212,2200,329560000,329560000,329560000,0,0,0,0,0
2020-06-02,PUDP,Pudjiadi Prestige Tbk.,--U9---1,220,0,0,0,220,0,0,0,0,27.4,266,400,226,1000,329560000,329560000,329560000,0,0,0,0,0
2020-05-29,PUDP,Pudjiadi Prestige Tbk.,--U9---1,220,0,0,0,220,0,0,0,0,27.4,268,400,222,3000,329560000,329560000,329560000,0,0,0,0,0
2020-05-28,PUDP,Pudjiadi Prestige Tbk.,--U9---1,220,0,0,0,220,0,0,0,0,27.4,268,400,222,5500,329560000,329560000,329560000,0,0,0,0,0
2020-05-27,PUDP,Pudjiadi Prestige Tbk.,--U9---1,228,0,220,220,220,-8,100,22000,1,27.4,270,200,224,5000,329560000,329560000,329560000,0,0,0,0,0
2020-05-26,PUDP,Pudjiadi Prestige Tbk.,--U9---1,242,0,228,228,228,-14,100,22800,1,28.4,268,500,232,1000,329560000,329560000,329560000,0,0,0,0,0
2020-05-20,PUDP,Pudjiadi Prestige Tbk.,--U9---1,242,0,0,0,242,0,0,0,0,30.2,244,100,232,400,329560000,329560000,329560000,0,0,0,0,0
2020-05-19,PUDP,Pudjiadi Prestige Tbk.,--U9---1,260,0,242,242,242,-18,600,145200,5,30.2,242,300,0,0,329560000,329560000,329560000,0,0,0,0,0
2020-05-18,PUDP,Pudjiadi Prestige Tbk.,--U9---1,278,0,260,260,260,-18,2200,572000,2,32.4,260,600,0,0,329560000,329560000,329560000,0,0,0,0,0
2020-05-15,PUDP,Pudjiadi Prestige Tbk.,--U9---1,278,0,0,0,278,0,0,0,0,34.7,260,2200,0,0,329560000,329560000,329560000,0,0,0,0,0
2020-05-14,PUDP,Pudjiadi Prestige Tbk.,--U9---1,278,0,0,0,278,0,0,0,0,34.7,260,1000,0,0,329560000,329560000,329560000,0,0,0,0,0
2020-05-13,PUDP,Pudjiadi Prestige Tbk.,--U9---1,278,0,0,0,278,0,0,0,0,34.7,260,2200,0,0,329560000,329560000,329560000,0,0,0,0,0
2020-05-12,PUDP,Pudjiadi Prestige Tbk.,--U9---1,278,0,0,0,278,0,0,0,0,34.7,260,1000,0,0,329560000,329560000,329560000,0,0,0,0,0
2020-05-11,PUDP,Pudjiadi Prestige Tbk.,--U9---1,278,0,0,0,278,0,0,0,0,34.7,260,41600,0,0,329560000,329560000,329560000,0,0,0,0,0
2020-05-08,PUDP,Pudjiadi Prestige Tbk.,--U9---1,278,0,0,0,278,0,0,0,0,34.7,260,100,0,0,329560000,329560000,329560000,0,0,0,0,0
2020-05-06,PUDP,Pudjiadi Prestige Tbk.,--U9---1,264,0,278,278,278,14,100,27800,1,34.7,246,100,0,0,329560000,329560000,329560000,0,0,0,0,0
2020-05-05,PUDP,Pudjiadi Prestige Tbk.,--U9---1,264,0,0,0,264,0,0,0,0,32.9,246,3000,0,0,329560000,329560000,329560000,0,0,0,0,0
2020-05-04,PUDP,Pudjiadi Prestige Tbk.,--U9---1,238,0,264,222,264,26,2400,544800,9,32.9,260,400,222,900,329560000,329560000,329560000,0,0,0,0,0
2020-04-30,PUDP,Pudjiadi Prestige Tbk.,--U9---1,244,0,264,238,238,-6,500,121600,2,29.7,238,2900,230,400,329560000,329560000,329560000,0,0,0,0,0
2020-04-29,PUDP,Pudjiadi Prestige Tbk.,--U9---1,202,0,246,204,244,42,3700,787200,6,30.4,236,2800,234,100,329560000,329560000,329560000,0,0,0,0,0
2020-04-28,PUDP,Pudjiadi Prestige Tbk.,--U9---1,202,0,0,0,202,0,0,0,0,25.2,246,400,204,100,329560000,329560000,329560000,0,0,0,0,0
2020-04-27,PUDP,Pudjiadi Prestige Tbk.,--U9---1,202,0,0,0,202,0,0,0,0,25.2,246,900,193,5000,329560000,329560000,329560000,0,0,0,0,0
2020-04-24,PUDP,Pudjiadi Prestige Tbk.,--U9---1,202,0,0,0,202,0,0,0,0,25.2,248,900,193,12100,329560000,329560000,329560000,0,0,0,0,0
2020-04-23,PUDP,Pudjiadi Prestige Tbk.,--U9---1,202,0,0,0,202,0,0,0,0,25.2,246,900,204,3000,329560000,329560000,329560000,0,0,0,0,0
2020-04-22,PUDP,Pudjiadi Prestige Tbk.,--U9---1,208,0,252,196,202,-6,12900,3041800,12,25.2,250,1000,206,2200,329560000,329560000,329560000,0,0,0,0,0
2020-04-21,PUDP,Pudjiadi Prestige Tbk.,--U9---1,208,0,0,0,208,0,0,0,0,25.9,252,900,197,4000,329560000,329560000,329560000,0,0,0,0,0
2020-04-20,PUDP,Pudjiadi Prestige Tbk.,--U9---1,208,0,0,0,208,0,0,0,0,25.9,252,900,199,2300,329560000,329560000,329560000,0,0,0,0,0
2020-04-17,PUDP,Pudjiadi Prestige Tbk.,--U9---1,208,0,0,0,208,0,0,0,0,25.9,252,900,212,1100,329560000,329560000,329560000,0,0,0,0,0
2020-04-16,PUDP,Pudjiadi Prestige Tbk.,--U9---1,222,0,210,208,208,-14,14500,3022000,3,25.9,258,2000,210,3000,329560000,329560000,329560000,0,0,0,0,0
2020-04-15,PUDP,Pudjiadi Prestige Tbk.,--U9---1,222,0,0,0,222,0,0,0,0,27.7,258,2200,210,3000,329560000,329560000,329560000,0,0,0,0,0
2020-04-14,PUDP,Pudjiadi Prestige Tbk.,--U9---1,222,0,0,0,222,0,0,0,0,27.7,258,2200,210,3000,329560000,329560000,329560000,0,0,0,0,0
2020-04-13,PUDP,Pudjiadi Prestige Tbk.,--U9---1,222,0,0,0,222,0,0,0,0,27.7,258,2200,212,3000,329560000,329560000,329560000,0,0,0,0,0
2020-04-09,PUDP,Pudjiadi Prestige Tbk.,--U9---1,222,0,0,0,222,0,0,0,0,27.7,258,2200,212,3000,329560000,329560000,329560000,0,0,0,0,0
2020-04-08,PUDP,Pudjiadi Prestige Tbk.,--U9---1,222,0,0,0,222,0,0,0,0,27.7,258,2200,212,3000,329560000,329560000,329560000,0,0,0,0,0
2020-04-07,PUDP,Pudjiadi Prestige Tbk.,--U9---1,222,0,0,0,222,0,0,0,0,27.7,258,2200,212,3000,329560000,329560000,329560000,0,0,0,0,0
2020-04-06,PUDP,Pudjiadi Prestige Tbk.,--U9---1,222,0,0,0,222,0,0,0,0,27.7,258,2200,212,3000,329560000,329560000,329560000,0,0,0,0,0
2020-04-03,PUDP,Pudjiadi Prestige Tbk.,--U9---1,222,0,0,0,222,0,0,0,0,27.7,258,2200,214,5000,329560000,329560000,329560000,0,0,0,0,0
2020-04-02,PUDP,Pudjiadi Prestige Tbk.,--U9---1,222,0,0,0,222,0,0,0,0,27.7,258,2200,0,0,329560000,329560000,329560000,0,0,0,0,0
2020-04-01,PUDP,Pudjiadi Prestige Tbk.,--U9---1,222,0,0,0,222,0,0,0,0,27.7,258,2200,212,3000,329560000,329560000,329560000,0,0,0,0,0
2020-03-31,PUDP,Pudjiadi Prestige Tbk.,--U9---1,222,0,0,0,222,0,0,0,0,27.7,258,2500,0,0,329560000,329560000,329560000,0,0,0,0,0
2020-03-30,PUDP,Pudjiadi Prestige Tbk.,--U9---1,222,0,0,0,222,0,0,0,0,27.7,258,2200,0,0,329560000,329560000,329560000,0,0,0,0,0
2020-03-27,PUDP,Pudjiadi Prestige Tbk.,--U9---1,222,0,0,0,222,0,0,0,0,27.7,258,3000,230,5000,329560000,329560000,329560000,0,0,0,0,0
2020-03-26,PUDP,Pudjiadi Prestige Tbk.,--U9---1,222,0,0,0,222,0,0,0,0,27.7,260,3000,232,900,329560000,329560000,329560000,0,0,0,0,0
2020-03-24,PUDP,Pudjiadi Prestige Tbk.,--U9---1,222,0,0,0,222,0,0,0,0,27.7,238,1000,0,0,329560000,329560000,329560000,0,0,0,0,0
2020-03-23,PUDP,Pudjiadi Prestige Tbk.,--U9---1,222,0,0,0,222,0,0,0,0,27.7,260,2000,0,0,329560000,329560000,329560000,0,0,0,0,0
2020-03-20,PUDP,Pudjiadi Prestige Tbk.,--U9---1,222,0,0,0,222,0,0,0,0,27.7,250,30000,218,3300,329560000,329560000,329560000,0,0,0,0,0
2020-03-19,PUDP,Pudjiadi Prestige Tbk.,--U9---1,230,0,222,216,222,-8,2100,465600,6,27.7,270,200,222,1900,329560000,329560000,329560000,0,0,0,0,0
2020-03-18,PUDP,Pudjiadi Prestige Tbk.,--U9---1,246,0,230,230,230,-16,2200,506000,2,28.7,278,800,230,2000,329560000,329560000,329560000,0,0,0,0,0
2020-03-17,PUDP,Pudjiadi Prestige Tbk.,--U9---1,246,0,0,0,246,0,0,0,0,30.7,288,300,0,0,329560000,329560000,329560000,0,0,0,0,0
2020-03-16,PUDP,Pudjiadi Prestige Tbk.,--U9---1,262,0,246,244,246,-16,2600,639400,3,30.7,294,300,246,1100,329560000,329560000,329560000,0,0,0,0,0
2020-03-13,PUDP,Pudjiadi Prestige Tbk.,--U9---1,262,0,0,0,262,0,0,0,0,32.7,262,200,244,200,329560000,329560000,329560000,0,0,0,0,0
2020-03-12,PUDP,Pudjiadi Prestige Tbk.,--U9---1,262,0,0,0,262,0,0,0,0,32.7,288,100,242,1000,329560000,329560000,329560000,0,0,0,0,0
2020-03-11,PUDP,Pudjiadi Prestige Tbk.,--U9---1,286,0,262,262,262,-24,2500,655000,2,32.7,262,1000,260,1000,329560000,329560000,329560000,0,0,0,0,0
2020-03-10,PUDP,Pudjiadi Prestige Tbk.,--U9---1,286,0,0,0,286,0,0,0,0,35.7,314,500,260,1000,329560000,329560000,329560000,0,0,0,0,0
2020-03-09,PUDP,Pudjiadi Prestige Tbk.,--U9---1,286,0,0,0,286,0,0,0,0,35.7,308,300,228,1000,329560000,329560000,329560000,0,0,0,0,0
2020-03-06,PUDP,Pudjiadi Prestige Tbk.,--U9---1,286,0,0,0,286,0,0,0,0,35.7,316,400,228,9000,329560000,329560000,329560000,0,0,0,0,0
2020-03-05,PUDP,Pudjiadi Prestige Tbk.,--U9---1,286,0,0,0,286,0,0,0,0,35.7,316,400,228,1000,329560000,329560000,329560000,0,0,0,0,0
2020-03-04,PUDP,Pudjiadi Prestige Tbk.,--U9---1,286,0,0,0,286,0,0,0,0,35.7,316,1700,226,1000,329560000,329560000,329560000,0,0,0,0,0
2020-03-03,PUDP,Pudjiadi Prestige Tbk.,--U9---1,286,0,0,0,286,0,0,0,0,35.7,316,400,224,4500,329560000,329560000,329560000,0,0,0,0,0
2020-03-02,PUDP,Pudjiadi Prestige Tbk.,--U9---1,286,0,0,0,286,0,0,0,0,35.7,314,400,244,1000,329560000,329560000,329560000,0,0,0,0,0
2020-02-28,PUDP,Pudjiadi Prestige Tbk.,--U9---1,286,0,0,0,286,0,0,0,0,35.7,280,500,222,10000,329560000,329560000,329560000,0,0,0,0,0
2020-02-27,PUDP,Pudjiadi Prestige Tbk.,--U9---1,286,0,0,0,286,0,0,0,0,35.7,330,400,244,300,329560000,329560000,329560000,0,0,0,0,0
2020-02-26,PUDP,Pudjiadi Prestige Tbk.,--U9---1,286,0,0,0,286,0,0,0,0,35.7,334,1300,220,100,329560000,329560000,329560000,0,0,0,0,0
2020-02-25,PUDP,Pudjiadi Prestige Tbk.,--U9---1,286,0,0,0,286,0,0,0,0,35.7,302,300,272,2000,329560000,329560000,329560000,0,0,0,0,0
2020-02-24,PUDP,Pudjiadi Prestige Tbk.,--U9---1,286,0,0,0,286,0,0,0,0,35.7,336,400,284,5000,329560000,329560000,329560000,0,0,0,0,0
2020-02-21,PUDP,Pudjiadi Prestige Tbk.,--U9---1,290,0,286,286,286,-4,700,200200,2,35.7,294,500,288,400,329560000,329560000,329560000,0,0,0,0,0
2020-02-20,PUDP,Pudjiadi Prestige Tbk.,--U9---1,290,0,290,290,290,0,10000,2900000,1,36.2,310,100,286,10000,329560000,329560000,329560000,0,0,0,0,0
2020-02-19,PUDP,Pudjiadi Prestige Tbk.,--U9---1,290,0,0,0,290,0,0,0,0,36.2,336,200,286,200,329560000,329560000,329560000,0,0,0,0,0
2020-02-18,PUDP,Pudjiadi Prestige Tbk.,--U9---1,290,0,0,0,290,0,0,0,0,36.2,334,500,282,1300,329560000,329560000,329560000,0,0,0,0,0
2020-02-17,PUDP,Pudjiadi Prestige Tbk.,--U9---1,290,0,0,0,290,0,0,0,0,36.2,336,200,286,300,329560000,329560000,329560000,0,0,0,0,0
2020-02-14,PUDP,Pudjiadi Prestige Tbk.,--U9---1,290,0,0,0,290,0,0,0,0,36.2,320,100,286,2500,329560000,329560000,329560000,0,0,0,0,0
2020-02-13,PUDP,Pudjiadi Prestige Tbk.,--U9---1,292,0,292,290,290,-2,1100,321000,2,36.2,328,300,290,200,329560000,329560000,329560000,0,0,0,0,0
2020-02-12,PUDP,Pudjiadi Prestige Tbk.,--U9---1,294,0,292,292,292,-2,600,175200,2,36.4,310,100,292,1000,329560000,329560000,329560000,0,0,0,0,0
2020-02-11,PUDP,Pudjiadi Prestige Tbk.,--U9---1,300,0,294,294,294,-6,400,117600,2,36.7,318,100,294,4200,329560000,329560000,329560000,0,0,0,0,0
2020-02-10,PUDP,Pudjiadi Prestige Tbk.,--U9---1,300,0,0,0,300,0,0,0,0,37.4,300,400,296,600,329560000,329560000,329560000,0,0,0,0,0
2020-02-07,PUDP,Pudjiadi Prestige Tbk.,--U9---1,300,0,0,0,300,0,0,0,0,37.4,308,600,294,600,329560000,329560000,329560000,0,0,0,0,0
2020-02-06,PUDP,Pudjiadi Prestige Tbk.,--U9---1,300,0,0,0,300,0,0,0,0,37.4,306,100,294,600,329560000,329560000,329560000,0,0,0,0,0
2020-02-05,PUDP,Pudjiadi Prestige Tbk.,--U9---1,300,0,300,300,300,0,2500,750000,1,37.4,298,600,292,5000,329560000,329560000,329560000,0,0,0,0,0
2020-02-04,PUDP,Pudjiadi Prestige Tbk.,--U9---1,308,0,300,300,300,-8,100,30000,1,37.4,344,100,298,100,329560000,329560000,329560000,0,0,0,0,0
2020-02-03,PUDP,Pudjiadi Prestige Tbk.,--U9---1,308,0,0,0,308,0,0,0,0,38.4,306,100,302,100,329560000,329560000,329560000,0,0,0,0,0
2020-01-31,PUDP,Pudjiadi Prestige Tbk.,--U9---1,326,0,308,304,308,-18,400,122400,3,38.4,308,100,306,300,329560000,329560000,329560000,0,0,0,0,0
2020-01-30,PUDP,Pudjiadi Prestige Tbk.,--U9---1,326,0,0,0,326,0,0,0,0,40.7,316,300,306,200,329560000,329560000,329560000,0,0,0,0,0
2020-01-29,PUDP,Pudjiadi Prestige Tbk.,--U9---1,326,0,0,0,326,0,0,0,0,40.7,326,70000,306,12100,329560000,329560000,329560000,0,0,0,0,0
2020-01-28,PUDP,Pudjiadi Prestige Tbk.,--U9---1,326,0,0,0,326,0,0,0,0,40.7,326,400,308,100,329560000,329560000,329560000,0,0,0,0,0
2020-01-27,PUDP,Pudjiadi Prestige Tbk.,--U9---1,326,0,0,0,326,0,0,0,0,40.7,346,400,304,5200,329560000,329560000,329560000,0,0,0,0,0
2020-01-24,PUDP,Pudjiadi Prestige Tbk.,--U9---1,326,0,0,0,326,0,0,0,0,40.7,326,400,296,500,329560000,329560000,329560000,0,0,0,0,0
2020-01-23,PUDP,Pudjiadi Prestige Tbk.,--U9---1,322,0,326,324,326,4,6300,2053200,3,40.7,326,400,324,700,329560000,329560000,329560000,0,0,0,0,0
2020-01-22,PUDP,Pudjiadi Prestige Tbk.,--U9---1,310,0,322,322,322,12,100,32200,1,40.2,318,400,300,5600,329560000,329560000,329560000,0,0,0,0,0
2020-01-21,PUDP,Pudjiadi Prestige Tbk.,--U9---1,310,0,0,0,310,0,0,0,0,38.7,324,300,290,5000,329560000,329560000,329560000,0,0,0,0,0
2020-01-20,PUDP,Pudjiadi Prestige Tbk.,--U9---1,310,0,0,0,310,0,0,0,0,38.7,326,5100,292,5100,329560000,329560000,329560000,0,0,0,0,0
2020-01-17,PUDP,Pudjiadi Prestige Tbk.,--U9---1,310,0,0,0,310,0,0,0,0,38.7,324,300,290,500,329560000,329560000,329560000,0,0,0,0,0
2020-01-16,PUDP,Pudjiadi Prestige Tbk.,--U9---1,310,0,0,0,310,0,0,0,0,38.7,326,5100,294,6200,329560000,329560000,329560000,0,0,0,0,0
2020-01-15,PUDP,Pudjiadi Prestige Tbk.,--U9---1,310,0,0,0,310,0,0,0,0,38.7,382,100,288,100,329560000,329560000,329560000,0,0,0,0,0
2020-01-14,PUDP,Pudjiadi Prestige Tbk.,--U9---1,310,0,0,0,310,0,0,0,0,38.7,324,600,294,100,329560000,329560000,329560000,0,0,0,0,0
2020-01-13,PUDP,Pudjiadi Prestige Tbk.,--U9---1,290,0,310,290,310,20,10100,2931000,2,38.7,318,300,294,30100,329560000,329560000,329560000,0,0,0,0,0
2020-01-10,PUDP,Pudjiadi Prestige Tbk.,--U9---1,302,0,290,290,290,-12,500,145000,1,36.2,320,100,290,500,329560000,329560000,329560000,0,0,0,0,0
2020-01-09,PUDP,Pudjiadi Prestige Tbk.,--U9---1,302,0,0,0,302,0,0,0,0,37.7,324,500,290,500,329560000,329560000,329560000,0,0,0,0,0
2020-01-08,PUDP,Pudjiadi Prestige Tbk.,--U9---1,302,0,0,0,302,0,0,0,0,37.7,330,5100,300,100,329560000,329560000,329560000,0,0,0,0,0
2020-01-07,PUDP,Pudjiadi Prestige Tbk.,--U9---1,302,0,0,0,302,0,0,0,0,37.7,358,300,302,1000,329560000,329560000,329560000,0,0,0,0,0
2020-01-06,PUDP,Pudjiadi Prestige Tbk.,--U9---1,302,0,0,0,302,0,0,0,0,37.7,348,200,302,100,329560000,329560000,329560000,0,0,0,0,0
2020-01-03,PUDP,Pudjiadi Prestige Tbk.,--U9---1,302,0,0,0,302,0,0,0,0,37.7,346,100,304,100,329560000,329560000,329560000,0,0,0,0,0
2020-01-02,PUDP,Pudjiadi Prestige Tbk.,--U9---1,300,0,302,302,302,2,2000,604000,2,37.7,370,100,302,4000,329560000,329560000,329560000,0,0,0,0,0
